56
0 2147483647 2147483647 2147483647 2147483647 2147483647 2147483647 2147483647 2147483647 2147483647 2147483647 2147483647 2147483647 2147483647 2147483647 2147483647 2147483647 2147483647 2147483647 2147483647 2147483647 2147483647 2147483647 2147483647 2147483647 2147483647 2147483647 2147483647 2147483647 2147483647 2147483647 2147483647 2147483647 2147483647 2147483647 2147483647 2147483647 2147483647 2147483647 2147483647 2147483647 2147483647 2147483647 2147483647 2147483647 2147483647 2147483647 2147483647 2147483647 2147483647 2147483647 2147483647 2147483647 2147483647 2147483647 2147483647 
1 0 1 2 3 4 2147483647 2147483647 2147483647 2147483647 2147483647 2147483647 2147483647 2147483647 2147483647 2147483647 2147483647 2147483647 2147483647 2147483647 2147483647 2147483647 2147483647 2147483647 2147483647 2147483647 2147483647 2147483647 2147483647 2147483647 2147483647 2147483647 2147483647 2147483647 2147483647 2147483647 2147483647 2147483647 2147483647 2147483647 2147483647 2147483647 2147483647 2147483647 2147483647 2147483647 2147483647 2147483647 2147483647 2147483647 2147483647 2147483647 2147483647 2147483647 2147483647 2147483647 
2 1 0 1 2 3 2147483647 2147483647 2147483647 2147483647 2147483647 2147483647 2147483647 2147483647 2147483647 2147483647 2147483647 2147483647 2147483647 2147483647 2147483647 2147483647 2147483647 2147483647 2147483647 2147483647 2147483647 2147483647 2147483647 2147483647 2147483647 2147483647 2147483647 2147483647 2147483647 2147483647 2147483647 2147483647 2147483647 2147483647 2147483647 2147483647 2147483647 2147483647 2147483647 2147483647 2147483647 2147483647 2147483647 2147483647 2147483647 2147483647 2147483647 2147483647 2147483647 2147483647 
3 2 1 0 1 2 2147483647 2147483647 2147483647 2147483647 2147483647 2147483647 2147483647 2147483647 2147483647 2147483647 2147483647 2147483647 2147483647 2147483647 2147483647 2147483647 2147483647 2147483647 2147483647 2147483647 2147483647 2147483647 2147483647 2147483647 2147483647 2147483647 2147483647 2147483647 2147483647 2147483647 2147483647 2147483647 2147483647 2147483647 2147483647 2147483647 2147483647 2147483647 2147483647 2147483647 2147483647 2147483647 2147483647 2147483647 2147483647 2147483647 2147483647 2147483647 2147483647 2147483647 
4 3 2 1 0 1 2147483647 2147483647 2147483647 2147483647 2147483647 2147483647 2147483647 2147483647 2147483647 2147483647 2147483647 2147483647 2147483647 2147483647 2147483647 2147483647 2147483647 2147483647 2147483647 2147483647 2147483647 2147483647 2147483647 2147483647 2147483647 2147483647 2147483647 2147483647 2147483647 2147483647 2147483647 2147483647 2147483647 2147483647 2147483647 2147483647 2147483647 2147483647 2147483647 2147483647 2147483647 2147483647 2147483647 2147483647 2147483647 2147483647 2147483647 2147483647 2147483647 2147483647 
2147483647 2147483647 2147483647 2147483647 2147483647 0 2147483647 2147483647 2147483647 2147483647 2147483647 2147483647 2147483647 2147483647 2147483647 2147483647 2147483647 2147483647 2147483647 2147483647 2147483647 2147483647 2147483647 2147483647 2147483647 2147483647 2147483647 2147483647 2147483647 2147483647 2147483647 2147483647 2147483647 2147483647 2147483647 2147483647 2147483647 2147483647 2147483647 2147483647 2147483647 2147483647 2147483647 2147483647 2147483647 2147483647 2147483647 2147483647 2147483647 2147483647 2147483647 2147483647 2147483647 2147483647 2147483647 2147483647 
1 2147483647 2147483647 2147483647 2147483647 2147483647 0 2147483647 2147483647 2147483647 1 2147483647 2147483647 2147483647 2147483647 2147483647 2147483647 2147483647 2147483647 2147483647 2147483647 2147483647 2147483647 2147483647 2147483647 2147483647 2147483647 2147483647 2147483647 2147483647 2147483647 2147483647 2147483647 2147483647 2147483647 2147483647 2147483647 2147483647 2147483647 2147483647 2147483647 2147483647 2147483647 2147483647 2147483647 2147483647 2147483647 2147483647 2147483647 2147483647 2147483647 2147483647 2147483647 2147483647 2147483647 2147483647 
2 1 2 3 4 5 2147483647 0 4 5 2 1 2 3 4 2 5 4 5 4 3 4 6 15 14 13 12 11 12 5 4 5 6 7 8 9 13 12 11 10 9 8 7 6 5 6 7 8 9 10 15 14 13 12 11 12 
4 3 2 1 2 3 2147483647 4 0 3 4 3 2 1 2 4 3 2 3 6 5 4 4 17 16 15 14 13 14 7 6 5 6 5 6 7 15 14 13 12 11 10 9 8 7 6 7 6 7 8 17 16 15 14 13 14 
13 12 13 12 1 2 2147483647 11 11 0 11 10 9 10 1 9 8 9 2 9 8 7 3 18 17 16 15 14 15 8 7 6 5 4 5 6 16 15 14 13 12 11 10 9 8 7 6 5 6 7 18 17 16 15 14 15 
2147483647 2147483647 2147483647 2147483647 2147483647 2147483647 2147483647 2147483647 2147483647 2147483647 0 2147483647 2147483647 2147483647 2147483647 2147483647 2147483647 2147483647 2147483647 2147483647 2147483647 2147483647 2147483647 2147483647 2147483647 2147483647 2147483647 2147483647 2147483647 2147483647 2147483647 2147483647 2147483647 2147483647 2147483647 2147483647 2147483647 2147483647 2147483647 2147483647 2147483647 2147483647 2147483647 2147483647 2147483647 2147483647 2147483647 2147483647 2147483647 2147483647 2147483647 2147483647 2147483647 2147483647 2147483647 2147483647 
3 2 3 4 5 6 2147483647 1 3 4 1 0 1 2 3 1 4 3 4 3 2 3 5 14 13 12 11 10 11 4 3 4 5 6 7 8 12 11 10 9 8 7 6 5 4 5 6 7 8 9 14 13 12 11 10 11 
4 3 4 3 4 5 2147483647 2 2 3 2 1 0 1 2 2 3 2 3 4 3 4 4 15 14 13 12 11 12 5 4 5 6 5 6 7 13 12 11 10 9 8 7 6 5 6 7 6 7 8 15 14 13 12 11 12 
5 4 3 2 3 4 2147483647 3 1 2 3 2 1 0 1 3 2 1 2 5 4 3 3 16 15 14 13 12 13 6 5 4 5 4 5 6 14 13 12 11 10 9 8 7 6 5 6 5 6 7 16 15 14 13 12 13 
12 11 12 11 2 3 2147483647 10 10 1 10 9 8 9 0 8 7 8 1 8 7 6 2 17 16 15 14 13 14 7 6 5 4 3 4 5 15 14 13 12 11 10 9 8 7 6 5 4 5 6 17 16 15 14 13 14 
4 3 4 5 6 7 2147483647 2 4 5 2 1 2 3 4 0 3 4 5 2 1 2 6 13 12 11 10 9 10 3 2 3 4 5 6 7 11 10 9 8 7 6 5 4 3 4 5 6 7 8 13 12 11 10 9 10 
5 4 5 4 5 6 2147483647 3 3 4 3 2 1 2 3 1 0 1 2 3 2 1 3 14 13 12 11 10 11 4 3 2 3 4 5 6 12 11 10 9 8 7 6 5 4 3 4 5 6 7 14 13 12 11 10 11 
6 5 6 5 4 5 2147483647 4 4 3 4 3 2 3 2 2 1 0 1 4 3 2 2 15 14 13 12 11 12 5 4 3 4 3 4 5 13 12 11 10 9 8 7 6 5 4 5 4 5 6 15 14 13 12 11 12 
11 10 11 10 3 4 2147483647 9 9 2 9 8 7 8 1 7 6 7 0 7 6 5 1 16 15 14 13 12 13 6 5 4 3 2 3 4 14 13 12 11 10 9 8 7 6 5 4 3 4 5 16 15 14 13 12 13 
2147483647 2147483647 2147483647 2147483647 2147483647 2147483647 2147483647 2147483647 2147483647 2147483647 2147483647 2147483647 2147483647 2147483647 2147483647 2147483647 2147483647 2147483647 2147483647 0 2147483647 2147483647 2147483647 2147483647 2147483647 2147483647 2147483647 2147483647 2147483647 2147483647 2147483647 2147483647 2147483647 2147483647 2147483647 2147483647 2147483647 2147483647 2147483647 2147483647 2147483647 2147483647 2147483647 2147483647 2147483647 2147483647 2147483647 2147483647 2147483647 2147483647 2147483647 2147483647 2147483647 2147483647 2147483647 2147483647 
5 4 5 6 7 8 2147483647 3 5 6 3 2 3 4 5 1 2 3 4 1 0 1 5 12 11 10 9 8 9 2 1 2 3 4 5 6 10 9 8 7 6 5 4 3 2 3 4 5 6 7 12 11 10 9 8 9 
6 5 6 5 6 7 2147483647 4 4 5 4 3 2 3 4 2 1 2 3 4 3 0 4 13 12 11 10 9 10 3 2 1 2 3 4 5 11 10 9 8 7 6 5 4 3 2 3 4 5 6 13 12 11 10 9 10 
10 9 10 9 4 5 2147483647 8 8 3 8 7 6 7 2 6 5 6 1 6 5 4 0 15 14 13 12 11 12 5 4 3 2 1 2 3 13 12 11 10 9 8 7 6 5 4 3 2 3 4 15 14 13 12 11 12 
2147483647 2147483647 2147483647 2147483647 2147483647 2147483647 2147483647 2147483647 2147483647 2147483647 2147483647 2147483647 2147483647 2147483647 2147483647 2147483647 2147483647 2147483647 2147483647 2147483647 2147483647 2147483647 2147483647 0 2147483647 2147483647 2147483647 2147483647 2147483647 2147483647 2147483647 2147483647 2147483647 2147483647 2147483647 2147483647 2147483647 2147483647 2147483647 2147483647 2147483647 2147483647 2147483647 2147483647 2147483647 2147483647 2147483647 2147483647 2147483647 2147483647 2147483647 2147483647 2147483647 2147483647 2147483647 2147483647 
2147483647 2147483647 2147483647 2147483647 2147483647 2147483647 2147483647 2147483647 2147483647 2147483647 2147483647 2147483647 2147483647 2147483647 2147483647 2147483647 2147483647 2147483647 2147483647 2147483647 2147483647 2147483647 2147483647 1 0 1 2 3 4 2147483647 2147483647 2147483647 2147483647 2147483647 2147483647 2147483647 2147483647 2147483647 2147483647 2147483647 2147483647 2147483647 2147483647 2147483647 2147483647 2147483647 2147483647 2147483647 2147483647 2147483647 2147483647 2147483647 2147483647 2147483647 2147483647 2147483647 
2147483647 2147483647 2147483647 2147483647 2147483647 2147483647 2147483647 2147483647 2147483647 2147483647 2147483647 2147483647 2147483647 2147483647 2147483647 2147483647 2147483647 2147483647 2147483647 2147483647 2147483647 2147483647 2147483647 2 1 0 1 2 3 2147483647 2147483647 2147483647 2147483647 2147483647 2147483647 2147483647 2147483647 2147483647 2147483647 2147483647 2147483647 2147483647 2147483647 2147483647 2147483647 2147483647 2147483647 2147483647 2147483647 2147483647 2147483647 2147483647 2147483647 2147483647 2147483647 2147483647 
2147483647 2147483647 2147483647 2147483647 2147483647 2147483647 2147483647 2147483647 2147483647 2147483647 2147483647 2147483647 2147483647 2147483647 2147483647 2147483647 2147483647 2147483647 2147483647 2147483647 2147483647 2147483647 2147483647 3 2 1 0 1 2 2147483647 2147483647 2147483647 2147483647 2147483647 2147483647 2147483647 2147483647 2147483647 2147483647 2147483647 2147483647 2147483647 2147483647 2147483647 2147483647 2147483647 2147483647 2147483647 2147483647 2147483647 2147483647 2147483647 2147483647 2147483647 2147483647 2147483647 
2147483647 2147483647 2147483647 2147483647 2147483647 2147483647 2147483647 2147483647 2147483647 2147483647 2147483647 2147483647 2147483647 2147483647 2147483647 2147483647 2147483647 2147483647 2147483647 2147483647 2147483647 2147483647 2147483647 4 3 2 1 0 1 2147483647 2147483647 2147483647 2147483647 2147483647 2147483647 2147483647 2147483647 2147483647 2147483647 2147483647 2147483647 2147483647 2147483647 2147483647 2147483647 2147483647 2147483647 2147483647 2147483647 2147483647 2147483647 2147483647 2147483647 2147483647 2147483647 2147483647 
2147483647 2147483647 2147483647 2147483647 2147483647 2147483647 2147483647 2147483647 2147483647 2147483647 2147483647 2147483647 2147483647 2147483647 2147483647 2147483647 2147483647 2147483647 2147483647 2147483647 2147483647 2147483647 2147483647 2147483647 2147483647 2147483647 2147483647 2147483647 0 2147483647 2147483647 2147483647 2147483647 2147483647 2147483647 2147483647 2147483647 2147483647 2147483647 2147483647 2147483647 2147483647 2147483647 2147483647 2147483647 2147483647 2147483647 2147483647 2147483647 2147483647 2147483647 2147483647 2147483647 2147483647 2147483647 2147483647 
2147483647 2147483647 2147483647 2147483647 2147483647 2147483647 2147483647 2147483647 2147483647 2147483647 2147483647 2147483647 2147483647 2147483647 2147483647 2147483647 2147483647 2147483647 2147483647 1 2147483647 2147483647 2147483647 10 9 8 7 6 7 0 2147483647 2147483647 2147483647 2147483647 2147483647 2147483647 8 7 6 5 4 3 2 1 10 11 12 13 14 15 10 9 8 7 6 7 
6 5 6 7 8 9 2147483647 4 6 7 4 3 4 5 6 2 3 4 5 2 1 2 4 11 10 9 8 7 8 1 0 1 2 3 4 5 9 8 7 6 5 4 3 2 1 2 3 4 5 6 11 10 9 8 7 8 
7 6 7 6 7 8 2147483647 5 5 6 5 4 3 4 5 3 2 3 4 3 2 1 3 12 11 10 9 8 9 2 1 0 1 2 3 4 10 9 8 7 6 5 4 3 2 1 2 3 4 5 12 11 10 9 8 9 
8 7 8 7 6 7 2147483647 6 6 5 6 5 4 5 4 4 3 4 3 4 3 2 2 13 12 11 10 9 10 3 2 1 0 1 2 3 11 10 9 8 7 6 5 4 3 2 3 2 3 4 13 12 11 10 9 10 
9 8 9 8 5 6 2147483647 7 7 4 7 6 5 6 3 5 4 5 2 5 4 3 1 14 13 12 11 10 11 4 3 2 1 0 1 2 12 11 10 9 8 7 6 5 4 3 2 1 2 3 14 13 12 11 10 11 
10 9 10 9 6 7 2147483647 8 8 5 8 7 6 7 4 6 5 6 3 6 5 4 2 15 14 13 12 11 12 5 4 3 2 1 0 1 13 12 11 10 9 8 7 6 5 4 3 2 3 4 15 14 13 12 11 12 
2147483647 2147483647 2147483647 2147483647 2147483647 2147483647 2147483647 2147483647 2147483647 2147483647 2147483647 2147483647 2147483647 2147483647 2147483647 2147483647 2147483647 2147483647 2147483647 2147483647 2147483647 2147483647 2147483647 2147483647 2147483647 2147483647 2147483647 2147483647 2147483647 2147483647 2147483647 2147483647 2147483647 2147483647 2147483647 0 2147483647 2147483647 2147483647 2147483647 2147483647 2147483647 2147483647 2147483647 2147483647 2147483647 2147483647 2147483647 2147483647 2147483647 2147483647 2147483647 2147483647 2147483647 2147483647 2147483647 
2147483647 2147483647 2147483647 2147483647 2147483647 2147483647 2147483647 2147483647 2147483647 2147483647 2147483647 2147483647 2147483647 2147483647 2147483647 2147483647 2147483647 2147483647 2147483647 2147483647 2147483647 2147483647 2147483647 2 1 2147483647 2147483647 2147483647 2147483647 2147483647 2147483647 2147483647 2147483647 2147483647 2147483647 2147483647 0 2147483647 2147483647 2147483647 2147483647 2147483647 2147483647 2147483647 2147483647 2147483647 2147483647 2147483647 2147483647 2147483647 2 1 2147483647 2147483647 2147483647 2147483647 
2147483647 2147483647 2147483647 2147483647 2147483647 2147483647 2147483647 2147483647 2147483647 2147483647 2147483647 2147483647 2147483647 2147483647 2147483647 2147483647 2147483647 2147483647 2147483647 2147483647 2147483647 2147483647 2147483647 3 2 1 2 3 4 2147483647 2147483647 2147483647 2147483647 2147483647 2147483647 2147483647 1 0 1 2 3 4 5 6 7 8 9 10 11 12 3 2 1 2 3 4 
2147483647 2147483647 2147483647 2147483647 2147483647 2147483647 2147483647 2147483647 2147483647 2147483647 2147483647 2147483647 2147483647 2147483647 2147483647 2147483647 2147483647 2147483647 2147483647 2147483647 2147483647 2147483647 2147483647 4 3 2 1 2 3 2147483647 2147483647 2147483647 2147483647 2147483647 2147483647 2147483647 2 1 0 1 2 3 4 5 6 7 8 9 10 11 4 3 2 1 2 3 
2147483647 2147483647 2147483647 2147483647 2147483647 2147483647 2147483647 2147483647 2147483647 2147483647 2147483647 2147483647 2147483647 2147483647 2147483647 2147483647 2147483647 2147483647 2147483647 2147483647 2147483647 2147483647 2147483647 5 4 3 2 1 2 2147483647 2147483647 2147483647 2147483647 2147483647 2147483647 2147483647 3 2 1 0 1 2 3 4 5 6 7 8 9 10 5 4 3 2 1 2 
2147483647 2147483647 2147483647 2147483647 2147483647 2147483647 2147483647 2147483647 2147483647 2147483647 2147483647 2147483647 2147483647 2147483647 2147483647 2147483647 2147483647 2147483647 2147483647 2147483647 2147483647 2147483647 2147483647 6 5 4 3 2 1 2147483647 2147483647 2147483647 2147483647 2147483647 2147483647 2147483647 4 3 2 1 0 1 2 3 4 5 6 7 8 9 6 5 4 3 2 1 
2147483647 2147483647 2147483647 2147483647 2147483647 2147483647 2147483647 2147483647 2147483647 2147483647 2147483647 2147483647 2147483647 2147483647 2147483647 2147483647 2147483647 2147483647 2147483647 2147483647 2147483647 2147483647 2147483647 7 6 5 4 3 4 2147483647 2147483647 2147483647 2147483647 2147483647 2147483647 2147483647 5 4 3 2 1 0 1 2 3 4 5 6 7 8 7 6 5 4 3 4 
2147483647 2147483647 2147483647 2147483647 2147483647 2147483647 2147483647 2147483647 2147483647 2147483647 2147483647 2147483647 2147483647 2147483647 2147483647 2147483647 2147483647 2147483647 2147483647 2147483647 2147483647 2147483647 2147483647 8 7 6 5 4 5 2147483647 2147483647 2147483647 2147483647 2147483647 2147483647 2147483647 6 5 4 3 2 1 0 1 2 3 4 5 6 7 8 7 6 5 4 5 
2147483647 2147483647 2147483647 2147483647 2147483647 2147483647 2147483647 2147483647 2147483647 2147483647 2147483647 2147483647 2147483647 2147483647 2147483647 2147483647 2147483647 2147483647 2147483647 2147483647 2147483647 2147483647 2147483647 9 8 7 6 5 6 2147483647 2147483647 2147483647 2147483647 2147483647 2147483647 2147483647 7 6 5 4 3 2 1 0 1 2 3 4 5 6 9 8 7 6 5 6 
2147483647 2147483647 2147483647 2147483647 2147483647 2147483647 2147483647 2147483647 2147483647 2147483647 2147483647 2147483647 2147483647 2147483647 2147483647 2147483647 2147483647 2147483647 2147483647 2147483647 2147483647 2147483647 2147483647 10 9 8 7 6 7 2147483647 2147483647 2147483647 2147483647 2147483647 2147483647 2147483647 8 7 6 5 4 3 2 1 0 1 2 3 4 5 10 9 8 7 6 7 
2147483647 2147483647 2147483647 2147483647 2147483647 2147483647 2147483647 2147483647 2147483647 2147483647 2147483647 2147483647 2147483647 2147483647 2147483647 2147483647 2147483647 2147483647 2147483647 2147483647 2147483647 2147483647 2147483647 11 10 9 8 7 8 2147483647 2147483647 2147483647 2147483647 2147483647 2147483647 2147483647 9 8 7 6 5 4 3 2 1 0 1 2 3 4 11 10 9 8 7 8 
2147483647 2147483647 2147483647 2147483647 2147483647 2147483647 2147483647 2147483647 2147483647 2147483647 2147483647 2147483647 2147483647 2147483647 2147483647 2147483647 2147483647 2147483647 2147483647 2147483647 2147483647 2147483647 2147483647 12 11 10 9 8 9 2147483647 2147483647 2147483647 2147483647 2147483647 2147483647 2147483647 10 9 8 7 6 5 4 3 2 1 0 1 2 3 12 11 10 9 8 9 
2147483647 2147483647 2147483647 2147483647 2147483647 2147483647 2147483647 2147483647 2147483647 2147483647 2147483647 2147483647 2147483647 2147483647 2147483647 2147483647 2147483647 2147483647 2147483647 2147483647 2147483647 2147483647 2147483647 13 12 11 10 9 10 2147483647 2147483647 2147483647 2147483647 2147483647 2147483647 2147483647 11 10 9 8 7 6 5 4 3 2 1 0 1 2 13 12 11 10 9 10 
2147483647 2147483647 2147483647 2147483647 2147483647 2147483647 2147483647 2147483647 2147483647 2147483647 2147483647 2147483647 2147483647 2147483647 2147483647 2147483647 2147483647 2147483647 2147483647 2147483647 2147483647 2147483647 2147483647 14 13 12 11 10 11 2147483647 2147483647 2147483647 2147483647 2147483647 2147483647 2147483647 12 11 10 9 8 7 6 5 4 3 2 1 0 1 14 13 12 11 10 11 
2147483647 2147483647 2147483647 2147483647 2147483647 2147483647 2147483647 2147483647 2147483647 2147483647 2147483647 2147483647 2147483647 2147483647 2147483647 2147483647 2147483647 2147483647 2147483647 2147483647 2147483647 2147483647 2147483647 2147483647 2147483647 2147483647 2147483647 2147483647 2147483647 2147483647 2147483647 2147483647 2147483647 2147483647 2147483647 2147483647 2147483647 2147483647 2147483647 2147483647 2147483647 2147483647 2147483647 2147483647 2147483647 2147483647 2147483647 2147483647 2147483647 0 2147483647 2147483647 2147483647 2147483647 2147483647 2147483647 
2147483647 2147483647 2147483647 2147483647 2147483647 2147483647 2147483647 2147483647 2147483647 2147483647 2147483647 2147483647 2147483647 2147483647 2147483647 2147483647 2147483647 2147483647 2147483647 2147483647 2147483647 2147483647 2147483647 2147483647 2147483647 2147483647 2147483647 2147483647 2147483647 2147483647 2147483647 2147483647 2147483647 2147483647 2147483647 2147483647 2147483647 2147483647 2147483647 2147483647 2147483647 2147483647 2147483647 2147483647 2147483647 2147483647 2147483647 2147483647 2147483647 2147483647 0 2147483647 2147483647 2147483647 2147483647 2147483647 
2147483647 2147483647 2147483647 2147483647 2147483647 2147483647 2147483647 2147483647 2147483647 2147483647 2147483647 2147483647 2147483647 2147483647 2147483647 2147483647 2147483647 2147483647 2147483647 2147483647 2147483647 2147483647 2147483647 2147483647 2147483647 2147483647 2147483647 2147483647 2147483647 2147483647 2147483647 2147483647 2147483647 2147483647 2147483647 2147483647 2147483647 2147483647 2147483647 2147483647 2147483647 2147483647 2147483647 2147483647 2147483647 2147483647 2147483647 2147483647 2147483647 2147483647 1 0 1 2 3 4 
2147483647 2147483647 2147483647 2147483647 2147483647 2147483647 2147483647 2147483647 2147483647 2147483647 2147483647 2147483647 2147483647 2147483647 2147483647 2147483647 2147483647 2147483647 2147483647 2147483647 2147483647 2147483647 2147483647 2147483647 2147483647 2147483647 2147483647 2147483647 2147483647 2147483647 2147483647 2147483647 2147483647 2147483647 2147483647 2147483647 2147483647 2147483647 2147483647 2147483647 2147483647 2147483647 2147483647 2147483647 2147483647 2147483647 2147483647 2147483647 2147483647 2147483647 2 1 0 1 2 3 
2147483647 2147483647 2147483647 2147483647 2147483647 2147483647 2147483647 2147483647 2147483647 2147483647 2147483647 2147483647 2147483647 2147483647 2147483647 2147483647 2147483647 2147483647 2147483647 2147483647 2147483647 2147483647 2147483647 2147483647 2147483647 2147483647 2147483647 2147483647 2147483647 2147483647 2147483647 2147483647 2147483647 2147483647 2147483647 2147483647 2147483647 2147483647 2147483647 2147483647 2147483647 2147483647 2147483647 2147483647 2147483647 2147483647 2147483647 2147483647 2147483647 2147483647 3 2 1 0 1 2 
2147483647 2147483647 2147483647 2147483647 2147483647 2147483647 2147483647 2147483647 2147483647 2147483647 2147483647 2147483647 2147483647 2147483647 2147483647 2147483647 2147483647 2147483647 2147483647 2147483647 2147483647 2147483647 2147483647 2147483647 2147483647 2147483647 2147483647 2147483647 2147483647 2147483647 2147483647 2147483647 2147483647 2147483647 2147483647 2147483647 2147483647 2147483647 2147483647 2147483647 2147483647 2147483647 2147483647 2147483647 2147483647 2147483647 2147483647 2147483647 2147483647 2147483647 4 3 2 1 0 1 
2147483647 2147483647 2147483647 2147483647 2147483647 2147483647 2147483647 2147483647 2147483647 2147483647 2147483647 2147483647 2147483647 2147483647 2147483647 2147483647 2147483647 2147483647 2147483647 2147483647 2147483647 2147483647 2147483647 2147483647 2147483647 2147483647 2147483647 2147483647 2147483647 2147483647 2147483647 2147483647 2147483647 2147483647 2147483647 2147483647 2147483647 2147483647 2147483647 2147483647 2147483647 2147483647 2147483647 2147483647 2147483647 2147483647 2147483647 2147483647 2147483647 2147483647 2147483647 2147483647 2147483647 2147483647 2147483647 0 
