4
0 1 2 3 
562
0 0 0 4096 0 
4262453503 2214560719 4288675743 4194300415 2147483648 
2147483647
0 0 0 2048 0 
4262453503 2214560719 4288675743 4194302463 2147483648 
2147483647
0 0 0 1024 0 
4262453503 2214560719 4288675743 4194303487 2147483648 
2147483647
0 4194304 0 0 0 
133201695 4236247039 4294967295 4294967295 3758096384 
2
65536 16777216 0 0 0 
133267263 4261412863 4294967295 4294967295 3758096384 
2147483647
65536 8388608 0 0 0 
133267263 4244635647 4294967295 4294967295 3758096384 
2147483647
32 16777216 0 0 0 
133201727 4261412863 4294967295 4294967295 3758096384 
2147483647
32 8388608 0 0 0 
133201727 4244635647 4294967295 4294967295 3758096384 
2147483647
32 4194304 0 0 0 
4161765600 62914560 0 0 0 
2147483647
32 4194304 0 0 0 
133201695 4236247039 4294967295 4294967295 3758096384 
2147483647
0 20971520 0 0 0 
133201695 4236247039 4294967295 4294967295 3758096384 
2147483647
0 12582912 0 0 0 
133201695 4236247039 4294967295 4294967295 3758096384 
2147483647
0 4194816 0 0 0 
4161765600 62914560 0 0 0 
2147483647
0 4 0 8388608 0 
4294967295 4294967287 4293394407 4278189695 3758096384 
2147483647
0 4 0 4194304 0 
4294967295 4294967287 4293394407 4269801087 3758096384 
2147483647
0 2 0 8388608 0 
4294967295 4294967283 4293394407 4278189695 3758096384 
2147483647
0 2 0 4194304 0 
4294967295 4294967283 4293394407 4269801087 3758096384 
2147483647
0 0 0 3145728 0 
4294967295 4294967295 4294967295 4294967199 3758096384 
2147483647
0 0 0 196608 0 
4294967295 4294967295 4294967295 4294967265 3758096384 
2147483647
0 0 0 73728 0 
0 0 0 122880 0 
2147483647
0 0 0 12288 0 
32513792 2080406576 6291552 100670976 1610612736 
2147483647
0 0 0 10240 0 
32513792 2080406576 6291552 100666880 1610612736 
2147483647
0 0 0 6144 0 
32513792 2080406576 6291552 100666880 1610612736 
2147483647
65536 4194304 0 0 0 
133201695 4236247039 4294967295 4294967295 3758096384 
4
0 768 0 0 0 
133201695 4229955583 4294967295 4294967295 3758096384 
4
0 1 2147483648 0 0 
133201695 4229954815 4294967295 4294967295 3758096384 
4
0 0 268439552 0 0 
100687903 2149548224 402657280 0 0 
4
0 0 134225920 0 0 
100687903 2149548224 402661376 0 0 
4
0 0 16384 524288 0 
133201695 4229954800 534806497 4262460959 3758096384 
4
0 0 16384 262144 0 
133201695 4229954800 534806497 4261936671 3758096384 
4
0 0 12288 0 0 
100687903 2149548224 402665472 0 0 
4
0 0 2048 32768 0 
4262453503 2214560719 4162844703 3791618558 0 
4
0 0 2048 16384 0 
4262453503 2214560719 4162844703 3791634942 0 
4
0 0 2048 8192 0 
4262453503 2214560719 4162844703 3791643134 0 
4
0 0 1 262144 0 
4294967295 4294967295 4294967295 4294967295 3758096384 
4
0 0 0 536903680 0 
4294967295 4294967295 4294967295 4294967295 3758096384 
4
0 0 0 393216 0 
4294967295 4294967295 4294967295 4294967295 3758096384 
4
0 0 0 98304 0 
4294967295 4294967295 4294967295 4294967295 3758096384 
4
65568 0 0 0 0 
4294967295 4294967295 4294967295 4294967295 3758096384 
2
65536 4194304 0 0 0 
4161765568 62914560 0 0 0 
2
512 134217728 0 0 0 
4294967295 4294967295 4294967295 4294967295 3758096384 
2
0 134219776 0 0 0 
4294967295 4294967295 4294967295 4294967295 3758096384 
2
0 4194308 0 0 0 
4161765600 62914560 0 0 0 
2
0 4194306 0 0 0 
4161765600 62914560 0 0 0 
2
0 4194305 0 0 0 
4161765600 62914560 0 0 0 
2
0 2080 0 0 0 
4294967295 4294967295 4294967295 4294967295 3758096384 
2
0 516 0 0 0 
4294967295 4294967295 4294967295 4294967295 3758096384 
2
0 514 0 0 0 
4294967295 4294967295 4294967295 4294967295 3758096384 
2
0 513 0 0 0 
4294967295 4294967295 4294967295 4294967295 3758096384 
2
0 512 2147483648 0 0 
133201695 4229955327 4294967295 4294967295 3758096384 
2
0 257 0 0 0 
133201695 4229955071 4294967295 4294967295 3758096384 
2
0 256 2147483648 0 0 
4294967295 4294967295 4294967295 4294967295 3758096384 
2
0 5 0 0 0 
4294967295 4294967293 4294967295 4294967295 3758096384 
2
0 4 0 2097152 0 
4294967295 4294967287 4293394407 4265606783 3758096384 
2
0 3 0 0 0 
4294967295 4294967295 4294967295 4294967295 3758096384 
2
0 2 0 2097152 0 
4294967295 4294967283 4293394407 4265606783 3758096384 
2
0 1 0 8388608 0 
4294967295 4294967281 4293394407 4278189695 3758096384 
2
0 1 0 4194304 0 
4294967295 4294967281 4293394407 4269801087 3758096384 
2
0 1 0 2097152 0 
4294967295 4294967281 4293394407 4265606783 3758096384 
2
0 0 196608 0 0 
4294967295 4294967295 4294967295 4294967295 3758096384 
2
0 0 32768 1048576 0 
133201695 4229954800 534839265 4263509535 3758096384 
2
0 0 32768 524288 0 
133201695 4229954800 534839265 4262460959 3758096384 
2
0 0 32768 262144 0 
133201695 4229954800 534839265 4261936671 3758096384 
2
0 0 16384 1048576 0 
133201695 4229954800 534806497 4263509535 3758096384 
2
0 0 1024 32768 0 
4262453503 2214560719 4162845727 3791618558 0 
2
0 0 1024 16384 0 
4262453503 2214560719 4162845727 3791634942 0 
2
0 0 1024 8192 0 
4262453503 2214560719 4162845727 3791643134 0 
2
0 0 768 0 0 
4294967295 4294967295 4294967295 4294967295 3758096384 
2
0 0 1 524288 0 
4294967295 4294967295 4294967295 4294967295 3758096384 
2
0 0 0 536887296 0 
4294967295 4294967295 4294967295 4294967295 3758096384 
2
0 0 0 12582912 0 
4294967295 4294967295 4294967295 4294967295 3758096384 
2
0 0 0 10485760 0 
4294967295 4294967295 4294967295 4290772991 3758096384 
2
0 0 0 6291456 0 
4294967295 4294967295 4294967295 4294967295 3758096384 
2
0 0 0 1179648 0 
0 0 0 1966080 0 
2
0 0 0 655360 0 
4294967295 4294967295 4294967295 4294705151 3758096384 
2
0 0 0 81920 0 
4294967295 4294967295 4294967295 4294934527 3758096384 
2
0 0 0 9216 0 
32513792 2080406576 6291552 100664832 1610612736 
2
0 0 0 5120 0 
32513792 2080406576 6291552 100664832 1610612736 
2
0 0 0 3072 0 
32513792 2080406576 6291552 100664832 1610612736 
2
196608 4194304 0 0 0 
4161765568 62914560 0 0 0 
2147483647
196608 4194304 0 0 0 
133201695 4236247039 4294967295 4294967295 3758096384 
2147483647
65536 4194816 0 0 0 
133201695 4236247039 4294967295 4294967295 3758096384 
2147483647
32 16777728 0 0 0 
4161765600 50331648 0 0 0 
2147483647
32 8389120 0 0 0 
4161765600 58720256 0 0 0 
2147483647
32 768 0 0 0 
133201695 4229955583 4294967295 4294967295 3758096384 
2147483647
0 16777984 0 0 0 
133201695 4229955583 4294967295 4294967295 3758096384 
2147483647
0 8389376 0 0 0 
133201695 4229955583 4294967295 4294967295 3758096384 
2147483647
0 4195072 0 0 0 
133201695 4229955583 4294967295 4294967295 3758096384 
2147483647
0 4194309 0 0 0 
4161765600 62914560 0 0 0 
2147483647
0 4194307 0 0 0 
4161765600 62914560 0 0 0 
2147483647
0 4194305 0 8388608 0 
4161765600 62914560 0 0 0 
2147483647
0 4194305 0 4194304 0 
4161765600 62914560 0 0 0 
2147483647
0 10272 0 0 0 
4294967295 4294967295 4294967295 4294967295 3758096384 
2147483647
0 517 0 0 0 
4294967295 4294967293 4294967295 4294967295 3758096384 
2147483647
0 513 0 8388608 0 
4294967295 4294967281 4293394407 4278189695 3758096384 
2147483647
0 513 0 4194304 0 
4294967295 4294967281 4293394407 4269801087 3758096384 
2147483647
0 5 262144 0 0 
4294967295 4294967293 4294967295 4294967295 3758096384 
2147483647
0 4 4 2097152 0 
4294967295 4294967287 4293394407 4265606783 3758096384 
2147483647
0 4 4 1048576 0 
4294967295 4294967287 4293394407 4263509535 3758096384 
2147483647
0 2 4 2097152 0 
4294967295 4294967283 4293394407 4265606783 3758096384 
2147483647
0 2 4 1048576 0 
4294967295 4294967283 4293394407 4263509535 3758096384 
2147483647
0 1 262144 8388608 0 
4294967295 4294967281 4293394407 4278189695 3758096384 
2147483647
0 1 262144 4194304 0 
4294967295 4294967281 4293394407 4269801087 3758096384 
2147483647
0 1 262144 2097152 0 
4294967295 4294967281 4293394407 4265606783 3758096384 
2147483647
0 0 1073823744 0 0 
4294967295 4294967295 3758063615 4294967295 3758096384 
2147483647
0 0 402653184 2147483648 0 
100687903 2149548224 402653184 0 0 
2147483647
0 0 402653184 1073741824 0 
100687903 2149548224 402653184 0 0 
2147483647
0 0 268439552 2147483648 0 
100687903 2149548224 402657280 0 0 
2147483647
0 0 268439552 1073741824 0 
100687903 2149548224 402657280 0 0 
2147483647
0 0 134225920 2147483648 0 
100687903 2149548224 402661376 0 0 
2147483647
0 0 134225920 1073741824 0 
100687903 2149548224 402661376 0 0 
2147483647
0 0 40960 524288 0 
4161765600 65012495 3760160798 33030624 0 
2147483647
0 0 40960 262144 0 
4161765600 65012495 3760160798 33292768 0 
2147483647
0 0 40960 131072 0 
4161765600 65012495 3760160798 33423840 0 
2147483647
0 0 24576 524288 0 
4161765600 65012495 3760177182 33030624 0 
2147483647
0 0 24576 262144 0 
4161765600 65012495 3760177182 33292768 0 
2147483647
0 0 24576 131072 0 
4161765600 65012495 3760177182 33423840 0 
2147483647
0 0 12288 2147483648 0 
100687903 2149548224 402665472 0 0 
2147483647
0 0 12288 1073741824 0 
100687903 2149548224 402665472 0 0 
2147483647
0 0 6144 65536 0 
32513792 2080406576 132124640 503447041 3758096384 
2147483647
0 0 6144 32768 0 
32513792 2080406576 132124640 503381505 3758096384 
2147483647
0 0 6144 16384 0 
32513792 2080406576 132124640 503348737 3758096384 
2147483647
0 0 5120 65536 0 
32513792 2080406576 132122592 503447041 3758096384 
2147483647
0 0 5120 32768 0 
32513792 2080406576 132122592 503381505 3758096384 
2147483647
0 0 5120 16384 0 
32513792 2080406576 132122592 503348737 3758096384 
2147483647
0 0 2560 32768 0 
4262453503 2214560719 4162844703 3791618558 0 
2147483647
0 0 2560 16384 0 
4262453503 2214560719 4162844703 3791634942 0 
2147483647
0 0 2560 8192 0 
4262453503 2214560719 4162844703 3791643134 0 
2147483647
0 0 4 5242880 0 
4294967295 4294967295 4294967295 4292870047 3758096384 
2147483647
0 0 2 2621440 0 
4294967295 4294967295 4294967295 4293918623 3758096384 
2147483647
0 0 2 2359296 0 
4294967295 4294967295 4294967295 4293394335 3758096384 
2147483647
0 0 2 1310720 0 
4294967295 4294967295 4294967295 4294443007 3758096384 
2147483647
0 0 1 589824 0 
4294967295 4294967295 4294967295 4294574049 3758096384 
2147483647
0 0 1 327680 0 
4294967295 4294967295 4294967295 4294836193 3758096384 
2147483647
0 0 0 537034752 0 
4294967295 4294967295 4294967295 4294901729 3758096384 
2147483647
0 0 0 537018368 0 
4294967295 4294967295 4294967295 4294868961 3758096384 
2147483647
0 0 0 268476416 0 
4294967295 4294967295 4294967295 4294950911 3758096384 
2147483647
0 0 0 268472320 0 
32513792 2080406576 6291552 100670976 1610612736 
2147483647
0 0 0 268470272 0 
32513792 2080406576 6291552 100666880 1610612736 
2147483647
0 0 0 268455936 0 
32513792 2080406576 6291552 100670976 1610612736 
2147483647
0 0 0 268453888 0 
32513792 2080406576 6291552 100666880 1610612736 
2147483647
0 0 0 67118080 0 
32513792 2080406576 6291552 100664832 1610612736 
2147483647
0 0 0 67113984 0 
32513792 2080406576 6291552 100664832 1610612736 
2147483647
0 4194304 402653184 0 0 
100687903 2149548224 402653184 0 0 
8
0 513 2147483648 0 0 
133201695 4229954815 4294967295 4294967295 3758096384 
8
0 257 2147483648 0 0 
133201695 4229954815 4294967295 4294967295 3758096384 
8
0 192 8192 0 0 
100687903 2149548224 0 0 0 
8
0 128 134221824 0 0 
100687903 2149548224 134217728 0 0 
8
0 64 268443648 0 0 
100687903 2149548224 268435456 0 0 
8
0 0 2048 536903680 0 
4262453503 2214560719 4162844703 3791618558 0 
8
0 0 2048 98304 0 
4262453503 2214560719 4162844703 3791585790 0 
8
262144 0 402653184 0 0 
100687903 2149548224 402653184 0 0 
6
131072 0 402653184 0 0 
100687903 2149548224 402653184 0 0 
6
65536 768 0 0 0 
133201695 4229955583 4294967295 4294967295 3758096384 
6
65536 0 402653184 0 0 
100687903 2149548224 402653184 0 0 
6
2048 0 402653184 0 0 
100687903 2149548224 402653184 0 0 
6
1024 0 402653184 0 0 
100687903 2149548224 402653184 0 0 
6
512 0 402653184 0 0 
100687903 2149548224 402653184 0 0 
6
64 0 402653184 0 0 
100687903 2149548224 402653184 0 0 
6
32 0 402653184 0 0 
100687903 2149548224 402653184 0 0 
6
0 536870912 402653184 0 0 
100687903 2149548224 402653184 0 0 
6
0 268435456 402653184 0 0 
100687903 2149548224 402653184 0 0 
6
0 134217728 402653184 0 0 
100687903 2149548224 402653184 0 0 
6
0 16777216 402653184 0 0 
100687903 2149548224 402653184 0 0 
6
0 8388608 402653184 0 0 
100687903 2149548224 402653184 0 0 
6
0 8192 402653184 0 0 
100687903 2149548224 402653184 0 0 
6
0 4096 402653184 0 0 
100687903 2149548224 402653184 0 0 
6
0 2048 402653184 0 0 
100687903 2149548224 402653184 0 0 
6
0 769 0 0 0 
133201695 4229955071 4294967295 4294967295 3758096384 
6
0 768 2147483648 0 0 
133201695 4229955327 4294967295 4294967295 3758096384 
6
0 512 402653184 0 0 
100687903 2149548224 402653184 0 0 
6
0 261 0 0 0 
133201695 4229955069 4294967295 4294967295 3758096384 
6
0 259 0 0 0 
133201695 4229955071 4294967295 4294967295 3758096384 
6
0 257 0 8388608 0 
133201695 4229955057 4293394407 4278189695 3758096384 
6
0 257 0 4194304 0 
133201695 4229955057 4293394407 4269801087 3758096384 
6
0 256 402653184 0 0 
100687903 2149548224 402653184 0 0 
6
0 192 4096 0 0 
100687903 2149548224 0 0 0 
6
0 128 134225920 0 0 
100687903 2149548224 134217728 0 0 
6
0 64 268439552 0 0 
100687903 2149548224 268435456 0 0 
6
0 32 402653184 0 0 
100687903 2149548224 402653184 0 0 
6
0 5 2147483648 0 0 
133201695 4229954813 4294967295 4294967295 3758096384 
6
0 5 0 2097152 0 
4294967295 4294967281 4293394407 4265606783 3758096384 
6
0 4 402653184 0 0 
100687903 2149548224 402653184 0 0 
6
0 4 262144 2097152 0 
4294967295 4294967287 4293394407 4265606783 3758096384 
6
0 3 2147483648 0 0 
133201695 4229954815 4294967295 4294967295 3758096384 
6
0 3 0 2097152 0 
4294967295 4294967281 4293394407 4265606783 3758096384 
6
0 2 402653184 0 0 
100687903 2149548224 402653184 0 0 
6
0 2 262144 2097152 0 
4294967295 4294967283 4293394407 4265606783 3758096384 
6
0 1 402653184 0 0 
100687903 2149548224 402653184 0 0 
6
0 0 2550136832 0 0 
100687903 2149548224 402653184 0 0 
6
0 0 2147500032 262144 0 
133201695 4229954800 534806497 4261936671 3758096384 
6
0 0 1476395008 0 0 
100687903 2149548224 402653184 0 0 
6
0 0 1073758208 262144 0 
133201695 4229954800 534806497 4261936671 3758096384 
6
0 0 406847488 0 0 
100687903 2149548224 402653184 0 0 
6
0 0 403177472 0 0 
100687903 2149548224 402653184 0 0 
6
0 0 402915328 0 0 
100687903 2149548224 402653184 0 0 
6
0 0 402784256 0 0 
100687903 2149548224 402653184 0 0 
6
0 0 402718720 0 0 
100687903 2149548224 402653184 0 0 
6
0 0 402685952 0 0 
100687903 2149548224 402653184 0 0 
6
0 0 402669568 0 0 
100687903 2149548224 402653184 0 0 
6
0 0 402661376 0 0 
100687903 2149548224 402653184 0 0 
6
0 0 402657280 0 0 
100687903 2149548224 402653184 0 0 
6
0 0 402655232 0 0 
100687903 2149548224 402653184 0 0 
6
0 0 402654208 0 0 
100687903 2149548224 402653184 0 0 
6
0 0 402653696 0 0 
100687903 2149548224 402653184 0 0 
6
0 0 402653440 0 0 
100687903 2149548224 402653184 0 0 
6
0 0 402653248 0 0 
100687903 2149548224 402653184 0 0 
6
0 0 402653192 0 0 
100687903 2149548224 402653184 0 0 
6
0 0 402653188 0 0 
100687903 2149548224 402653184 0 0 
6
0 0 402653186 0 0 
100687903 2149548224 402653184 0 0 
6
0 0 402653185 0 0 
100687903 2149548224 402653184 0 0 
6
0 0 402653184 536870912 0 
100687903 2149548224 402653184 0 0 
6
0 0 402653184 268435456 0 
100687903 2149548224 402653184 0 0 
6
0 0 402653184 67108864 0 
100687903 2149548224 402653184 0 0 
6
0 0 402653184 8388608 0 
100687903 2149548224 402653184 0 0 
6
0 0 402653184 4194304 0 
100687903 2149548224 402653184 0 0 
6
0 0 402653184 2097152 0 
100687903 2149548224 402653184 0 0 
6
0 0 402653184 1048576 0 
100687903 2149548224 402653184 0 0 
6
0 0 402653184 524288 0 
100687903 2149548224 402653184 0 0 
6
0 0 402653184 262144 0 
100687903 2149548224 402653184 0 0 
6
0 0 402653184 131072 0 
100687903 2149548224 402653184 0 0 
6
0 0 402653184 65536 0 
100687903 2149548224 402653184 0 0 
6
0 0 402653184 32768 0 
100687903 2149548224 402653184 0 0 
6
0 0 402653184 16384 0 
100687903 2149548224 402653184 0 0 
6
0 0 402653184 8192 0 
100687903 2149548224 402653184 0 0 
6
0 0 147456 262144 0 
133201695 4229954800 534806497 4261936671 3758096384 
6
0 0 81920 262144 0 
133201695 4229954800 534806497 4261936671 3758096384 
6
0 0 32769 262144 0 
133201695 4229954800 534839265 4261936671 3758096384 
6
0 0 32768 393216 0 
133201695 4229954800 534839265 4261674527 3758096384 
6
0 0 16385 262144 0 
133201695 4229954800 534806497 4261936671 3758096384 
6
0 0 16384 393216 0 
133201695 4229954800 534806497 4261674527 3758096384 
6
0 0 2304 32768 0 
4262453503 2214560719 4162844703 3791618558 0 
6
0 0 2304 16384 0 
4262453503 2214560719 4162844703 3791634942 0 
6
0 0 2304 8192 0 
4262453503 2214560719 4162844703 3791643134 0 
6
0 0 2048 536887296 0 
4262453503 2214560719 4162844703 3791634942 0 
6
0 0 2048 81920 0 
4262453503 2214560719 4162844703 3791585790 0 
6
0 0 1024 536903680 0 
4262453503 2214560719 4162845727 3791618558 0 
6
0 0 1024 98304 0 
4262453503 2214560719 4162845727 3791585790 0 
6
65536 4194308 0 0 0 
4161765568 62914560 0 0 0 
4
65536 4194306 0 0 0 
4161765568 62914560 0 0 0 
4
65536 4194305 0 0 0 
4161765568 62914560 0 0 0 
4
0 4194560 2147483648 0 0 
4161765600 62914560 0 0 0 
4
0 4194560 131072 0 0 
4161765600 62914560 0 0 0 
4
0 4194496 0 0 0 
100687903 2149548224 0 0 0 
4
0 4194432 134217728 0 0 
100687903 2149548224 134217728 0 0 
4
0 4194368 268435456 0 0 
100687903 2149548224 268435456 0 0 
4
0 4194308 0 2097152 0 
4161765600 62914560 0 0 0 
4
0 4194306 0 2097152 0 
4161765600 62914560 0 0 0 
4
0 4194305 1073741824 0 0 
4161765600 62914560 0 0 0 
4
0 4194305 0 2097152 0 
4161765600 62914560 0 0 0 
4
0 4194304 2147614720 0 0 
4161765600 62914560 0 0 0 
4
0 768 2147483648 0 0 
4161765600 65012480 0 0 0 
4
0 768 131072 0 0 
4161765600 65012480 0 0 0 
4
0 516 2147483648 0 0 
133201695 4229955327 4294967295 4294967295 3758096384 
4
0 516 0 2097152 0 
4294967295 4294967287 4293394407 4265606783 3758096384 
4
0 514 2147483648 0 0 
133201695 4229955327 4294967295 4294967295 3758096384 
4
0 514 0 2097152 0 
4294967295 4294967283 4293394407 4265606783 3758096384 
4
0 513 1073741824 0 0 
4294967295 4294967295 4294967295 4294967295 3758096384 
4
0 513 0 2097152 0 
4294967295 4294967281 4293394407 4265606783 3758096384 
4
0 512 3221225472 0 0 
133201695 4229955327 4294967295 4294967295 3758096384 
4
0 512 2147614720 0 0 
4161765600 65012480 2147483648 0 0 
4
0 257 2147483648 0 0 
4161765600 65012481 0 0 0 
4
0 257 131072 0 0 
4161765600 65012481 0 0 0 
4
0 257 0 2097152 0 
133201695 4229955057 4293394407 4265606783 3758096384 
4
0 5 4 0 0 
4294967295 4294967293 4294967295 4294967295 3758096384 
4
0 4 2147745792 0 0 
133201695 4229954812 4294967295 4294967295 3758096384 
4
0 4 16384 1048576 0 
133201695 4229954800 534806497 4263509535 3758096384 
4
0 4 0 1179648 0 
0 0 0 1966080 0 
4
0 3 4 0 0 
4294967295 4294967295 4294967295 4294967295 3758096384 
4
0 2 2147745792 0 0 
133201695 4229954814 4294967295 4294967295 3758096384 
4
0 2 16384 1048576 0 
133201695 4229954800 534806497 4263509535 3758096384 
4
0 2 0 1179648 0 
0 0 0 1966080 0 
4
0 1 2147614720 0 0 
4161765600 65012481 2147483648 0 0 
4
0 1 16384 1048576 0 
133201695 4229954800 534806497 4263509535 3758096384 
4
0 1 0 12582912 0 
4294967295 4294967281 4293394407 4269801087 3758096384 
4
0 1 0 10485760 0 
4294967295 4294967281 4293394407 4265606783 3758096384 
4
0 1 0 6291456 0 
4294967295 4294967281 4293394407 4265606783 3758096384 
4
0 1 0 1179648 0 
0 0 0 1966080 0 
4
0 0 2147680256 0 0 
4294967295 4294967295 4294967295 4294967295 3758096384 
4
0 0 2147647488 0 0 
4294967295 4294967295 2684289023 4294967295 3758096384 
4
0 0 2147614720 524288 0 
133201695 4229954800 4293132257 4262460959 3758096384 
4
0 0 2147614720 262144 0 
133201695 4229954800 4293132257 4261936671 3758096384 
4
0 0 2147516416 524288 0 
133201695 4229954800 534839265 4262460959 3758096384 
4
0 0 2147516416 262144 0 
133201695 4229954800 534839265 4261936671 3758096384 
4
0 0 1073872896 524288 0 
133201695 4229954800 2145648609 4262460959 3758096384 
4
0 0 1073872896 262144 0 
133201695 4229954800 2145648609 4261936671 3758096384 
4
0 0 1073774592 524288 0 
133201695 4229954800 534839265 4262460959 3758096384 
4
0 0 1073774592 262144 0 
133201695 4229954800 534839265 4261936671 3758096384 
4
0 0 262144 6291456 0 
4294967295 4294967295 4294967295 4294967295 3758096384 
4
0 0 163840 524288 0 
133201695 4229954800 534839265 4262460959 3758096384 
4
0 0 163840 262144 0 
133201695 4229954800 534839265 4261936671 3758096384 
4
0 0 32769 524288 0 
133201695 4229954800 534839265 4262460959 3758096384 
4
0 0 32768 655360 0 
133201695 4229954800 534839265 4261674527 3758096384 
4
0 0 16385 65536 0 
133201695 4229954800 534806497 4261543425 3758096384 
4
0 0 16384 9437184 0 
133201695 4229954800 534806497 4263509535 3758096384 
4
0 0 16384 5242880 0 
133201695 4229954800 534806497 4263509535 3758096384 
4
0 0 2048 537001984 0 
4262453503 2214560719 4162844703 3791520224 0 
4
0 0 1280 32768 0 
4262453503 2214560719 4162845727 3791618558 0 
4
0 0 1280 16384 0 
4262453503 2214560719 4162845727 3791634942 0 
4
0 0 1280 8192 0 
4262453503 2214560719 4162845727 3791643134 0 
4
0 0 1024 536887296 0 
4262453503 2214560719 4162845727 3791634942 0 
4
0 0 1024 81920 0 
4262453503 2214560719 4162845727 3791585790 0 
4
0 0 64 9216 0 
32513792 2080406576 6291552 100664832 1610612736 
4
0 0 64 5120 0 
32513792 2080406576 6291552 100664832 1610612736 
4
0 0 64 3072 0 
32513792 2080406576 6291552 100664832 1610612736 
4
0 0 0 14680064 0 
4294967295 4294967295 4294967295 4290772991 3758096384 
4
0 0 0 9568256 0 
0 0 0 1966080 0 
4
0 0 0 5373952 0 
0 0 0 1966080 0 
4
262144 192 0 0 0 
100687903 2149548224 0 0 0 
2
262144 128 134217728 0 0 
100687903 2149548224 134217728 0 0 
2
262144 64 268435456 0 0 
100687903 2149548224 268435456 0 0 
2
131072 192 0 0 0 
100687903 2149548224 0 0 0 
2
131072 128 134217728 0 0 
100687903 2149548224 134217728 0 0 
2
131072 64 268435456 0 0 
100687903 2149548224 268435456 0 0 
2
65536 16777728 0 0 0 
4161765568 50331648 0 0 0 
2
65536 16777220 0 0 0 
4161765568 50331648 0 0 0 
2
65536 16777218 0 0 0 
4161765568 50331648 0 0 0 
2
65536 16777217 0 0 0 
4161765568 50331648 0 0 0 
2
65536 8389120 0 0 0 
4161765568 58720256 0 0 0 
2
65536 8388612 0 0 0 
4161765568 58720256 0 0 0 
2
65536 8388610 0 0 0 
4161765568 58720256 0 0 0 
2
65536 8388609 0 0 0 
4161765568 58720256 0 0 0 
2
65536 192 0 0 0 
100687903 2149548224 0 0 0 
2
65536 128 134217728 0 0 
100687903 2149548224 134217728 0 0 
2
65536 64 268435456 0 0 
100687903 2149548224 268435456 0 0 
2
2048 192 0 0 0 
100687903 2149548224 0 0 0 
2
2048 128 134217728 0 0 
100687903 2149548224 134217728 0 0 
2
2048 64 268435456 0 0 
100687903 2149548224 268435456 0 0 
2
1024 192 0 0 0 
100687903 2149548224 0 0 0 
2
1024 128 134217728 0 0 
100687903 2149548224 134217728 0 0 
2
1024 64 268435456 0 0 
100687903 2149548224 268435456 0 0 
2
512 192 0 0 0 
100687903 2149548224 0 0 0 
2
512 128 134217728 0 0 
100687903 2149548224 134217728 0 0 
2
512 64 268435456 0 0 
100687903 2149548224 268435456 0 0 
2
64 192 0 0 0 
100687903 2149548224 0 0 0 
2
64 128 134217728 0 0 
100687903 2149548224 134217728 0 0 
2
64 64 268435456 0 0 
100687903 2149548224 268435456 0 0 
2
32 16777220 0 0 0 
4161765600 50331648 0 0 0 
2
32 16777218 0 0 0 
4161765600 50331648 0 0 0 
2
32 16777217 0 0 0 
4161765600 50331648 0 0 0 
2
32 8388612 0 0 0 
4161765600 58720256 0 0 0 
2
32 8388610 0 0 0 
4161765600 58720256 0 0 0 
2
32 8388609 0 0 0 
4161765600 58720256 0 0 0 
2
32 192 0 0 0 
100687903 2149548224 0 0 0 
2
32 128 134217728 0 0 
100687903 2149548224 134217728 0 0 
2
32 64 268435456 0 0 
100687903 2149548224 268435456 0 0 
2
0 536871104 0 0 0 
100687903 2149548224 0 0 0 
2
0 536871040 134217728 0 0 
100687903 2149548224 134217728 0 0 
2
0 536870976 268435456 0 0 
100687903 2149548224 268435456 0 0 
2
0 268435648 0 0 0 
100687903 2149548224 0 0 0 
2
0 268435584 134217728 0 0 
100687903 2149548224 134217728 0 0 
2
0 268435520 268435456 0 0 
100687903 2149548224 268435456 0 0 
2
0 134217920 0 0 0 
100687903 2149548224 0 0 0 
2
0 134217856 134217728 0 0 
100687903 2149548224 134217728 0 0 
2
0 134217792 268435456 0 0 
100687903 2149548224 268435456 0 0 
2
0 16777408 0 0 0 
100687903 2149548224 0 0 0 
2
0 16777344 134217728 0 0 
100687903 2149548224 134217728 0 0 
2
0 16777280 268435456 0 0 
100687903 2149548224 268435456 0 0 
2
0 8388800 0 0 0 
100687903 2149548224 0 0 0 
2
0 8388736 134217728 0 0 
100687903 2149548224 134217728 0 0 
2
0 8388672 268435456 0 0 
100687903 2149548224 268435456 0 0 
2
0 4194560 262144 0 0 
4161765600 62914560 0 0 0 
2
0 4194560 65536 0 0 
4161765600 62914560 0 0 0 
2
0 4194304 2147745792 0 0 
4161765600 62914560 0 0 0 
2
0 4194304 2147549184 0 0 
4161765600 62914560 0 0 0 
2
0 4194304 393216 0 0 
4161765600 62914560 0 0 0 
2
0 8384 0 0 0 
100687903 2149548224 0 0 0 
2
0 8320 134217728 0 0 
100687903 2149548224 134217728 0 0 
2
0 8256 268435456 0 0 
100687903 2149548224 268435456 0 0 
2
0 4288 0 0 0 
100687903 2149548224 0 0 0 
2
0 4224 134217728 0 0 
100687903 2149548224 134217728 0 0 
2
0 4160 268435456 0 0 
100687903 2149548224 268435456 0 0 
2
0 2240 0 0 0 
100687903 2149548224 0 0 0 
2
0 2176 134217728 0 0 
100687903 2149548224 134217728 0 0 
2
0 2112 268435456 0 0 
100687903 2149548224 268435456 0 0 
2
0 768 262144 0 0 
4161765600 65012480 0 0 0 
2
0 768 65536 0 0 
4161765600 65012480 0 0 0 
2
0 704 0 0 0 
100687903 2149548224 0 0 0 
2
0 640 134217728 0 0 
100687903 2149548224 134217728 0 0 
2
0 576 268435456 0 0 
100687903 2149548224 268435456 0 0 
2
0 512 2147745792 0 0 
4161765600 65012480 2147483648 0 0 
2
0 512 2147549184 0 0 
4161765600 65012480 2147483648 0 0 
2
0 512 393216 0 0 
4294967295 4294967295 4294967295 4294967295 3758096384 
2
0 448 0 0 0 
100687903 2149548224 0 0 0 
2
0 384 134217728 0 0 
100687903 2149548224 134217728 0 0 
2
0 320 268435456 0 0 
100687903 2149548224 268435456 0 0 
2
0 260 262144 0 0 
4294967295 4294967295 4294967295 4294967295 3758096384 
2
0 258 262144 0 0 
4294967295 4294967295 4294967295 4294967295 3758096384 
2
0 257 1073741824 0 0 
4161765600 65012481 0 0 0 
2
0 257 262144 0 0 
4161765600 65012481 0 0 0 
2
0 257 65536 0 0 
4161765600 65012481 0 0 0 
2
0 257 0 1048576 0 
4161765600 65012481 0 0 0 
2
0 257 0 524288 0 
4161765600 65012481 0 0 0 
2
0 257 0 262144 0 
4161765600 65012481 0 0 0 
2
0 256 393216 0 0 
4294967295 4294967295 4294967295 4294967295 3758096384 
2
0 224 0 0 0 
100687903 2149548224 0 0 0 
2
0 196 0 0 0 
100687903 2149548224 0 0 0 
2
0 194 0 0 0 
100687903 2149548224 0 0 0 
2
0 193 0 0 0 
100687903 2149548224 0 0 0 
2
0 192 2147483648 0 0 
100687903 2149548224 0 0 0 
2
0 192 1073741824 0 0 
100687903 2149548224 0 0 0 
2
0 192 4194304 0 0 
100687903 2149548224 0 0 0 
2
0 192 524288 0 0 
100687903 2149548224 0 0 0 
2
0 192 262144 0 0 
100687903 2149548224 0 0 0 
2
0 192 131072 0 0 
100687903 2149548224 0 0 0 
2
0 192 65536 0 0 
100687903 2149548224 0 0 0 
2
0 192 32768 0 0 
100687903 2149548224 0 0 0 
2
0 192 16384 0 0 
100687903 2149548224 0 0 0 
2
0 192 2048 0 0 
100687903 2149548224 0 0 0 
2
0 192 1024 0 0 
100687903 2149548224 0 0 0 
2
0 192 512 0 0 
100687903 2149548224 0 0 0 
2
0 192 256 0 0 
100687903 2149548224 0 0 0 
2
0 192 64 0 0 
100687903 2149548224 0 0 0 
2
0 192 8 0 0 
100687903 2149548224 0 0 0 
2
0 192 4 0 0 
100687903 2149548224 0 0 0 
2
0 192 2 0 0 
100687903 2149548224 0 0 0 
2
0 192 1 0 0 
100687903 2149548224 0 0 0 
2
0 192 0 2147483648 0 
100687903 2149548224 0 0 0 
2
0 192 0 1073741824 0 
100687903 2149548224 0 0 0 
2
0 192 0 536870912 0 
100687903 2149548224 0 0 0 
2
0 192 0 268435456 0 
100687903 2149548224 0 0 0 
2
0 192 0 67108864 0 
100687903 2149548224 0 0 0 
2
0 192 0 8388608 0 
100687903 2149548224 0 0 0 
2
0 192 0 4194304 0 
100687903 2149548224 0 0 0 
2
0 192 0 2097152 0 
100687903 2149548224 0 0 0 
2
0 192 0 1048576 0 
100687903 2149548224 0 0 0 
2
0 192 0 524288 0 
100687903 2149548224 0 0 0 
2
0 192 0 262144 0 
100687903 2149548224 0 0 0 
2
0 192 0 131072 0 
100687903 2149548224 0 0 0 
2
0 192 0 65536 0 
100687903 2149548224 0 0 0 
2
0 192 0 32768 0 
100687903 2149548224 0 0 0 
2
0 192 0 16384 0 
100687903 2149548224 0 0 0 
2
0 192 0 8192 0 
100687903 2149548224 0 0 0 
2
0 160 134217728 0 0 
100687903 2149548224 134217728 0 0 
2
0 132 134217728 0 0 
100687903 2149548224 134217728 0 0 
2
0 130 134217728 0 0 
100687903 2149548224 134217728 0 0 
2
0 129 134217728 0 0 
100687903 2149548224 134217728 0 0 
2
0 128 2281701376 0 0 
100687903 2149548224 134217728 0 0 
2
0 128 1207959552 0 0 
100687903 2149548224 134217728 0 0 
2
0 128 138412032 0 0 
100687903 2149548224 134217728 0 0 
2
0 128 134742016 0 0 
100687903 2149548224 134217728 0 0 
2
0 128 134479872 0 0 
100687903 2149548224 134217728 0 0 
2
0 128 134348800 0 0 
100687903 2149548224 134217728 0 0 
2
0 128 134283264 0 0 
100687903 2149548224 134217728 0 0 
2
0 128 134250496 0 0 
100687903 2149548224 134217728 0 0 
2
0 128 134234112 0 0 
100687903 2149548224 134217728 0 0 
2
0 128 134219776 0 0 
100687903 2149548224 134217728 0 0 
2
0 128 134218752 0 0 
100687903 2149548224 134217728 0 0 
2
0 128 134218240 0 0 
100687903 2149548224 134217728 0 0 
2
0 128 134217984 0 0 
100687903 2149548224 134217728 0 0 
2
0 128 134217792 0 0 
100687903 2149548224 134217728 0 0 
2
0 128 134217736 0 0 
100687903 2149548224 134217728 0 0 
2
0 128 134217732 0 0 
100687903 2149548224 134217728 0 0 
2
0 128 134217730 0 0 
100687903 2149548224 134217728 0 0 
2
0 128 134217729 0 0 
100687903 2149548224 134217728 0 0 
2
0 128 134217728 2147483648 0 
100687903 2149548224 134217728 0 0 
2
0 128 134217728 1073741824 0 
100687903 2149548224 134217728 0 0 
2
0 128 134217728 536870912 0 
100687903 2149548224 134217728 0 0 
2
0 128 134217728 268435456 0 
100687903 2149548224 134217728 0 0 
2
0 128 134217728 67108864 0 
100687903 2149548224 134217728 0 0 
2
0 128 134217728 8388608 0 
100687903 2149548224 134217728 0 0 
2
0 128 134217728 4194304 0 
100687903 2149548224 134217728 0 0 
2
0 128 134217728 2097152 0 
100687903 2149548224 134217728 0 0 
2
0 128 134217728 1048576 0 
100687903 2149548224 134217728 0 0 
2
0 128 134217728 524288 0 
100687903 2149548224 134217728 0 0 
2
0 128 134217728 262144 0 
100687903 2149548224 134217728 0 0 
2
0 128 134217728 131072 0 
100687903 2149548224 134217728 0 0 
2
0 128 134217728 65536 0 
100687903 2149548224 134217728 0 0 
2
0 128 134217728 32768 0 
100687903 2149548224 134217728 0 0 
2
0 128 134217728 16384 0 
100687903 2149548224 134217728 0 0 
2
0 128 134217728 8192 0 
100687903 2149548224 134217728 0 0 
2
0 96 268435456 0 0 
100687903 2149548224 268435456 0 0 
2
0 68 268435456 0 0 
100687903 2149548224 268435456 0 0 
2
0 66 268435456 0 0 
100687903 2149548224 268435456 0 0 
2
0 65 268435456 0 0 
100687903 2149548224 268435456 0 0 
2
0 64 2415919104 0 0 
100687903 2149548224 268435456 0 0 
2
0 64 1342177280 0 0 
100687903 2149548224 268435456 0 0 
2
0 64 272629760 0 0 
100687903 2149548224 268435456 0 0 
2
0 64 268959744 0 0 
100687903 2149548224 268435456 0 0 
2
0 64 268697600 0 0 
100687903 2149548224 268435456 0 0 
2
0 64 268566528 0 0 
100687903 2149548224 268435456 0 0 
2
0 64 268500992 0 0 
100687903 2149548224 268435456 0 0 
2
0 64 268468224 0 0 
100687903 2149548224 268435456 0 0 
2
0 64 268451840 0 0 
100687903 2149548224 268435456 0 0 
2
0 64 268437504 0 0 
100687903 2149548224 268435456 0 0 
2
0 64 268436480 0 0 
100687903 2149548224 268435456 0 0 
2
0 64 268435968 0 0 
100687903 2149548224 268435456 0 0 
2
0 64 268435712 0 0 
100687903 2149548224 268435456 0 0 
2
0 64 268435520 0 0 
100687903 2149548224 268435456 0 0 
2
0 64 268435464 0 0 
100687903 2149548224 268435456 0 0 
2
0 64 268435460 0 0 
100687903 2149548224 268435456 0 0 
2
0 64 268435458 0 0 
100687903 2149548224 268435456 0 0 
2
0 64 268435457 0 0 
100687903 2149548224 268435456 0 0 
2
0 64 268435456 2147483648 0 
100687903 2149548224 268435456 0 0 
2
0 64 268435456 1073741824 0 
100687903 2149548224 268435456 0 0 
2
0 64 268435456 536870912 0 
100687903 2149548224 268435456 0 0 
2
0 64 268435456 268435456 0 
100687903 2149548224 268435456 0 0 
2
0 64 268435456 67108864 0 
100687903 2149548224 268435456 0 0 
2
0 64 268435456 8388608 0 
100687903 2149548224 268435456 0 0 
2
0 64 268435456 4194304 0 
100687903 2149548224 268435456 0 0 
2
0 64 268435456 2097152 0 
100687903 2149548224 268435456 0 0 
2
0 64 268435456 1048576 0 
100687903 2149548224 268435456 0 0 
2
0 64 268435456 524288 0 
100687903 2149548224 268435456 0 0 
2
0 64 268435456 262144 0 
100687903 2149548224 268435456 0 0 
2
0 64 268435456 131072 0 
100687903 2149548224 268435456 0 0 
2
0 64 268435456 65536 0 
100687903 2149548224 268435456 0 0 
2
0 64 268435456 32768 0 
100687903 2149548224 268435456 0 0 
2
0 64 268435456 16384 0 
100687903 2149548224 268435456 0 0 
2
0 64 268435456 8192 0 
100687903 2149548224 268435456 0 0 
2
0 4 2147745792 0 0 
4161765600 65012487 2147745792 0 0 
2
0 4 393216 0 0 
4294967295 4294967295 4294967295 4294967295 3758096384 
2
0 2 2147745792 0 0 
4161765600 65012483 2147745792 0 0 
2
0 2 393216 0 0 
4294967295 4294967295 4294967295 4294967295 3758096384 
2
0 1 3221225472 0 0 
4161765600 65012481 2147483648 0 0 
2
0 1 2147745792 0 0 
4161765600 65012481 2147483648 0 0 
2
0 1 2147549184 0 0 
4161765600 65012481 2147483648 0 0 
2
0 1 2147483648 1048576 0 
4161765600 65012481 2147483648 0 0 
2
0 1 2147483648 524288 0 
4161765600 65012481 2147483648 0 0 
2
0 1 2147483648 262144 0 
4161765600 65012481 2147483648 0 0 
2
0 1 1073872896 0 0 
4161765600 65012481 3221356544 0 0 
2
0 1 393216 0 0 
4294967295 4294967295 4294967295 4294967295 3758096384 
2
0 1 163840 0 0 
133201695 4229954815 536805375 4294967295 3758096384 
2
0 1 131072 1048576 0 
4294967295 4294967281 4293132257 4263509535 3758096384 
2
0 1 131072 524288 0 
4294967295 4294967281 4293132257 4262460959 3758096384 
2
0 1 131072 262144 0 
4294967295 4294967281 4293132257 4261936671 3758096384 
2
0 1 4 1048576 0 
4294967295 4294967281 4293394407 4263509535 3758096384 
2
0 0 2147876864 0 0 
4294967295 4294967295 4294967295 4294967295 3758096384 
2
0 0 2147745792 8388608 0 
133201695 4229954800 4293394407 4278189695 3758096384 
2
0 0 2147745792 4194304 0 
133201695 4229954800 4293394407 4269801087 3758096384 
2
0 0 2147745792 2097152 0 
133201695 4229954800 4293394407 4265606783 3758096384 
2
0 0 2147631104 0 0 
4294967295 4294967295 2684256255 4294967295 3758096384 
2
0 0 2147614720 1048576 0 
133201695 4229954800 4293132257 4263509535 3758096384 
2
0 0 2147565568 0 0 
4294967295 4294967295 2684321791 4294967295 3758096384 
2
0 0 2147549184 1048576 0 
133201695 4229954800 4293001185 4263509535 3758096384 
2
0 0 2147549184 524288 0 
133201695 4229954800 4293001185 4262460959 3758096384 
2
0 0 2147549184 262144 0 
133201695 4229954800 4293001185 4261936671 3758096384 
2
0 0 1073905664 0 0 
4294967295 4294967295 3758030847 4294967295 3758096384 
2
0 0 1073889280 0 0 
4294967295 4294967295 3757998079 4294967295 3758096384 
2
0 0 1073872896 1048576 0 
133201695 4229954800 2145648609 4263509535 3758096384 
2
0 0 1073807360 1048576 0 
133201695 4229954800 2145517537 4263509535 3758096384 
2
0 0 1073807360 524288 0 
133201695 4229954800 2145517537 4262460959 3758096384 
2
0 0 1073807360 262144 0 
133201695 4229954800 2145517537 4261936671 3758096384 
2
0 0 32769 65536 0 
133201695 4229954800 534839265 4261543425 3758096384 
2
0 0 20480 2147483648 0 
100687903 2149548224 402681856 2147483648 0 
2
0 0 16384 2147549184 0 
133201695 4229954800 534806496 4261543425 3758096384 
2
0 0 10240 1073741824 0 
100687903 2149548224 402667520 1073741824 0 
2
0 0 2048 1073872896 0 
4262453503 2214560719 4162844703 3254649312 0 
2
0 0 1024 537001984 0 
4262453503 2214560719 4162845727 3791520224 0 
2
0 0 4 9437184 0 
4294967295 4294967295 4294967295 4288675743 3758096384 
2
0 0 3 1048576 0 
4294967295 4294967295 4294967295 4294967295 3758096384 
2
0 0 2 3145728 0 
0 0 0 3145824 0 
2
0 0 2 1179648 0 
4294967295 4294967295 4294967295 4294180863 3758096384 
2
0 0 0 805314560 0 
4294967295 4294967295 4294967295 4294967295 3758096384 
2
0 0 0 805310464 0 
32513792 2080406576 6291552 100670976 1610612736 
2
0 0 0 805308416 0 
32513792 2080406576 6291552 100666880 1610612736 
2
0 0 0 805307392 0 
32513792 2080406576 6291552 100664832 1610612736 
2
0 0 0 268509184 0 
4294967295 4294967295 4294967295 4294918143 3758096384 
2
0 0 0 268505088 0 
32513792 2080406576 6291552 100670976 1610612736 
2
0 0 0 268503040 0 
32513792 2080406576 6291552 100666880 1610612736 
2
0 0 0 268502016 0 
32513792 2080406576 6291552 100664832 1610612736 
2
0 0 0 268469248 0 
32513792 2080406576 6291552 100664832 1610612736 
2
0 0 0 268452864 0 
32513792 2080406576 6291552 100664832 1610612736 
2
