4
0 1 2 3 
1102
132096 0 0 
4294965247 4294967295 4278190080 
2147483647
2 67108864 0 
4294967294 4294967295 4278190080 
2147483647
2 524288 0 
4294967294 4227858431 4278190080 
2147483647
0 262176 0 
4294967295 4294770671 2130706432 
2147483647
0 131104 0 
4294967295 4294901743 2130706432 
2147483647
0 640 0 
4294967295 4294967039 4278190080 
2147483647
0 3 0 
4294967295 4294967295 3758096384 
2147483647
0 262208 0 
4294967295 4294770639 2130706432 
4
12582912 0 0 
4294967295 4294967295 4278190080 
2
8389632 0 0 
8522752 0 0 
2
8389120 0 0 
8523264 0 0 
2
2162688 0 0 
4294967295 4294967295 4278190080 
2
131584 0 0 
134656 0 0 
2
66048 0 0 
4294967295 4294967295 4278190080 
2
528 0 0 
4294967295 4294967295 4278190080 
2
2 1024 0 
4294967294 4226874380 1610612736 
2
0 524352 0 
4294967295 4294508495 2130706432 
2
0 131136 0 
4294967295 4294901711 2130706432 
2
0 192 0 
4294967295 4294967295 4278190080 
2
0 96 0 
4294967295 4294967295 4278190080 
2
12583936 0 0 
4294834175 4294967295 4278190080 
2147483647
8390144 0 0 
8522752 0 0 
2147483647
8389888 0 0 
8522752 0 0 
2147483647
8389376 0 0 
8523264 0 0 
2147483647
8388608 2181038080 0 
4128 2147483648 0 
2147483647
8388608 2147516416 0 
4128 2147483648 0 
2147483647
8388608 2147483656 0 
4128 2147483648 0 
2147483647
8388608 2147483648 1073741824 
4128 2147483648 0 
2147483647
8388608 33587200 0 
4128 2181038080 0 
2147483647
8388608 33554440 0 
4128 2181038080 0 
2147483647
8388608 33554432 1073741824 
4128 2181038080 0 
2147483647
4194304 2181038080 0 
4128 2147483648 0 
2147483647
4194304 2147516416 0 
4128 2147483648 0 
2147483647
4194304 2147483656 0 
4128 2147483648 0 
2147483647
4194304 2147483648 1073741824 
4128 2147483648 0 
2147483647
4194304 33587200 0 
4128 2181038080 0 
2147483647
4194304 33554440 0 
4128 2181038080 0 
2147483647
4194304 33554432 1073741824 
4128 2181038080 0 
2147483647
2097152 2181038080 0 
4128 2147483648 0 
2147483647
2097152 2147516416 0 
4128 2147483648 0 
2147483647
2097152 2147483656 0 
4128 2147483648 0 
2147483647
2097152 2147483648 1073741824 
4128 2147483648 0 
2147483647
2097152 33587200 0 
4128 2181038080 0 
2147483647
2097152 33554440 0 
4128 2181038080 0 
2147483647
2097152 33554432 1073741824 
4128 2181038080 0 
2147483647
1048576 2181038080 0 
4128 2147483648 0 
2147483647
1048576 2147516416 0 
4128 2147483648 0 
2147483647
1048576 2147483656 0 
4128 2147483648 0 
2147483647
1048576 2147483648 1073741824 
4128 2147483648 0 
2147483647
1048576 33587200 0 
4128 2181038080 0 
2147483647
1048576 33554440 0 
4128 2181038080 0 
2147483647
1048576 33554432 1073741824 
4128 2181038080 0 
2147483647
524288 2181038080 0 
4128 2147483648 0 
2147483647
524288 2147516416 0 
4128 2147483648 0 
2147483647
524288 2147483656 0 
4128 2147483648 0 
2147483647
524288 2147483648 1073741824 
4128 2147483648 0 
2147483647
524288 33587200 0 
4128 2181038080 0 
2147483647
524288 33554440 0 
4128 2181038080 0 
2147483647
524288 33554432 1073741824 
4128 2181038080 0 
2147483647
262144 2181038080 0 
4128 2147483648 0 
2147483647
262144 2147516416 0 
4128 2147483648 0 
2147483647
262144 2147483656 0 
4128 2147483648 0 
2147483647
262144 2147483648 1073741824 
4128 2147483648 0 
2147483647
262144 33587200 0 
4128 2181038080 0 
2147483647
262144 33554440 0 
4128 2181038080 0 
2147483647
262144 33554432 1073741824 
4128 2181038080 0 
2147483647
197120 0 0 
4294964223 4294967295 4278190080 
2147483647
131840 0 0 
134656 0 0 
2147483647
131600 0 0 
4294964223 4294967295 4278190080 
2147483647
131072 2181038080 0 
4128 2147483648 0 
2147483647
131072 2147516416 0 
4128 2147483648 0 
2147483647
131072 2147483656 0 
4128 2147483648 0 
2147483647
131072 2147483648 1073741824 
4128 2147483648 0 
2147483647
131072 33587200 0 
4128 2181038080 0 
2147483647
131072 33554440 0 
4128 2181038080 0 
2147483647
131072 33554432 1073741824 
4128 2181038080 0 
2147483647
65536 2181038080 0 
4128 2147483648 0 
2147483647
65536 2147516416 0 
4128 2147483648 0 
2147483647
65536 2147483656 0 
4128 2147483648 0 
2147483647
65536 2147483648 1073741824 
4128 2147483648 0 
2147483647
65536 33587200 0 
4128 2181038080 0 
2147483647
65536 33554440 0 
4128 2181038080 0 
2147483647
65536 33554432 1073741824 
4128 2181038080 0 
2147483647
32768 2181038080 0 
4128 2147483648 0 
2147483647
32768 2147516416 0 
4128 2147483648 0 
2147483647
32768 2147483656 0 
4128 2147483648 0 
2147483647
32768 2147483648 1073741824 
4128 2147483648 0 
2147483647
32768 33587200 0 
4128 2181038080 0 
2147483647
32768 33554440 0 
4128 2181038080 0 
2147483647
32768 33554432 1073741824 
4128 2181038080 0 
2147483647
16384 2181038080 0 
4128 2147483648 0 
2147483647
16384 2147516416 0 
4128 2147483648 0 
2147483647
16384 2147483656 0 
4128 2147483648 0 
2147483647
16384 2147483648 1073741824 
4128 2147483648 0 
2147483647
16384 33587200 0 
4128 2181038080 0 
2147483647
16384 33554440 0 
4128 2181038080 0 
2147483647
16384 33554432 1073741824 
4128 2181038080 0 
2147483647
8192 2181038080 0 
4128 2147483648 0 
2147483647
8192 2147516416 0 
4128 2147483648 0 
2147483647
8192 2147483656 0 
4128 2147483648 0 
2147483647
8192 2147483648 1073741824 
4128 2147483648 0 
2147483647
8192 33587200 0 
4128 2181038080 0 
2147483647
8192 33554440 0 
4128 2181038080 0 
2147483647
8192 33554432 1073741824 
4128 2181038080 0 
2147483647
1024 2181038080 0 
4128 2147483648 0 
2147483647
1024 2147516416 0 
4128 2147483648 0 
2147483647
1024 2147483656 0 
4128 2147483648 0 
2147483647
1024 2147483648 1073741824 
4128 2147483648 0 
2147483647
1024 33587200 0 
4128 2181038080 0 
2147483647
1024 33554440 0 
4128 2181038080 0 
2147483647
1024 33554432 1073741824 
4128 2181038080 0 
2147483647
512 2181038080 0 
4128 2147483648 0 
2147483647
512 2147516416 0 
4128 2147483648 0 
2147483647
512 2147483656 0 
4128 2147483648 0 
2147483647
512 2147483648 1073741824 
4128 2147483648 0 
2147483647
512 33587200 0 
4128 2181038080 0 
2147483647
512 33554440 0 
4128 2181038080 0 
2147483647
512 33554432 1073741824 
4128 2181038080 0 
2147483647
256 2181038080 0 
4128 2147483648 0 
2147483647
256 2147516416 0 
4128 2147483648 0 
2147483647
256 2147483656 0 
4128 2147483648 0 
2147483647
256 2147483648 1073741824 
4128 2147483648 0 
2147483647
256 33587200 0 
4128 2181038080 0 
2147483647
256 33554440 0 
4128 2181038080 0 
2147483647
256 33554432 1073741824 
4128 2181038080 0 
2147483647
128 2181038080 0 
4128 2147483648 0 
2147483647
128 2147516416 0 
4128 2147483648 0 
2147483647
128 2147483656 0 
4128 2147483648 0 
2147483647
128 2147483648 1073741824 
4128 2147483648 0 
2147483647
128 33587200 0 
4128 2181038080 0 
2147483647
128 33554440 0 
4128 2181038080 0 
2147483647
128 33554432 1073741824 
4128 2181038080 0 
2147483647
68 67108864 0 
4294967292 4294967295 4278190080 
2147483647
68 524288 0 
4294967292 4227858431 4278190080 
2147483647
64 2181038080 0 
4128 2147483648 0 
2147483647
64 2147516416 0 
4128 2147483648 0 
2147483647
64 2147483656 0 
4128 2147483648 0 
2147483647
64 2147483648 1073741824 
4128 2147483648 0 
2147483647
64 33587200 0 
4128 2181038080 0 
2147483647
64 33554440 0 
4128 2181038080 0 
2147483647
64 33554432 1073741824 
4128 2181038080 0 
2147483647
16 2181038080 0 
4128 2147483648 0 
2147483647
16 2147516416 0 
4128 2147483648 0 
2147483647
16 2147483656 0 
4128 2147483648 0 
2147483647
16 2147483648 1073741824 
4128 2147483648 0 
2147483647
16 33587200 0 
4128 2181038080 0 
2147483647
16 33554440 0 
4128 2181038080 0 
2147483647
16 33554432 1073741824 
4128 2181038080 0 
2147483647
8 2181038080 0 
4128 2147483648 0 
2147483647
8 2147516416 0 
4128 2147483648 0 
2147483647
8 2147483656 0 
4128 2147483648 0 
2147483647
8 2147483648 1073741824 
4128 2147483648 0 
2147483647
8 33587200 0 
4128 2181038080 0 
2147483647
8 33554440 0 
4128 2181038080 0 
2147483647
8 33554432 1073741824 
4128 2181038080 0 
2147483647
4 2181038080 0 
4128 2147483648 0 
2147483647
4 2147516416 0 
4128 2147483648 0 
2147483647
4 2147483656 0 
4128 2147483648 0 
2147483647
4 2147483648 1073741824 
4128 2147483648 0 
2147483647
4 33587200 0 
4128 2181038080 0 
2147483647
4 33554440 0 
4128 2181038080 0 
2147483647
4 33554432 1073741824 
4128 2181038080 0 
2147483647
2 2181038080 0 
4128 2147483648 0 
2147483647
2 2147516416 0 
4128 2147483648 0 
2147483647
2 2147483656 0 
4128 2147483648 0 
2147483647
2 2147483648 1073741824 
4128 2147483648 0 
2147483647
2 33587200 0 
4128 2181038080 0 
2147483647
2 33554440 0 
4128 2181038080 0 
2147483647
2 33554432 1073741824 
4128 2181038080 0 
2147483647
0 2717908992 0 
4128 2147483648 0 
2147483647
0 2684387328 0 
4128 2147483648 0 
2147483647
0 2684354568 0 
4128 2147483648 0 
2147483647
0 2684354560 1073741824 
4128 2147483648 0 
2147483647
0 2449473536 0 
4128 2147483648 0 
2147483647
0 2415951872 0 
4128 2147483648 0 
2147483647
0 2415919112 0 
4128 2147483648 0 
2147483647
0 2415919104 1073741824 
4128 2147483648 0 
2147483647
0 2315255808 0 
4128 2147483648 0 
2147483647
0 2281734144 0 
4128 2147483648 0 
2147483647
0 2281701384 0 
4128 2147483648 0 
2147483647
0 2281701376 1073741824 
4128 2147483648 0 
2147483647
0 2248146944 0 
4128 2147483648 0 
2147483647
0 2214625280 0 
4128 2147483648 0 
2147483647
0 2214592520 0 
4128 2147483648 0 
2147483647
0 2214592512 1073741824 
4128 2147483648 0 
2147483647
0 2185232384 0 
4128 2147483648 0 
2147483647
0 2183135232 0 
4128 2147483648 0 
2147483647
0 2182086656 0 
4128 2147483648 0 
2147483647
0 2181562368 0 
4128 2147483648 0 
2147483647
0 2181300224 0 
4128 2147483648 0 
2147483647
0 2181169152 0 
4128 2147483648 0 
2147483647
0 2181042176 0 
4128 2147483648 0 
2147483647
0 2181040128 0 
4128 2147483648 0 
2147483647
0 2181039104 0 
4128 2147483648 0 
2147483647
0 2181038592 0 
4128 2147483648 0 
2147483647
0 2181038336 0 
4128 2147483648 0 
2147483647
0 2181038208 0 
4128 2147483648 0 
2147483647
0 2181038144 0 
4128 2147483648 0 
2147483647
0 2181038112 0 
4128 2147483648 0 
2147483647
0 2181038082 0 
4128 2147483648 0 
2147483647
0 2181038081 0 
4128 2147483648 0 
2147483647
0 2151710720 0 
4128 2147483648 0 
2147483647
0 2151677960 0 
4128 2147483648 0 
2147483647
0 2151677952 1073741824 
4128 2147483648 0 
2147483647
0 2149613568 0 
4128 2147483648 0 
2147483647
0 2149580808 0 
4128 2147483648 0 
2147483647
0 2149580800 1073741824 
4128 2147483648 0 
2147483647
0 2148564992 0 
4128 2147483648 0 
2147483647
0 2148532232 0 
4128 2147483648 0 
2147483647
0 2148532224 1073741824 
4128 2147483648 0 
2147483647
0 2148040704 0 
4128 2147483648 0 
2147483647
0 2148007944 0 
4128 2147483648 0 
2147483647
0 2148007936 1073741824 
4128 2147483648 0 
2147483647
0 2147778560 0 
4128 2147483648 0 
2147483647
0 2147745800 0 
4128 2147483648 0 
2147483647
0 2147745792 1073741824 
4128 2147483648 0 
2147483647
0 2147647488 0 
4128 2147483648 0 
2147483647
0 2147614728 0 
4128 2147483648 0 
2147483647
0 2147614720 1073741824 
4128 2147483648 0 
2147483647
0 2147520512 0 
4128 2147483648 0 
2147483647
0 2147518464 0 
4128 2147483648 0 
2147483647
0 2147517440 0 
4128 2147483648 0 
2147483647
0 2147516928 0 
4128 2147483648 0 
2147483647
0 2147516672 0 
4128 2147483648 0 
2147483647
0 2147516544 0 
4128 2147483648 0 
2147483647
0 2147516480 0 
4128 2147483648 0 
2147483647
0 2147516448 0 
4128 2147483648 0 
2147483647
0 2147516418 0 
4128 2147483648 0 
2147483647
0 2147516417 0 
4128 2147483648 0 
2147483647
0 2147487752 0 
4128 2147483648 0 
2147483647
0 2147487744 1073741824 
4128 2147483648 0 
2147483647
0 2147485704 0 
4128 2147483648 0 
2147483647
0 2147485696 1073741824 
4128 2147483648 0 
2147483647
0 2147484680 0 
4128 2147483648 0 
2147483647
0 2147484672 1073741824 
4128 2147483648 0 
2147483647
0 2147484168 0 
4128 2147483648 0 
2147483647
0 2147484160 1073741824 
4128 2147483648 0 
2147483647
0 2147483912 0 
4128 2147483648 0 
2147483647
0 2147483904 1073741824 
4128 2147483648 0 
2147483647
0 2147483784 0 
4128 2147483648 0 
2147483647
0 2147483776 1073741824 
4128 2147483648 0 
2147483647
0 2147483720 0 
4128 2147483648 0 
2147483647
0 2147483712 1073741824 
4128 2147483648 0 
2147483647
0 2147483688 0 
4128 2147483648 0 
2147483647
0 2147483680 1073741824 
4128 2147483648 0 
2147483647
0 2147483658 0 
4128 2147483648 0 
2147483647
0 2147483657 0 
4128 2147483648 0 
2147483647
0 2147483650 1073741824 
4128 2147483648 0 
2147483647
0 2147483649 1073741824 
4128 2147483648 0 
2147483647
0 570458112 0 
4128 2181038080 0 
2147483647
0 570425352 0 
4128 2181038080 0 
2147483647
0 570425344 1073741824 
4128 2181038080 0 
2147483647
0 302022656 0 
4128 2181038080 0 
2147483647
0 301989896 0 
4128 2181038080 0 
2147483647
0 301989888 1073741824 
4128 2181038080 0 
2147483647
0 167804928 0 
4128 2181038080 0 
2147483647
0 167772168 0 
4128 2181038080 0 
2147483647
0 167772160 1073741824 
4128 2181038080 0 
2147483647
0 100696064 0 
4128 2181038080 0 
2147483647
0 100663304 0 
4128 2181038080 0 
2147483647
0 100663296 1073741824 
4128 2181038080 0 
2147483647
0 37781504 0 
4128 2181038080 0 
2147483647
0 37748744 0 
4128 2181038080 0 
2147483647
0 37748736 1073741824 
4128 2181038080 0 
2147483647
0 35684352 0 
4128 2181038080 0 
2147483647
0 35651592 0 
4128 2181038080 0 
2147483647
0 35651584 1073741824 
4128 2181038080 0 
2147483647
0 34635776 0 
4128 2181038080 0 
2147483647
0 34603016 0 
4128 2181038080 0 
2147483647
0 34603008 1073741824 
4128 2181038080 0 
2147483647
0 34111488 0 
4128 2181038080 0 
2147483647
0 34078728 0 
4128 2181038080 0 
2147483647
0 34078720 1073741824 
4128 2181038080 0 
2147483647
0 33849344 0 
4128 2181038080 0 
2147483647
0 33816584 0 
4128 2181038080 0 
2147483647
0 33816576 1073741824 
4128 2181038080 0 
2147483647
0 33718272 0 
4128 2181038080 0 
2147483647
0 33685512 0 
4128 2181038080 0 
2147483647
0 33685504 1073741824 
4128 2181038080 0 
2147483647
0 33591296 0 
4128 2181038080 0 
2147483647
0 33589248 0 
4128 2181038080 0 
2147483647
0 33588224 0 
4128 2181038080 0 
2147483647
0 33587712 0 
4128 2181038080 0 
2147483647
0 33587456 0 
4128 2181038080 0 
2147483647
0 33587328 0 
4128 2181038080 0 
2147483647
0 33587264 0 
4128 2181038080 0 
2147483647
0 33587232 0 
4128 2181038080 0 
2147483647
0 33587202 0 
4128 2181038080 0 
2147483647
0 33587201 0 
4128 2181038080 0 
2147483647
0 33558536 0 
4128 2181038080 0 
2147483647
0 33558528 1073741824 
4128 2181038080 0 
2147483647
0 33556488 0 
4128 2181038080 0 
2147483647
0 33556480 1073741824 
4128 2181038080 0 
2147483647
0 33555464 0 
4128 2181038080 0 
2147483647
0 33555456 1073741824 
4128 2181038080 0 
2147483647
0 33554952 0 
4128 2181038080 0 
2147483647
0 33554944 1073741824 
4128 2181038080 0 
2147483647
0 33554696 0 
4128 2181038080 0 
2147483647
0 33554688 1073741824 
4128 2181038080 0 
2147483647
0 33554568 0 
4128 2181038080 0 
2147483647
0 33554560 1073741824 
4128 2181038080 0 
2147483647
0 33554504 0 
4128 2181038080 0 
2147483647
0 33554496 1073741824 
4128 2181038080 0 
2147483647
0 33554472 0 
4128 2181038080 0 
2147483647
0 33554464 1073741824 
4128 2181038080 0 
2147483647
0 33554442 0 
4128 2181038080 0 
2147483647
0 33554441 0 
4128 2181038080 0 
2147483647
0 33554434 1073741824 
4128 2181038080 0 
2147483647
0 33554433 1073741824 
4128 2181038080 0 
2147483647
0 1051648 0 
4294967295 4294967295 4278190080 
2147483647
0 1049856 0 
4294967295 4294966783 4278190080 
2147483647
0 1049728 0 
4294967295 4294966527 4278190080 
2147483647
0 262210 0 
4294967295 4294770638 1610612736 
2147483647
0 262209 0 
4294967295 4294770639 2130706432 
2147483647
0 131138 0 
4294967295 4294901710 1610612736 
2147483647
0 131137 0 
4294967295 4294901711 2130706432 
2147483647
0 3073 0 
4294967295 4294967293 3758096384 
2147483647
0 1537 0 
4294967295 4294967293 3758096384 
2147483647
0 1282 0 
4294967295 4294966783 4278190080 
2147483647
0 1281 0 
4294967295 4294966781 3758096384 
2147483647
0 1216 0 
4294967295 4294966524 3758096384 
2147483647
0 1154 0 
4294967295 4294966527 4278190080 
2147483647
0 1153 0 
4294967295 4294966525 3758096384 
2147483647
0 194 0 
4294967295 4294967294 3758096384 
2147483647
0 98 0 
4294967295 4294967294 3758096384 
2147483647
0 525824 0 
4294967295 4294507532 1610612736 
10
0 525314 0 
4294967295 4294507532 1610612736 
10
2 1536 0 
4294967294 4226874380 1610612736 
8
2 1026 0 
4294967294 4226874380 1610612736 
8
0 67110400 0 
4294967295 4293983244 1610612736 
8
0 67109890 0 
4294967295 4293983244 1610612736 
8
0 525568 0 
4294967295 4294507532 1610612736 
8
0 524802 0 
4294967295 4294508046 1610612736 
8
2 1280 0 
4294967294 4226874380 1610612736 
6
2 514 0 
4294967294 4226874894 1610612736 
6
0 67110144 0 
4294967295 4293983244 1610612736 
6
0 67109378 0 
4294967295 4293983758 1610612736 
6
0 525440 0 
4294967295 4294507532 1610612736 
6
0 524546 0 
4294967295 4294508302 1610612736 
6
12583936 0 0 
8522752 0 0 
4
12583424 0 0 
8523264 0 0 
4
2163200 0 0 
4294967295 4294967295 4278190080 
4
16 1342177280 0 
4294967295 4294967295 4278190080 
4
2 1152 0 
4294967294 4226874380 1610612736 
4
2 1025 0 
4294967294 4226874380 1610612736 
4
2 258 0 
4294967294 4226875150 1610612736 
4
0 3288334336 0 
4128 2147483648 0 
4
0 3222274048 0 
4128 2147483648 0 
4
0 3221749760 0 
4128 2147483648 0 
4
0 3221487616 0 
4128 2147483648 0 
4
0 3221356544 0 
4128 2147483648 0 
4
0 3221229568 0 
4128 2147483648 0 
4
0 3221227520 0 
4128 2147483648 0 
4
0 3221226496 0 
4128 2147483648 0 
4
0 3221225984 0 
4128 2147483648 0 
4
0 3221225728 0 
4128 2147483648 0 
4
0 3221225600 0 
4128 2147483648 0 
4
0 3221225536 0 
4128 2147483648 0 
4
0 3221225504 0 
4128 2147483648 0 
4
0 3221225474 0 
4128 2147483648 0 
4
0 3221225473 0 
4128 2147483648 0 
4
0 1174405120 0 
4128 2181038080 0 
4
0 1108344832 0 
4128 2181038080 0 
4
0 1107820544 0 
4128 2181038080 0 
4
0 1107558400 0 
4128 2181038080 0 
4
0 1107427328 0 
4128 2181038080 0 
4
0 1107300352 0 
4128 2181038080 0 
4
0 1107298304 0 
4128 2181038080 0 
4
0 1107297280 0 
4128 2181038080 0 
4
0 1107296768 0 
4128 2181038080 0 
4
0 1107296512 0 
4128 2181038080 0 
4
0 1107296384 0 
4128 2181038080 0 
4
0 1107296320 0 
4128 2181038080 0 
4
0 1107296288 0 
4128 2181038080 0 
4
0 1107296258 0 
4128 2181038080 0 
4
0 1107296257 0 
4128 2181038080 0 
4
0 545267712 0 
4128 2206261260 1610612736 
4
0 276832256 0 
4128 2206261260 1610612736 
4
0 67110016 0 
4294967295 4293983244 1610612736 
4
0 67109889 0 
4294967295 4293983244 1610612736 
4
0 67109122 0 
4294967295 4293984014 1610612736 
4
0 12591104 0 
4128 2206261260 1610612736 
4
0 525376 0 
4294967295 4294507532 1610612736 
4
0 525313 0 
4294967295 4294507532 1610612736 
4
0 524418 0 
4294967295 4294508430 1610612736 
4
8392704 33554432 0 
4128 2181038080 0 
2
8388608 3221225472 0 
4128 2147483648 0 
2
8388608 1107296256 0 
4128 2181038080 0 
2
8388608 67109888 0 
4294967295 4293983244 1610612736 
2
8388608 16785408 0 
4128 2197872652 1610612736 
2
8388608 8396800 0 
4128 2206261260 1610612736 
2
8388608 8392704 0 
4128 2206265356 1610612736 
2
8388608 525312 0 
4294967295 4294507532 1610612736 
2
8388608 3072 0 
4294967295 4294967295 4278190080 
2
8388608 1536 0 
4294967295 4294967295 4278190080 
2
8388608 1280 0 
4294967295 4294966783 4278190080 
2
8388608 1152 0 
4294967295 4294966527 4278190080 
2
8388608 1088 0 
0 1091 520093696 
2
8388608 1025 0 
0 1027 520093696 
2
8388608 66 0 
0 67 520093696 
2
8388608 3 0 
0 3 520093696 
2
4198400 33554432 0 
4128 2181038080 0 
2
4194304 3221225472 0 
4128 2147483648 0 
2
4194304 1107296256 0 
4128 2181038080 0 
2
4194304 67109888 0 
4294967295 4293983244 1610612736 
2
4194304 16785408 0 
4128 2197872652 1610612736 
2
4194304 8396800 0 
4128 2206261260 1610612736 
2
4194304 8392704 0 
4128 2206265356 1610612736 
2
4194304 525312 0 
4294967295 4294507532 1610612736 
2
4194304 3072 0 
4294967295 4294967295 4278190080 
2
4194304 1536 0 
4294967295 4294967295 4278190080 
2
4194304 1280 0 
4294967295 4294966783 4278190080 
2
4194304 1152 0 
4294967295 4294966527 4278190080 
2
4194304 1088 0 
0 1091 520093696 
2
4194304 1025 0 
0 1027 520093696 
2
4194304 66 0 
0 67 520093696 
2
4194304 3 0 
0 3 520093696 
2
2101248 33554432 0 
4128 2181038080 0 
2
2097152 3221225472 0 
4128 2147483648 0 
2
2097152 1107296256 0 
4128 2181038080 0 
2
2097152 67109888 0 
4294967295 4293983244 1610612736 
2
2097152 16785408 0 
4128 2197872652 1610612736 
2
2097152 8396800 0 
4128 2206261260 1610612736 
2
2097152 8392704 0 
4128 2206265356 1610612736 
2
2097152 525312 0 
4294967295 4294507532 1610612736 
2
2097152 3072 0 
4294967295 4294967295 4278190080 
2
2097152 1536 0 
4294967295 4294967295 4278190080 
2
2097152 1280 0 
4294967295 4294966783 4278190080 
2
2097152 1152 0 
4294967295 4294966527 4278190080 
2
2097152 1088 0 
0 1091 520093696 
2
2097152 1025 0 
0 1027 520093696 
2
2097152 66 0 
0 67 520093696 
2
2097152 3 0 
0 3 520093696 
2
1052672 33554432 0 
4128 2181038080 0 
2
1048576 3221225472 0 
4128 2147483648 0 
2
1048576 1107296256 0 
4128 2181038080 0 
2
1048576 67109888 0 
4294967295 4293983244 1610612736 
2
1048576 16785408 0 
4128 2197872652 1610612736 
2
1048576 8396800 0 
4128 2206261260 1610612736 
2
1048576 8392704 0 
4128 2206265356 1610612736 
2
1048576 525312 0 
4294967295 4294507532 1610612736 
2
1048576 3072 0 
4294967295 4294967295 4278190080 
2
1048576 1536 0 
4294967295 4294967295 4278190080 
2
1048576 1280 0 
4294967295 4294966783 4278190080 
2
1048576 1152 0 
4294967295 4294966527 4278190080 
2
1048576 1088 0 
0 1091 520093696 
2
1048576 1025 0 
0 1027 520093696 
2
1048576 66 0 
0 67 520093696 
2
1048576 3 0 
0 3 520093696 
2
528384 33554432 0 
4128 2181038080 0 
2
524288 3221225472 0 
4128 2147483648 0 
2
524288 1107296256 0 
4128 2181038080 0 
2
524288 67109888 0 
4294967295 4293983244 1610612736 
2
524288 16785408 0 
4128 2197872652 1610612736 
2
524288 8396800 0 
4128 2206261260 1610612736 
2
524288 8392704 0 
4128 2206265356 1610612736 
2
524288 525312 0 
4294967295 4294507532 1610612736 
2
524288 3072 0 
4294967295 4294967295 4278190080 
2
524288 1536 0 
4294967295 4294967295 4278190080 
2
524288 1280 0 
4294967295 4294966783 4278190080 
2
524288 1152 0 
4294967295 4294966527 4278190080 
2
524288 1088 0 
0 1091 520093696 
2
524288 1025 0 
0 1027 520093696 
2
524288 66 0 
0 67 520093696 
2
524288 3 0 
0 3 520093696 
2
266240 33554432 0 
4128 2181038080 0 
2
262144 3221225472 0 
4128 2147483648 0 
2
262144 1107296256 0 
4128 2181038080 0 
2
262144 67109888 0 
4294967295 4293983244 1610612736 
2
262144 16785408 0 
4128 2197872652 1610612736 
2
262144 8396800 0 
4128 2206261260 1610612736 
2
262144 8392704 0 
4128 2206265356 1610612736 
2
262144 525312 0 
4294967295 4294507532 1610612736 
2
262144 3072 0 
4294967295 4294967295 4278190080 
2
262144 1536 0 
4294967295 4294967295 4278190080 
2
262144 1280 0 
4294967295 4294966783 4278190080 
2
262144 1152 0 
4294967295 4294966527 4278190080 
2
262144 1088 0 
0 1091 520093696 
2
262144 1025 0 
0 1027 520093696 
2
262144 66 0 
0 67 520093696 
2
262144 3 0 
0 3 520093696 
2
135168 33554432 0 
4128 2181038080 0 
2
131072 3221225472 0 
4128 2147483648 0 
2
131072 1107296256 0 
4128 2181038080 0 
2
131072 67109888 0 
4294967295 4293983244 1610612736 
2
131072 16785408 0 
4128 2197872652 1610612736 
2
131072 8396800 0 
4128 2206261260 1610612736 
2
131072 8392704 0 
4128 2206265356 1610612736 
2
131072 525312 0 
4294967295 4294507532 1610612736 
2
131072 3072 0 
4294967295 4294967295 4278190080 
2
131072 1536 0 
4294967295 4294967295 4278190080 
2
131072 1280 0 
4294967295 4294966783 4278190080 
2
131072 1152 0 
4294967295 4294966527 4278190080 
2
131072 1088 0 
0 1091 520093696 
2
131072 1025 0 
0 1027 520093696 
2
131072 66 0 
0 67 520093696 
2
131072 3 0 
0 3 520093696 
2
69632 33554432 0 
4128 2181038080 0 
2
65536 3221225472 0 
4128 2147483648 0 
2
65536 1107296256 0 
4128 2181038080 0 
2
65536 67109888 0 
4294967295 4293983244 1610612736 
2
65536 16785408 0 
4128 2197872652 1610612736 
2
65536 8396800 0 
4128 2206261260 1610612736 
2
65536 8392704 0 
4128 2206265356 1610612736 
2
65536 525312 0 
4294967295 4294507532 1610612736 
2
65536 3072 0 
4294967295 4294967295 4278190080 
2
65536 1536 0 
4294967295 4294967295 4278190080 
2
65536 1280 0 
4294967295 4294966783 4278190080 
2
65536 1152 0 
4294967295 4294966527 4278190080 
2
65536 1088 0 
0 1091 520093696 
2
65536 1025 0 
0 1027 520093696 
2
65536 66 0 
0 67 520093696 
2
65536 3 0 
0 3 520093696 
2
36864 33554432 0 
4128 2181038080 0 
2
32768 3221225472 0 
4128 2147483648 0 
2
32768 1107296256 0 
4128 2181038080 0 
2
32768 67109888 0 
4294967295 4293983244 1610612736 
2
32768 16785408 0 
4128 2197872652 1610612736 
2
32768 8396800 0 
4128 2206261260 1610612736 
2
32768 8392704 0 
4128 2206265356 1610612736 
2
32768 525312 0 
4294967295 4294507532 1610612736 
2
32768 3072 0 
4294967295 4294967295 4278190080 
2
32768 1536 0 
4294967295 4294967295 4278190080 
2
32768 1280 0 
4294967295 4294966783 4278190080 
2
32768 1152 0 
4294967295 4294966527 4278190080 
2
32768 1088 0 
0 1091 520093696 
2
32768 1025 0 
0 1027 520093696 
2
32768 66 0 
0 67 520093696 
2
32768 3 0 
0 3 520093696 
2
20480 33554432 0 
4128 2181038080 0 
2
16384 3221225472 0 
4128 2147483648 0 
2
16384 1107296256 0 
4128 2181038080 0 
2
16384 67109888 0 
4294967295 4293983244 1610612736 
2
16384 16785408 0 
4128 2197872652 1610612736 
2
16384 8396800 0 
4128 2206261260 1610612736 
2
16384 8392704 0 
4128 2206265356 1610612736 
2
16384 525312 0 
4294967295 4294507532 1610612736 
2
16384 3072 0 
4294967295 4294967295 4278190080 
2
16384 1536 0 
4294967295 4294967295 4278190080 
2
16384 1280 0 
4294967295 4294966783 4278190080 
2
16384 1152 0 
4294967295 4294966527 4278190080 
2
16384 1088 0 
0 1091 520093696 
2
16384 1025 0 
0 1027 520093696 
2
16384 66 0 
0 67 520093696 
2
16384 3 0 
0 3 520093696 
2
12288 33554432 0 
4128 2181038080 0 
2
8192 3221225472 0 
4128 2147483648 0 
2
8192 1107296256 0 
4128 2181038080 0 
2
8192 67109888 0 
4294967295 4293983244 1610612736 
2
8192 16785408 0 
4128 2197872652 1610612736 
2
8192 8396800 0 
4128 2206261260 1610612736 
2
8192 8392704 0 
4128 2206265356 1610612736 
2
8192 525312 0 
4294967295 4294507532 1610612736 
2
8192 3072 0 
4294967295 4294967295 4278190080 
2
8192 1536 0 
4294967295 4294967295 4278190080 
2
8192 1280 0 
4294967295 4294966783 4278190080 
2
8192 1152 0 
4294967295 4294966527 4278190080 
2
8192 1088 0 
0 1091 520093696 
2
8192 1025 0 
0 1027 520093696 
2
8192 66 0 
0 67 520093696 
2
8192 3 0 
0 3 520093696 
2
5120 33554432 0 
4128 2181038080 0 
2
4608 33554432 0 
4128 2181038080 0 
2
4352 33554432 0 
4128 2181038080 0 
2
4224 33554432 0 
4128 2181038080 0 
2
4160 33554432 0 
4128 2181038080 0 
2
4112 33554432 0 
4128 2181038080 0 
2
4108 0 0 
4294967295 4294967295 4278190080 
2
4104 33554432 0 
4128 2181038080 0 
2
4100 33554432 0 
4128 2181038080 0 
2
4098 33554432 0 
4128 2181038080 0 
2
4096 570425344 0 
4128 2181038080 0 
2
4096 301989888 0 
4128 2181038080 0 
2
4096 167772160 0 
4128 2181038080 0 
2
4096 100663296 0 
4128 2181038080 0 
2
4096 67109888 0 
4294967295 4293983244 1610612736 
2
4096 37748736 0 
4128 2181038080 0 
2
4096 35651584 0 
4128 2181038080 0 
2
4096 34603008 0 
4128 2181038080 0 
2
4096 34078720 0 
4128 2181038080 0 
2
4096 33816576 0 
4128 2181038080 0 
2
4096 33685504 0 
4128 2181038080 0 
2
4096 33558528 0 
4128 2181038080 0 
2
4096 33556480 0 
4128 2181038080 0 
2
4096 33555456 0 
4128 2181038080 0 
2
4096 33554944 0 
4128 2181038080 0 
2
4096 33554688 0 
4128 2181038080 0 
2
4096 33554560 0 
4128 2181038080 0 
2
4096 33554496 0 
4128 2181038080 0 
2
4096 33554464 0 
4128 2181038080 0 
2
4096 33554434 0 
4128 2181038080 0 
2
4096 33554433 0 
4128 2181038080 0 
2
4096 8392704 0 
4128 2206265356 1610612736 
2
4096 525312 0 
4294967295 4294507532 1610612736 
2
4096 3072 0 
4294967295 4294967295 4278190080 
2
4096 1536 0 
4294967295 4294967295 4278190080 
2
4096 1280 0 
4294967295 4294966783 4278190080 
2
4096 1152 0 
4294967295 4294966527 4278190080 
2
4096 1088 0 
0 1091 520093696 
2
4096 1025 0 
0 1027 520093696 
2
4096 66 0 
0 67 520093696 
2
4096 3 0 
0 3 520093696 
2
1024 3221225472 0 
4128 2147483648 0 
2
1024 1107296256 0 
4128 2181038080 0 
2
1024 67109888 0 
4294967295 4293983244 1610612736 
2
1024 16785408 0 
4128 2197872652 1610612736 
2
1024 8396800 0 
4128 2206261260 1610612736 
2
1024 8392704 0 
4128 2206265356 1610612736 
2
1024 525312 0 
4294967295 4294507532 1610612736 
2
1024 3072 0 
4294967295 4294967295 4278190080 
2
1024 1536 0 
4294967295 4294967295 4278190080 
2
1024 1280 0 
4294967295 4294966783 4278190080 
2
1024 1152 0 
4294967295 4294966527 4278190080 
2
1024 1088 0 
0 1091 520093696 
2
1024 1025 0 
0 1027 520093696 
2
1024 66 0 
0 67 520093696 
2
1024 3 0 
0 3 520093696 
2
520 67108864 0 
4664 4294967295 4278190080 
2
520 524288 0 
4664 4227858431 4278190080 
2
520 1024 0 
4664 4226874380 1610612736 
2
512 3221225472 0 
4128 2147483648 0 
2
512 1107296256 0 
4128 2181038080 0 
2
512 67109888 0 
4294967295 4293983244 1610612736 
2
512 16785408 0 
4128 2197872652 1610612736 
2
512 8396800 0 
4128 2206261260 1610612736 
2
512 8392704 0 
4128 2206265356 1610612736 
2
512 525312 0 
4294967295 4294507532 1610612736 
2
512 3072 0 
4294967295 4294967295 4278190080 
2
512 1536 0 
4294967295 4294967295 4278190080 
2
512 1280 0 
4294967295 4294966783 4278190080 
2
512 1152 0 
4294967295 4294966527 4278190080 
2
512 1088 0 
0 1091 520093696 
2
512 1025 0 
0 1027 520093696 
2
512 66 0 
0 67 520093696 
2
512 3 0 
0 3 520093696 
2
256 3221225472 0 
4128 2147483648 0 
2
256 1107296256 0 
4128 2181038080 0 
2
256 67109888 0 
4294967295 4293983244 1610612736 
2
256 16785408 0 
4128 2197872652 1610612736 
2
256 8396800 0 
4128 2206261260 1610612736 
2
256 8392704 0 
4128 2206265356 1610612736 
2
256 525312 0 
4294967295 4294507532 1610612736 
2
256 3072 0 
4294967295 4294967295 4278190080 
2
256 1536 0 
4294967295 4294967295 4278190080 
2
256 1280 0 
4294967295 4294966783 4278190080 
2
256 1152 0 
4294967295 4294966527 4278190080 
2
256 1088 0 
0 1091 520093696 
2
256 1025 0 
0 1027 520093696 
2
256 66 0 
0 67 520093696 
2
256 3 0 
0 3 520093696 
2
128 3221225472 0 
4128 2147483648 0 
2
128 1107296256 0 
4128 2181038080 0 
2
128 67109888 0 
4294967295 4293983244 1610612736 
2
128 16785408 0 
4128 2197872652 1610612736 
2
128 8396800 0 
4128 2206261260 1610612736 
2
128 8392704 0 
4128 2206265356 1610612736 
2
128 525312 0 
4294967295 4294507532 1610612736 
2
128 3072 0 
4294967295 4294967295 4278190080 
2
128 1536 0 
4294967295 4294967295 4278190080 
2
128 1280 0 
4294967295 4294966783 4278190080 
2
128 1152 0 
4294967295 4294966527 4278190080 
2
128 1088 0 
0 1091 520093696 
2
128 1025 0 
0 1027 520093696 
2
128 66 0 
0 67 520093696 
2
128 3 0 
0 3 520093696 
2
68 1024 0 
4294967292 4226874380 1610612736 
2
64 3221225472 0 
4128 2147483648 0 
2
64 1107296256 0 
4128 2181038080 0 
2
64 67109888 0 
4294967295 4293983244 1610612736 
2
64 16785408 0 
4128 2197872652 1610612736 
2
64 8396800 0 
4128 2206261260 1610612736 
2
64 8392704 0 
4128 2206265356 1610612736 
2
64 525312 0 
4294967295 4294507532 1610612736 
2
64 3072 0 
4294967295 4294967295 4278190080 
2
64 1536 0 
4294967295 4294967295 4278190080 
2
64 1280 0 
4294967295 4294966783 4278190080 
2
64 1152 0 
4294967295 4294966527 4278190080 
2
64 1088 0 
0 1091 520093696 
2
64 1025 0 
0 1027 520093696 
2
64 66 0 
0 67 520093696 
2
64 3 0 
0 3 520093696 
2
44 0 0 
4294963199 4294967295 4278190080 
2
32 67109888 0 
4294963199 4293983244 1610612736 
2
32 8392704 0 
32 2206265356 1610612736 
2
32 525312 0 
4294963199 4294507532 1610612736 
2
32 3072 0 
4294963199 4294967295 4278190080 
2
32 1536 0 
4294963199 4294967295 4278190080 
2
32 1280 0 
4294963199 4294966783 4278190080 
2
32 1152 0 
4294963199 4294966527 4278190080 
2
32 1088 0 
0 1091 520093696 
2
32 1025 0 
0 1027 520093696 
2
32 66 0 
0 67 520093696 
2
32 3 0 
0 3 520093696 
2
24 67108864 0 
4152 4294967295 4278190080 
2
24 524288 0 
4152 4227858431 4278190080 
2
24 1024 0 
4152 4226874380 1610612736 
2
16 3221225472 0 
4128 2147483648 0 
2
16 2415919104 0 
4128 2147483648 0 
2
16 1107296256 0 
4128 2181038080 0 
2
16 301989888 0 
4128 2181038080 0 
2
16 201326592 0 
4144 4294967295 4278190080 
2
16 134742016 0 
4144 4227858431 4278190080 
2
16 134218752 0 
4144 4226874380 1610612736 
2
16 67109888 0 
4294967295 4293983244 1610612736 
2
16 16785408 0 
4128 2197872652 1610612736 
2
16 8396800 0 
4128 2206261260 1610612736 
2
16 8392704 0 
4128 2206265356 1610612736 
2
16 525312 0 
4294967295 4294507532 1610612736 
2
16 3072 0 
4294967295 4294967295 4278190080 
2
16 1536 0 
4294967295 4294967295 4278190080 
2
16 1280 0 
4294967295 4294966783 4278190080 
2
16 1152 0 
4294967295 4294966527 4278190080 
2
16 1088 0 
0 1091 520093696 
2
16 1025 0 
0 1027 520093696 
2
16 66 0 
0 67 520093696 
2
16 3 0 
0 3 520093696 
2
12 2147483648 0 
4294963167 4294967295 4278190080 
2
12 33554432 0 
4294963167 2147483647 4278190080 
2
8 3221225472 0 
4128 2147483648 0 
2
8 1107296256 0 
4128 2181038080 0 
2
8 67109888 0 
4294967295 4293983244 1610612736 
2
8 16785408 0 
4128 2197872652 1610612736 
2
8 8396800 0 
4128 2206261260 1610612736 
2
8 8392704 0 
4128 2206265356 1610612736 
2
8 525312 0 
4294967295 4294507532 1610612736 
2
8 3072 0 
4294967295 4294967295 4278190080 
2
8 1536 0 
4294967295 4294967295 4278190080 
2
8 1280 0 
4294967295 4294966783 4278190080 
2
8 1152 0 
4294967295 4294966527 4278190080 
2
8 1088 0 
0 1091 520093696 
2
8 1025 0 
0 1027 520093696 
2
8 66 0 
0 67 520093696 
2
8 3 0 
0 3 520093696 
2
4 3221225472 0 
4128 2147483648 0 
2
4 1107296256 0 
4128 2181038080 0 
2
4 67109888 0 
4294967295 4293983244 1610612736 
2
4 16785408 0 
4128 2197872652 1610612736 
2
4 8396800 0 
4128 2206261260 1610612736 
2
4 8392704 0 
4128 2206265356 1610612736 
2
4 525312 0 
4294967295 4294507532 1610612736 
2
4 3072 0 
4294967295 4294967295 4278190080 
2
4 1536 0 
4294967295 4294967295 4278190080 
2
4 1280 0 
4294967295 4294966783 4278190080 
2
4 1152 0 
4294967295 4294966527 4278190080 
2
4 1088 0 
0 1091 520093696 
2
4 1025 0 
0 1027 520093696 
2
4 66 0 
0 67 520093696 
2
4 3 0 
0 3 520093696 
2
2 3221225472 0 
4128 2147483648 0 
2
2 1107296256 0 
4128 2181038080 0 
2
2 16785408 0 
4128 2197872652 1610612736 
2
2 8396800 0 
4128 2206261260 1610612736 
2
2 8392704 0 
4128 2206265356 1610612736 
2
2 1050624 0 
4294967294 4226873356 1610612736 
2
2 525312 0 
3 67633152 0 
2
2 3072 0 
3 68093939 2667577344 
2
2 1536 0 
3 68093939 2667577344 
2
2 1280 0 
3 68093427 2667577344 
2
2 1152 0 
3 68093171 2667577344 
2
2 1088 0 
0 1091 520093696 
2
2 1025 0 
0 1027 520093696 
2
2 576 0 
4294967294 4226874959 2130706432 
2
2 513 0 
4294967294 4226874895 2130706432 
2
2 320 0 
4294967294 4226875215 2130706432 
2
2 257 0 
4294967294 4226875151 2130706432 
2
2 130 0 
4294967294 4226875278 1610612736 
2
2 129 0 
4294967294 4226875279 2130706432 
2
2 66 0 
0 67 520093696 
2
2 3 0 
0 3 520093696 
2
0 3489660928 0 
4128 2147483648 0 
2
0 3355443200 0 
4128 2147483648 0 
2
0 3225419776 0 
4128 2147483648 0 
2
0 3223322624 0 
4128 2147483648 0 
2
0 2692743168 0 
4128 2147483648 0 
2
0 2214593536 0 
4294963167 4293983244 1610612736 
2
0 2214593536 0 
4128 2147483648 0 
2
0 2164264960 0 
4128 2147483648 0 
2
0 2155876352 0 
4128 2147483648 0 
2
0 2155876352 0 
0 2206265356 1610612736 
2
0 2148008960 0 
4294963167 4294507532 1610612736 
2
0 2148008960 0 
4128 2147483648 0 
2
0 2147486720 0 
4294963167 4294967295 4278190080 
2
0 2147486720 0 
4128 2147483648 0 
2
0 2147485184 0 
4294963167 4294967295 4278190080 
2
0 2147485184 0 
4128 2147483648 0 
2
0 2147484928 0 
4294963167 4294966783 4278190080 
2
0 2147484928 0 
4128 2147483648 0 
2
0 2147484800 0 
4294963167 4294966527 4278190080 
2
0 2147484800 0 
4128 2147483648 0 
2
0 2147484736 0 
0 1091 520093696 
2
0 2147484673 0 
0 1027 520093696 
2
0 2147483714 0 
0 67 520093696 
2
0 2147483651 0 
0 3 520093696 
2
0 1375731712 0 
4128 2181038080 0 
2
0 1241513984 0 
4128 2181038080 0 
2
0 1140851712 0 
4294967295 4293983244 1610612736 
2
0 1111490560 0 
4128 2181038080 0 
2
0 1109393408 0 
4128 2181038080 0 
2
0 1082134528 0 
4128 2206265356 1610612736 
2
0 1077944320 0 
4128 3284197388 1610612736 
2
0 1077940224 0 
4128 3284201484 1610612736 
2
0 1077938176 0 
4128 3284203532 1610612736 
2
0 1074267136 0 
4294967295 4294507532 1610612736 
2
0 1073744896 0 
4294967295 4294967295 4278190080 
2
0 1073743360 0 
4294967295 4294967295 4278190080 
2
0 1073743104 0 
4294967295 4294966783 4278190080 
2
0 1073742976 0 
4294967295 4294966527 4278190080 
2
0 1073742912 0 
0 1091 520093696 
2
0 1073742849 0 
0 1027 520093696 
2
0 1073741890 0 
0 67 520093696 
2
0 1073741827 0 
0 3 520093696 
2
0 603980800 0 
4294967295 4293983244 1610612736 
2
0 578813952 0 
4128 2181038080 0 
2
0 553664512 0 
4128 2197864460 1610612736 
2
0 553656320 0 
4128 2197872652 1610612736 
2
0 545275904 0 
4128 2206253068 1610612736 
2
0 545263616 0 
4128 2206265356 1610612736 
2
0 541073408 0 
4128 3821068300 1610612736 
2
0 541069312 0 
4128 3821072396 1610612736 
2
0 541067264 0 
4128 3821074444 1610612736 
2
0 538972160 0 
4128 3823169548 1610612736 
2
0 538970112 0 
4128 3823171596 1610612736 
2
0 538969088 0 
4128 3823172620 1610612736 
2
0 537396224 0 
4294967295 4294507532 1610612736 
2
0 536873984 0 
4294967295 4294967295 4278190080 
2
0 536872448 0 
4294967295 4294967295 4278190080 
2
0 536872192 0 
4294967295 4294966783 4278190080 
2
0 536872064 0 
4294967295 4294966527 4278190080 
2
0 536872000 0 
0 1091 520093696 
2
0 536871937 0 
0 1027 520093696 
2
0 536870978 0 
0 67 520093696 
2
0 536870915 0 
0 3 520093696 
2
0 336592896 0 
4128 4160749567 4278190080 
2
0 335545344 0 
4294967295 4293983244 1610612736 
2
0 285220864 0 
4128 2197872652 1610612736 
2
0 276828160 0 
4128 2206265356 1610612736 
2
0 272637952 0 
4128 4089503756 1610612736 
2
0 272633856 0 
4128 4089507852 1610612736 
2
0 272631808 0 
4128 4089509900 1610612736 
2
0 270536704 0 
4128 4091605004 1610612736 
2
0 270534656 0 
4128 4091607052 1610612736 
2
0 270533632 0 
4128 4091608076 1610612736 
2
0 270008320 0 
4128 4093640703 4278190080 
2
0 269486080 0 
4128 4092655628 1610612736 
2
0 269485056 0 
4128 4092656652 1610612736 
2
0 268960768 0 
4294967295 4294507532 1610612736 
2
0 268438528 0 
4294967295 4294967295 4278190080 
2
0 268436992 0 
4294967295 4294967295 4278190080 
2
0 268436736 0 
4294967295 4294966783 4278190080 
2
0 268436608 0 
4294967295 4294966527 4278190080 
2
0 268436544 0 
0 1091 520093696 
2
0 268436481 0 
0 1027 520093696 
2
0 268435522 0 
0 67 520093696 
2
0 268435459 0 
0 3 520093696 
2
0 201327616 0 
4294967295 4293983244 1610612736 
2
0 151003136 0 
4128 2197872652 1610612736 
2
0 142614528 0 
4128 2206261260 1610612736 
2
0 142610432 0 
4128 2206265356 1610612736 
2
0 134743040 0 
4294967295 4294507532 1610612736 
2
0 134220800 0 
4294967295 4294967295 4278190080 
2
0 134219264 0 
4294967295 4294967295 4278190080 
2
0 134219008 0 
4294967295 4294966783 4278190080 
2
0 134218880 0 
4294967295 4294966527 4278190080 
2
0 134218816 0 
0 1091 520093696 
2
0 134218753 0 
0 1027 520093696 
2
0 134217794 0 
0 67 520093696 
2
0 134217731 0 
0 3 520093696 
2
0 100664320 0 
4294963167 2146499596 1610612736 
2
0 100664320 0 
4128 2181038080 0 
2
0 83894272 0 
4128 2197872652 1610612736 
2
0 75505664 0 
4128 2206261260 1610612736 
2
0 75498496 0 
4294967295 4293983244 1610612736 
2
0 71304192 0 
4294967295 4293983244 1610612736 
2
0 69207040 0 
4294967295 4293983244 1610612736 
2
0 68158464 0 
4294967295 4293983244 1610612736 
2
0 67372032 0 
4294967295 4293983244 1610612736 
2
0 67371009 0 
4294967295 4294967295 4278190080 
2
0 67142656 0 
4294967295 4293983244 1610612736 
2
0 67109952 0 
4294967295 4293983244 1610612736 
2
0 67109896 0 
4294967295 4293983244 1610612736 
2
0 67109888 1073741824 
4294967295 4293983244 1610612736 
2
0 67109888 536870912 
4294967295 4293983244 1610612736 
2
0 67109440 0 
4294967295 4293983823 2130706432 
2
0 67109377 0 
4294967295 4293983759 2130706432 
2
0 67109184 0 
4294967295 4293984079 2130706432 
2
0 67109121 0 
4294967295 4293984015 2130706432 
2
0 67108994 0 
4294967295 4293984142 1610612736 
2
0 67108993 0 
4294967295 4293984143 2130706432 
2
0 50335744 0 
4128 2181038080 0 
2
0 41947136 0 
4128 2181038080 0 
2
0 41947136 0 
0 58781708 1610612736 
2
0 34079744 0 
4294963167 2147023884 1610612736 
2
0 34079744 0 
4128 2181038080 0 
2
0 33557504 0 
4294963167 2147483647 4278190080 
2
0 33557504 0 
4128 2181038080 0 
2
0 33555968 0 
4294963167 2147483647 4278190080 
2
0 33555968 0 
4128 2181038080 0 
2
0 33555712 0 
4294963167 2147483135 4278190080 
2
0 33555712 0 
4128 2181038080 0 
2
0 33555584 0 
4294963167 2147482879 4278190080 
2
0 33555584 0 
4128 2181038080 0 
2
0 33555520 0 
0 1091 520093696 
2
0 33555457 0 
0 1027 520093696 
2
0 33554498 0 
0 67 520093696 
2
0 33554435 0 
0 3 520093696 
2
0 20979712 0 
4128 2197872652 1610612736 
2
0 18882560 0 
4128 2197872652 1610612736 
2
0 17833984 0 
4128 2197872652 1610612736 
2
0 17309696 0 
4128 2197872652 1610612736 
2
0 17047552 0 
4128 2197872652 1610612736 
2
0 16916480 0 
4128 2197872652 1610612736 
2
0 16814080 0 
4128 2197848064 0 
2
0 16787456 0 
4128 2197872652 1610612736 
2
0 16786432 0 
4128 2197872652 1610612736 
2
0 16785920 0 
4128 2197872652 1610612736 
2
0 16785664 0 
4128 2197872652 1610612736 
2
0 16785536 0 
4128 2197872652 1610612736 
2
0 16785472 0 
4128 2197872652 1610612736 
2
0 16785440 0 
4128 2197872652 1610612736 
2
0 16785410 0 
4128 2197872652 1610612736 
2
0 16785409 0 
4128 2197872652 1610612736 
2
0 12587008 0 
4128 2206265356 1610612736 
2
0 10493952 0 
4128 2206261260 1610612736 
2
0 9445376 0 
4128 2206261260 1610612736 
2
0 8921088 0 
4128 2206261260 1610612736 
2
0 8913920 0 
4294967295 4294507532 1610612736 
2
0 8658944 0 
4128 2206261260 1610612736 
2
0 8527872 0 
4128 2206261260 1610612736 
2
0 8425472 0 
4128 2206265356 1610612736 
2
0 8398848 0 
4128 2206261260 1610612736 
2
0 8397824 0 
4128 2206261260 1610612736 
2
0 8397312 0 
4128 2206261260 1610612736 
2
0 8397056 0 
4128 2206261260 1610612736 
2
0 8396928 0 
4128 2206261260 1610612736 
2
0 8396864 0 
4128 2206261260 1610612736 
2
0 8396832 0 
4128 2206261260 1610612736 
2
0 8396802 0 
4128 2206261260 1610612736 
2
0 8396801 0 
4128 2206261260 1610612736 
2
0 8392712 0 
4128 2206265356 1610612736 
2
0 8392704 1073741824 
4128 2206265356 1610612736 
2
0 8392704 536870912 
4128 2206265356 1610612736 
2
0 8391680 0 
4294967295 4294967295 4278190080 
2
0 8390144 0 
4294967295 4294967295 4278190080 
2
0 8389888 0 
4294967295 4294966783 4278190080 
2
0 8389760 0 
4294967295 4294966527 4278190080 
2
0 8389696 0 
0 1091 520093696 
2
0 8389633 0 
0 1027 520093696 
2
0 8388674 0 
0 67 520093696 
2
0 8388611 0 
0 3 520093696 
2
0 4719616 0 
4294967295 4294507532 1610612736 
2
0 4197376 0 
4294967295 4294967295 4278190080 
2
0 4195840 0 
4294967295 4294967295 4278190080 
2
0 4195584 0 
4294967295 4294966783 4278190080 
2
0 4195456 0 
4294967295 4294966527 4278190080 
2
0 4195392 0 
0 1091 520093696 
2
0 4195329 0 
0 1027 520093696 
2
0 4194370 0 
0 67 520093696 
2
0 4194307 0 
0 3 520093696 
2
0 2622464 0 
4294967295 4294507532 1610612736 
2
0 2100224 0 
4294967295 4294967295 4278190080 
2
0 2098688 0 
4294967295 4294967295 4278190080 
2
0 2098432 0 
4294967295 4294966783 4278190080 
2
0 2098304 0 
4294967295 4294966527 4278190080 
2
0 2098240 0 
0 1091 520093696 
2
0 2098177 0 
0 1027 520093696 
2
0 2097218 0 
0 67 520093696 
2
0 2097155 0 
0 3 520093696 
2
0 1573888 0 
4294967295 4294507532 1610612736 
2
0 1049664 0 
0 1091 520093696 
2
0 1049601 0 
0 1027 520093696 
2
0 1048642 0 
0 67 520093696 
2
0 1048579 0 
0 3 520093696 
2
0 787456 0 
4294967295 4294507532 1610612736 
2
0 786433 0 
4294967295 4294967295 4278190080 
2
0 558080 0 
4294967295 4294507532 1610612736 
2
0 525320 0 
4294967295 4294507532 1610612736 
2
0 525312 1073741824 
4294967295 4294507532 1610612736 
2
0 525312 536870912 
4294967295 4294507532 1610612736 
2
0 524864 0 
0 983152 2147483648 
2
0 524801 0 
4294967295 4294508047 2130706432 
2
0 524608 0 
0 983152 2147483648 
2
0 524545 0 
4294967295 4294508303 2130706432 
2
0 524417 0 
4294967295 4294508431 2130706432 
2
0 263296 0 
4294967295 4294769804 1610612736 
2
0 262720 0 
0 458864 2147483648 
2
0 262464 0 
0 458864 2147483648 
2
0 262274 0 
4294967295 4294770574 1610612736 
2
0 262273 0 
4294967295 4294770575 2130706432 
2
0 131648 0 
0 196720 2147483648 
2
0 131392 0 
0 196720 2147483648 
2
0 35840 0 
4294967295 4294967295 4278190080 
2
0 34304 0 
4294967295 4294967295 4278190080 
2
0 34048 0 
4294967295 4294966783 4278190080 
2
0 33920 0 
4294967295 4294966527 4278190080 
2
0 33856 0 
0 1091 520093696 
2
0 33793 0 
0 1027 520093696 
2
0 32834 0 
0 67 520093696 
2
0 32771 0 
0 3 520093696 
2
0 5248 0 
0 1920 0 
2
0 3200 0 
0 1920 0 
2
0 3080 0 
4294967295 4294967295 4278190080 
2
0 3072 1073741824 
4294967295 4294967295 4278190080 
2
0 3072 536870912 
4294967295 4294967295 4278190080 
2
0 1600 0 
4294967295 4294967292 3758096384 
2
0 1544 0 
4294967295 4294967295 4278190080 
2
0 1536 1073741824 
4294967295 4294967295 4278190080 
2
0 1536 536870912 
4294967295 4294967295 4278190080 
2
0 1344 0 
4294967295 4294966780 3758096384 
2
0 1288 0 
4294967295 4294966783 4278190080 
2
0 1280 1073741824 
4294967295 4294966783 4278190080 
2
0 1280 536870912 
4294967295 4294966783 4278190080 
2
0 1160 0 
4294967295 4294966527 4278190080 
2
0 1152 1073741824 
4294967295 4294966527 4278190080 
2
0 1152 536870912 
4294967295 4294966527 4278190080 
2
0 1096 0 
0 1091 520093696 
2
0 1090 0 
0 67 520093696 
2
0 1088 1073741824 
0 1091 520093696 
2
0 1088 536870912 
0 1091 520093696 
2
0 1033 0 
0 1027 520093696 
2
0 1027 0 
0 3 520093696 
2
0 1025 1073741824 
0 1027 520093696 
2
0 1025 536870912 
0 1027 520093696 
2
0 74 0 
0 67 520093696 
2
0 66 1073741824 
0 67 520093696 
2
0 66 536870912 
0 67 520093696 
2
0 11 0 
0 3 520093696 
2
0 3 1073741824 
0 3 520093696 
2
0 3 536870912 
0 3 520093696 
2
68 514 0 
4294967292 4226874894 1610612736 
6
68 258 0 
4294967292 4226875150 1610612736 
4
3179008 0 0 
4294901759 4294967295 4278190080 
2
2130688 0 0 
4294901759 4294967295 4278190080 
2
520 269484032 0 
4294967279 4160749567 4278190080 
2
12 1074790400 0 
4294967295 4294967295 4278190080 
2
76 1048576 0 
4294967295 4294967295 4278190080 
2
0 1577218 0 
0 983539 2667577344 
2147483647
0 1577474 0 
0 984051 2667577344 
2147483647
0 1343230976 0 
4294963167 471795699 2667577344 
2147483647
324 514 0 
4294967292 4226874894 1610612736 
6
68 1073742082 0 
4294967292 4226875150 1610612736 
4
3179264 0 0 
4294901759 4294967295 4278190080 
4
772 269484032 0 
4294967271 4160749567 4278190080 
2
520 1343225856 0 
4294967279 4160749567 4278190080 
2
24 1076887552 0 
4294967295 4294967295 4278190080 
2
520 1076887552 0 
4294967295 4294967295 4278190080 
2
76 1074790400 0 
4294967295 4294967295 4278190080 
2
456 1048576 0 
4294967295 4294967295 4278190080 
2
0 1074270722 0 
0 984051 2667577344 
2
8 528898 0 
0 984051 2667577344 
2
2 1345323008 0 
4294963166 403701760 0 
2
0 1075319298 0 
0 984051 2667577344 
2147483647
0 1343230466 0 
4294963167 471794675 2667577344 
2147483647
24 1074795520 0 
4294963167 68093939 2667577344 
2147483647
324 1073742338 0 
4294967292 4226874894 1610612736 
6
324 1073742082 0 
4294967292 4226875150 1610612736 
4
16 1581570 0 
0 984051 2667577344 
4
0 1344300032 0 
4294963167 473892851 2667577344 
4
900 269484032 0 
4294967271 4160749567 4278190080 
2
520 1343229952 0 
4294967279 4160749567 4278190080 
2
24 1076895744 0 
4294967295 4294967295 4278190080 
2
520 1076895744 0 
4294967295 4294967295 4278190080 
2
76 1343225856 0 
4294963164 268435456 0 
2
1049032 1048576 0 
4294967295 4294967295 4278190080 
2
8 1074270722 0 
0 984051 2667577344 
2
0 1075323394 0 
0 984051 2667577344 
2
2 1345331200 0 
4294963166 403701760 0 
2
0 1345332224 0 
4294963167 471795699 2667577344 
2
8 1075319298 0 
0 984051 2667577344 
2147483647
280 1074795520 0 
4294963167 68093939 2667577344 
2147483647
324 1073746434 0 
4294967292 4226874894 1610612736 
6
324 1074790658 0 
4294967292 4226875150 1610612736 
4
332 1343225856 0 
4294963164 268435456 0 
4
16 1075323394 0 
0 984051 2667577344 
4
4195204 269484032 0 
4294967271 4160749567 4278190080 
2
33412 1343225856 0 
4294967015 4160749567 4278190080 
2
8324 1345323008 0 
4294963100 403701760 0 
2
1049032 1074790400 0 
4294967295 4294967295 4278190080 
2
340 1074794496 0 
4294963156 0 0 
2
0 1345331714 0 
4294963167 471794675 2667577344 
2
0 1077428738 0 
0 984051 2667577344 
2
33728 1342177280 0 
4294962880 0 0 
2
324 1074795010 0 
4294967292 4226874894 1610612736 
6
324 1074794754 0 
4294967292 4226875150 1610612736 
4
4195204 1343225856 0 
4294967271 4160749567 4278190080 
4
8580 1345323008 0 
4294963100 403701760 0 
4
8596 1076887552 0 
4294963088 0 0 
4
9092 1076887552 0 
4294963072 0 0 
4
4227716 1343225856 0 
4294967015 4160749567 4278190080 
2
1049032 1076887552 0 
4294967295 4294967295 4278190080 
2
340 1074795008 0 
4294963156 0 0 
2
276 1074795010 0 
4294963159 68092915 2667577344 
2
1082304 1342177280 0 
4294962880 0 0 
2
8596 1076887552 536870912 
4294963088 0 0 
2147483647
340 1074795010 0 
4294963156 0 0 
8
4227972 1343225856 0 
4294967015 4160749567 4278190080 
2
1057668 1076887552 0 
4294963072 0 0 
2
1114568 1076887552 0 
4294967295 4294967295 4278190080 
2
1086400 1342177280 0 
4294962880 0 0 
2
2105748 1076887552 536870912 
4294963088 0 0 
2147483647
3154820 1076887552 0 
4294963072 0 0 
2
1086400 1342178304 0 
4294962880 0 0 
2
6300052 1076887552 536870912 
4294963088 0 0 
2
