4
0 1 2 3 
793
0 0 0 536870912 
4294967295 4294967295 4294967295 4294934464 
2147483647
1572864 0 0 0 
3892314111 4294967295 4294967295 4294967232 
2147483647
327680 0 0 0 
4227727359 4294967295 4294967295 4294967232 
2147483647
294912 0 0 0 
4194107391 4294967295 4294967295 4294967232 
2147483647
278528 0 0 0 
4194074623 4294967295 4294967295 4294967232 
2147483647
270336 0 0 0 
4194058239 4294967295 4294967295 4294967232 
2147483647
163840 0 0 0 
4194238463 4294967295 4294967295 4294967232 
2147483647
147456 0 0 0 
4194205695 4294967295 4294967295 4294967232 
2147483647
139264 0 0 0 
4194189311 4294967295 4294967295 4294967232 
2147483647
81920 0 0 0 
4261380095 4294967295 4294967295 4294967232 
2147483647
73728 0 0 0 
4261363711 4294967295 4294967295 4294967232 
2147483647
40960 0 0 0 
4261396479 4294967295 4294967295 4294967232 
2147483647
6144 0 0 0 
4269801471 4294967295 4294967295 4294967232 
2147483647
256 262144 0 0 
530577916 2147483647 4294967295 4294967232 
2147483647
0 1048832 0 0 
4294967295 4294442879 4294967295 4294967232 
2147483647
0 0 40960 0 
4294967295 4294967295 4294950911 4294967232 
2147483647
0 0 36864 0 
0 0 61440 0 
2147483647
0 0 32769 0 
4294967295 4294967295 4294901759 4294967232 
2147483647
0 0 12 0 
0 503439361 3760062476 0 
2147483647
0 0 8 16777216 
0 503439361 3760062476 16777216 
2147483647
0 0 4 33554432 
0 503439361 3760062476 33554432 
2147483647
0 0 0 402653184 
4294967295 4294967295 4294967295 4294967232 
2147483647
0 0 0 201326592 
4294967295 4294967295 4294967295 4294967232 
2147483647
0 0 0 50331648 
0 503439361 3760062476 50331648 
2147483647
0 0 0 12582912 
4294967295 4294967295 4294967295 4294967232 
2147483647
0 0 0 6291456 
4294967295 4294967295 4294967295 4294965696 
2147483647
262144 0 0 8388608 
4168878019 4261929087 3892185084 1065416704 
4
131072 0 0 8388608 
4169009091 4261929087 3892185084 1065416704 
4
65536 0 0 8388608 
4236183491 4261929087 3892185084 1065416704 
4
32768 0 0 8388608 
4236216259 4261929087 3892185084 1065416704 
4
0 0 0 655360 
4294967295 4294967295 4294967295 4294704640 
4
1048704 0 0 0 
4294967295 4294967295 4294967295 4294967232 
2
786432 0 0 0 
4294967295 4294967295 4294967295 4294967232 
2
655360 0 0 0 
4227596287 4294967295 4294967295 4294967232 
2
589824 0 0 0 
4227465215 4294967295 4294967295 4294967232 
2
557056 0 0 0 
4193845247 4294967295 4294967295 4294967232 
2
540672 0 0 0 
4193812479 4294967295 4294967295 4294967232 
2
532480 0 0 0 
4193796095 4294967295 4294967295 4294967232 
2
528384 0 0 0 
4193787903 4294967295 4294967295 4294967232 
2
524416 0 0 0 
3891265535 4294967295 4294967295 4294967232 
2
524288 0 0 8388608 
4168615875 4261929087 3892185084 1065416704 
2
524288 0 0 4194304 
4168615875 4261929087 3892185084 1069611008 
2
266240 0 0 0 
4194050047 4294967295 4294967295 4294967232 
2
262144 0 0 4194304 
4168878019 4261929087 3892185084 1069611008 
2
135168 0 0 0 
4194181119 4294967295 4294967295 4294967232 
2
131072 0 0 4194304 
4169009091 4261929087 3892185084 1069611008 
2
69632 0 0 0 
4261355519 4294967295 4294967295 4294967232 
2
65536 0 0 4194304 
4236183491 4261929087 3892185084 1069611008 
2
36864 0 0 0 
4261388287 4294967295 4294967295 4294967232 
2
32768 0 0 4194304 
4236216259 4261929087 3892185084 1069611008 
2
20480 0 0 0 
4294959103 4294967295 4294967295 4294967232 
2
16384 0 0 8388608 
4269787075 4261929087 3892185084 1065416704 
2
16384 0 0 4194304 
4269787075 4261929087 3892185084 1069611008 
2
12288 0 0 0 
4294967295 4294967295 4294967295 4294967232 
2
4112 0 0 0 
4269799423 4294967295 4294967295 4294967232 
2
2064 0 0 0 
4294967295 4294967295 4294967295 4294967232 
2
128 1073741824 0 0 
4294967295 4294967295 4294967295 4294967232 
2
8 2097152 0 0 
4294967291 4294967295 4294967295 4294967232 
2
0 1073741828 0 0 
4294967295 4294836223 4294967295 4294967232 
2
0 131076 0 0 
4294967295 4294967295 4294967295 4294967232 
2
0 256 134217728 0 
4294967295 4294967295 4294967295 4294967232 
2
0 256 4096 0 
4294967295 4294967295 4160749567 4294967232 
2
0 0 134221824 0 
4294967295 4294967295 4294967295 4294967232 
2
0 0 2097184 0 
4294967295 4294967295 4294967295 4294967232 
2
0 0 4096 2147483648 
4294967295 4294967295 4294967295 4294967232 
2
0 0 192 0 
4294967295 4294967295 4294967295 4294967232 
2
0 0 0 142606336 
0 503439361 3760062476 260077568 
2
0 0 0 138412032 
0 503439361 3760062476 264271872 
2
0 0 0 6291456 
0 0 0 6292992 
2
0 0 0 3145728 
4294967295 4294967295 4294967295 4294967232 
2
0 0 0 2621440 
4294967295 4294967295 4294967295 4293918656 
2
0 0 0 393216 
4294967295 4294967295 4294967295 4294967232 
2
1572992 0 0 0 
404226048 0 0 0 
2147483647
1310784 0 0 0 
3891789823 4294967295 4294967295 4294967232 
2147483647
1179712 0 0 0 
3824418815 4294967295 4294967295 4294967232 
2147483647
1114176 0 0 0 
3824287743 4294967295 4294967295 4294967232 
2147483647
1081408 0 0 0 
3790667775 4294967295 4294967295 4294967232 
2147483647
1065024 0 0 0 
3790635007 4294967295 4294967295 4294967232 
2147483647
1056832 0 0 0 
3790618623 4294967295 4294967295 4294967232 
2147483647
1048768 0 0 0 
4294967295 4294967295 4294967295 4294967232 
2147483647
1048704 262144 0 0 
530577660 2147483647 4294967295 4294967232 
2147483647
655424 0 0 0 
4227596287 4294967295 4294967295 4294967232 
2147483647
589888 0 0 0 
4227465215 4294967295 4294967295 4294967232 
2147483647
557120 0 0 0 
4193845247 4294967295 4294967295 4294967232 
2147483647
540736 0 0 0 
4193812479 4294967295 4294967295 4294967232 
2147483647
532544 0 0 0 
4193796095 4294967295 4294967295 4294967232 
2147483647
524672 0 0 0 
3891265535 4294967295 4294967295 4294967232 
2147483647
524480 0 0 0 
3891265535 4294967295 4294967295 4294967232 
2147483647
524416 262144 0 0 
126875900 2147483647 4294967295 4294967232 
2147483647
266272 0 0 0 
4194050047 4294967295 4294967295 4294967232 
2147483647
266240 16777216 0 0 
4194050047 4294967295 4294967295 4294967232 
2147483647
264224 0 0 0 
4168880127 4294967295 4294967295 4294967232 
2147483647
135200 0 0 0 
4194181119 4294967295 4294967295 4294967232 
2147483647
135168 16777216 0 0 
4194181119 4294967295 4294967295 4294967232 
2147483647
133152 0 0 0 
4169011199 4294967295 4294967295 4294967232 
2147483647
69664 0 0 0 
4261355519 4294967295 4294967295 4294967232 
2147483647
69632 16777216 0 0 
4261355519 4294967295 4294967295 4294967232 
2147483647
67616 0 0 0 
4236185599 4294967295 4294967295 4294967232 
2147483647
36896 0 0 0 
4261388287 4294967295 4294967295 4294967232 
2147483647
36864 16777216 0 0 
4261388287 4294967295 4294967295 4294967232 
2147483647
34848 0 0 0 
4236218367 4294967295 4294967295 4294967232 
2147483647
20512 0 0 0 
4294959103 4294967295 4294967295 4294967232 
2147483647
20480 16777216 0 0 
4294959103 4294967295 4294967295 4294967232 
2147483647
18464 0 0 0 
4269789183 4294967295 4294967295 4294967232 
2147483647
12288 16777216 0 0 
4294967295 4294967295 4294967295 4294967232 
2147483647
10272 0 0 0 
4269797375 4294967295 4294967295 4294967232 
2147483647
4120 0 0 0 
4269799423 4294967295 4294967295 4294967232 
2147483647
256 48 0 0 
530577916 2147221503 4294967295 4294967232 
2147483647
192 1073741824 0 0 
4294967295 3758096383 4294967295 4294967232 
2147483647
192 131072 0 0 
4294967295 2684354559 4294967295 4294967232 
2147483647
128 1074003968 0 0 
530577660 2147483647 4294967295 4294967232 
2147483647
32 8390656 0 0 
4294967295 4278185983 4294967295 4294967232 
2147483647
8 6291456 0 0 
4294967291 4294967295 4294967295 4294967232 
2147483647
8 3145728 0 0 
4294967291 4294967295 4294967295 4294967232 
2147483647
8 2097408 0 0 
4294967291 4293394303 4294967295 4294967232 
2147483647
0 1073741836 0 0 
4294967295 4294836223 4294967295 4294967232 
2147483647
0 1073741828 2097152 0 
4294967295 4294836221 4294967295 4294967232 
2147483647
0 25167872 0 0 
4294967295 4294963199 4294967295 4294967232 
2147483647
0 16779264 268435456 0 
4294967295 4294963199 4294967295 4294967232 
2147483647
0 2097408 134217728 0 
4294967295 4293394303 4294967295 4294967232 
2147483647
0 1049088 134217728 0 
4294967295 4294442623 4294967295 4294967232 
2147483647
0 131076 2097152 0 
4294967295 4294967293 4294967295 4294967232 
2147483647
0 32 33554944 0 
4294967295 4294967231 4227857407 4294967232 
2147483647
0 32 33554688 0 
4294967295 4294967231 4227856895 4294967232 
2147483647
0 4 6291456 0 
4294967295 4294967293 4294967295 4294967232 
2147483647
0 0 268451841 0 
4294967295 4294967295 4294868991 4294967232 
2147483647
0 0 268443649 0 
4294967295 4294967295 4294852607 4294967232 
2147483647
0 0 134254592 0 
4294967295 4294967295 4294942719 4294967232 
2147483647
0 0 134238208 0 
4294967295 4294967295 4294959103 4294967232 
2147483647
0 0 786440 0 
0 503439361 3760062464 0 
2147483647
0 0 786436 0 
0 503439361 3760062464 0 
2147483647
0 0 36864 2147483648 
4294967295 4294967295 4294942719 4294967232 
2147483647
0 0 32768 10485760 
4294967295 4294967295 4294901756 4290771392 
2147483647
0 0 32768 6291456 
0 0 0 6292992 
2147483647
0 0 20480 2147483648 
4294967295 4294967295 4294959103 4294967232 
2147483647
0 0 4096 2147614720 
4294967295 4294967295 4294965247 1073676224 
2147483647
0 0 192 268435456 
4294967295 4294967295 4294967295 3758063552 
2147483647
0 0 96 268435456 
4294967295 4294967295 4294967295 3758063552 
2147483647
0 0 96 134217728 
4294967295 4294967295 4294967279 3489628096 
2147483647
0 0 4 20971520 
4294967295 4294967295 4294967295 4286578624 
2147483647
0 0 1 10485760 
4294967295 4294967295 4294967293 4290771392 
2147483647
0 0 1 6291456 
0 0 0 6292992 
2147483647
0 0 1 5242880 
4294967295 4294967295 4294967293 4292868544 
2147483647
0 0 1 4718592 
4294967295 4294967295 4294967293 4291819968 
2147483647
0 0 1 2621440 
4294967295 4294967295 4294967295 4293918656 
2147483647
0 0 0 2148139008 
4294967295 4294967295 4294967295 4294704640 
2147483647
0 0 0 1441792 
4294967295 4294967295 4294967295 4294180352 
2147483647
262144 0 0 10485760 
4168878019 4261929087 3892185084 1065416704 
12
262144 0 1 8388608 
4168878019 4261929087 3892185084 1065416704 
10
131072 0 1 8388608 
4169009091 4261929087 3892185084 1065416704 
10
131072 0 0 10485760 
4169009091 4261929087 3892185084 1065416704 
10
0 2097664 134217728 0 
4294967295 4293394047 4294967295 4294967232 
10
851968 0 0 0 
67567616 0 0 0 
8
262144 0 1 4194304 
4168878019 4261929087 3892185084 1069611008 
8
131072 0 1 4194304 
4169009091 4261929087 3892185084 1069611008 
8
65536 0 1 8388608 
4236183491 4261929087 3892185084 1065416704 
8
65536 0 1 4194304 
4236183491 4261929087 3892185084 1069611008 
8
65536 0 0 10485760 
4236183491 4261929087 3892185084 1065416704 
8
0 2097920 0 0 
4294967295 4293394303 4294967295 4294967232 
8
1376256 0 0 0 
67567616 0 0 0 
6
819200 0 0 0 
67600384 0 0 0 
6
786432 0 0 8388608 
4168615875 4261929087 3892185084 1065416704 
6
655360 0 0 8388608 
4168615875 4261929087 3892185084 1065416704 
6
589824 0 0 8388608 
4168615875 4261929087 3892185084 1065416704 
6
557056 0 0 8388608 
4168615875 4261929087 3892185084 1065416704 
6
266240 0 0 8388608 
4168878019 4261929087 3892185084 1065416704 
6
262144 0 4 16777216 
4168878019 4261929087 3892185084 1057028096 
6
262144 0 1 2097152 
4168878019 4261929087 3892185087 1071709696 
6
262144 0 0 9437184 
4168878019 4261929087 3892185084 1065416704 
6
262144 0 0 8912896 
4168878019 4261929087 3892185084 1065416704 
6
135168 0 0 8388608 
4169009091 4261929087 3892185084 1065416704 
6
131072 0 4 16777216 
4169009091 4261929087 3892185084 1057028096 
6
131072 0 1 2097152 
4169009091 4261929087 3892185087 1071709696 
6
131072 0 0 9437184 
4169009091 4261929087 3892185084 1065416704 
6
131072 0 0 8912896 
4169009091 4261929087 3892185084 1065416704 
6
69632 0 0 8388608 
4236183491 4261929087 3892185084 1065416704 
6
65536 0 4 16777216 
4236183491 4261929087 3892185084 1057028096 
6
65536 0 1 2097152 
4236183491 4261929087 3892185087 1071709696 
6
65536 0 0 9437184 
4236183491 4261929087 3892185084 1065416704 
6
65536 0 0 8912896 
4236183491 4261929087 3892185084 1065416704 
6
36864 0 0 8388608 
4236216259 4261929087 3892185084 1065416704 
6
32768 0 4 16777216 
4236216259 4261929087 3892185084 1057028096 
6
32768 0 1 8388608 
4236216259 4261929087 3892185084 1065416704 
6
32768 0 1 4194304 
4236216259 4261929087 3892185084 1069611008 
6
32768 0 1 2097152 
4236216259 4261929087 3892185087 1071709696 
6
32768 0 0 10485760 
4236216259 4261929087 3892185084 1065416704 
6
32768 0 0 9437184 
4236216259 4261929087 3892185084 1065416704 
6
32768 0 0 8912896 
4236216259 4261929087 3892185084 1065416704 
6
20480 0 0 8388608 
4269787075 4261929087 3892185084 1065416704 
6
12288 0 0 8388608 
4269795267 4261929087 3892185084 1065416704 
6
6160 0 0 0 
25171968 0 0 0 
6
0 3145984 0 0 
0 1573248 0 0 
6
0 2098432 0 0 
4294967295 4293393791 4294967295 4294967232 
6
0 0 134221824 1048576 
4294967295 4294967295 4294965247 1072758272 
6
0 0 32768 9437184 
4294967295 4294967295 4294901756 4288674240 
6
0 0 32768 8912896 
4294967295 4294967295 4294901756 4287625664 
6
0 0 4096 2148532224 
4294967295 4294967295 4294965247 1072758272 
6
0 0 4096 655360 
4294967295 4294967295 4294965247 1073282560 
6
0 0 4096 655360 
0 0 6144 3221422080 
6
0 0 0 2752512 
4294967295 4294967295 4294967295 4293131776 
6
1343488 0 0 0 
67600384 0 0 0 
4
1048640 0 0 8388608 
3765438403 4261929087 3892185084 1065416704 
4
802816 0 0 0 
101171200 0 0 0 
4
790528 0 0 0 
4193787903 4294967295 4294967295 4294967232 
4
786560 0 0 0 
3891265535 4294967295 4294967295 4294967232 
4
786432 0 0 134217728 
126351420 536477569 4162844687 3489628096 
4
786432 0 0 16777216 
126351420 33038208 402782211 3254716352 
4
786432 0 0 8388608 
126351420 33038208 402782211 3237939136 
4
786432 0 0 4194304 
4168615875 4261929087 3892185084 1069611008 
4
786432 0 0 4194304 
126351420 33038208 402782211 3229550528 
4
671744 0 0 0 
33800192 0 0 0 
4
659456 0 0 0 
4193787903 4294967295 4294967295 4294967232 
4
655488 0 0 0 
3823894527 4294967295 4294967295 4294967232 
4
655360 0 0 134217728 
58980412 536477569 4162844687 3489628096 
4
655360 0 0 16777216 
58980412 33038208 402782211 3254716352 
4
655360 0 0 8388608 
58980412 33038208 402782211 3237939136 
4
655360 0 0 4194304 
4168615875 4261929087 3892185084 1069611008 
4
655360 0 0 4194304 
58980412 33038208 402782211 3229550528 
4
606208 0 0 0 
33669120 0 0 0 
4
593920 0 0 0 
4193787903 4294967295 4294967295 4294967232 
4
589952 0 0 0 
3823763455 4294967295 4294967295 4294967232 
4
589824 0 0 134217728 
58849340 536477569 4162844687 3489628096 
4
589824 0 0 16777216 
58849340 33038208 402782211 3254716352 
4
589824 0 0 8388608 
58849340 33038208 402782211 3237939136 
4
589824 0 0 4194304 
4168615875 4261929087 3892185084 1069611008 
4
589824 0 0 4194304 
58849340 33038208 402782211 3229550528 
4
561152 0 0 0 
4193787903 4294967295 4294967295 4294967232 
4
557184 0 0 0 
3790143487 4294967295 4294967295 4294967232 
4
557056 0 0 134217728 
25229372 536477569 4162844687 3489628096 
4
557056 0 0 16777216 
25229372 33038208 402782211 3254716352 
4
557056 0 0 8388608 
25229372 33038208 402782211 3237939136 
4
557056 0 0 4194304 
4168615875 4261929087 3892185084 1069611008 
4
557056 0 0 4194304 
25229372 33038208 402782211 3229550528 
4
544768 0 0 0 
4193787903 4294967295 4294967295 4294967232 
4
540800 0 0 0 
3790110719 4294967295 4294967295 4294967232 
4
540672 0 0 134217728 
25196604 536477569 4162844687 3489628096 
4
540672 0 0 16777216 
25196604 33038208 402782211 3254716352 
4
540672 0 0 8388608 
4168615875 4261929087 3892185084 1065416704 
4
540672 0 0 8388608 
25196604 33038208 402782211 3237939136 
4
540672 0 0 4194304 
4168615875 4261929087 3892185084 1069611008 
4
540672 0 0 4194304 
25196604 33038208 402782211 3229550528 
4
536576 0 0 0 
4193787903 4294967295 4294967295 4294967232 
4
532608 0 0 0 
3790094335 4294967295 4294967295 4294967232 
4
532480 0 0 134217728 
25180220 536477569 4162844687 3489628096 
4
532480 0 0 16777216 
25180220 33038208 402782211 3254716352 
4
532480 0 0 8388608 
25180220 33038208 402782211 3237939136 
4
532480 0 0 4194304 
25180220 33038208 402782211 3229550528 
4
528512 0 0 0 
3790086143 4294967295 4294967295 4294967232 
4
528400 0 0 0 
4168620031 4294967295 4294967295 4294967232 
4
524416 1073741824 0 0 
404226176 0 0 0 
4
524416 0 0 8388608 
3764914115 4261929087 3892185084 1065416704 
4
524416 0 0 4194304 
3764914115 4261929087 3892185084 1069611008 
4
524352 0 0 8388608 
4168615875 4261929087 3892185084 1065416704 
4
524288 0 0 142606336 
0 503439361 3760062476 260077568 
4
266256 0 0 0 
4168882175 4294967295 4294967295 4294967232 
4
266240 0 0 4194304 
4168878019 4261929087 3892185084 1069611008 
4
262336 0 0 0 
3890741247 4294967295 4294967295 4294967232 
4
262192 0 0 0 
4168878079 4294967295 4294967295 4294967232 
4
262144 256 268435456 0 
4168878019 4261929343 4294967295 4294967232 
4
262144 0 402653184 0 
4168878019 4261929087 4294967295 4294967232 
4
262144 0 1 1048576 
4168878019 4261929087 3892185087 1072758272 
4
262144 0 0 5242880 
4168878019 4261929087 3892185084 1069611008 
4
262144 0 0 4718592 
4168878019 4261929087 3892185084 1069611008 
4
135184 0 0 0 
4169013247 4294967295 4294967295 4294967232 
4
135168 0 0 4194304 
4169009091 4261929087 3892185084 1069611008 
4
131264 0 0 0 
3823370239 4294967295 4294967295 4294967232 
4
131120 0 0 0 
4169009151 4294967295 4294967295 4294967232 
4
131072 256 268435456 0 
4169009091 4261929343 4294967295 4294967232 
4
131072 0 402653184 0 
4169009091 4261929087 4294967295 4294967232 
4
131072 0 1 1048576 
4169009091 4261929087 3892185087 1072758272 
4
131072 0 0 5242880 
4169009091 4261929087 3892185084 1069611008 
4
131072 0 0 4718592 
4169009091 4261929087 3892185084 1069611008 
4
69648 0 0 0 
4236187647 4294967295 4294967295 4294967232 
4
69632 0 0 4194304 
4236183491 4261929087 3892185084 1069611008 
4
65728 0 0 0 
3823239167 4294967295 4294967295 4294967232 
4
65584 0 0 0 
4236183551 4294967295 4294967295 4294967232 
4
65536 256 268435456 0 
4236183491 4261929343 4294967295 4294967232 
4
65536 0 402653184 0 
4236183491 4261929087 4294967295 4294967232 
4
65536 0 1 1048576 
4236183491 4261929087 3892185087 1072758272 
4
65536 0 0 5242880 
4236183491 4261929087 3892185084 1069611008 
4
65536 0 0 4718592 
4236183491 4261929087 3892185084 1069611008 
4
36880 0 0 0 
4236220415 4294967295 4294967295 4294967232 
4
36864 0 0 4194304 
4236216259 4261929087 3892185084 1069611008 
4
32960 0 0 0 
3789619199 4294967295 4294967295 4294967232 
4
32816 0 0 0 
4236216319 4294967295 4294967295 4294967232 
4
32768 256 268435456 0 
4236216259 4261929343 4294967295 4294967232 
4
32768 0 402653184 0 
4236216259 4261929087 4294967295 4294967232 
4
32768 0 1 1048576 
4236216259 4261929087 3892185087 1072758272 
4
32768 0 0 5242880 
4236216259 4261929087 3892185084 1069611008 
4
32768 0 0 4718592 
4236216259 4261929087 3892185084 1069611008 
4
20496 0 0 0 
4269791231 4294967295 4294967295 4294967232 
4
20480 0 0 4194304 
4269787075 4261929087 3892185084 1069611008 
4
18432 0 0 8388608 
4269787075 4261929087 3892185084 1065416704 
4
16576 0 0 0 
3789586431 4294967295 4294967295 4294967232 
4
16432 0 0 0 
4269787135 4294967295 4294967295 4294967232 
4
16416 0 0 8388608 
4269787075 4261929087 3892185084 1065416704 
4
16400 0 0 8388608 
4269787075 4261929087 3892185084 1065416704 
4
16392 0 0 8388608 
4269787075 4261929087 3892185084 1065416704 
4
16384 268435456 0 8388608 
4269787075 4261929087 3892185084 1065416704 
4
16384 134217728 0 8388608 
4269787075 4261929087 3892185084 1065416704 
4
16384 67108864 0 8388608 
4269787075 4261929087 3892185084 1065416704 
4
16384 33554432 0 8388608 
4269787075 4261929087 3892185084 1065416704 
4
16384 16777216 0 8388608 
4269787075 4261929087 3892185084 1065416704 
4
16384 8388608 0 8388608 
4269787075 4261929087 3892185084 1065416704 
4
16384 4194304 0 8388608 
4269787075 4261929087 3892185084 1065416704 
4
16384 2097152 0 8388608 
4269787075 4261929087 3892185084 1065416704 
4
16384 1048576 0 8388608 
4269787075 4261929087 3892185084 1065416704 
4
16384 16384 0 8388608 
4269787075 4261929087 3892185084 1065416704 
4
16384 8192 0 8388608 
4269787075 4261929087 3892185084 1065416704 
4
16384 2048 0 8388608 
4269787075 4261929087 3892185084 1065416704 
4
16384 1024 0 8388608 
4269787075 4261929087 3892185084 1065416704 
4
16384 512 0 8388608 
4269787075 4261929087 3892185084 1065416704 
4
16384 256 268435456 0 
4269787075 4261929343 4294967295 4294967232 
4
16384 256 0 8388608 
4269787075 4261929087 3892185084 1065416704 
4
16384 0 1073741824 8388608 
4269787075 4261929087 3892185084 1065416704 
4
16384 0 536870912 8388608 
4269787075 4261929087 3892185084 1065416704 
4
16384 0 402653184 0 
4269787075 4261929087 4294967295 4294967232 
4
16384 0 268435456 8388608 
4269787075 4261929087 3892185084 1065416704 
4
16384 0 134217728 8388608 
4269787075 4261929087 3892185084 1065416704 
4
16384 0 1048576 8388608 
4269787075 4261929087 3892185084 1065416704 
4
16384 0 262144 8388608 
4269787075 4261929087 3892185084 1065416704 
4
16384 0 131072 8388608 
4269787075 4261929087 3892185084 1065416704 
4
16384 0 32768 8388608 
4269787075 4261929087 3892185084 1065416704 
4
16384 0 16384 8388608 
4269787075 4261929087 3892185084 1065416704 
4
16384 0 8192 8388608 
4269787075 4261929087 3892185084 1065416704 
4
16384 0 4096 8388608 
4269787075 4261929087 3892185084 1065416704 
4
16384 0 4 16777216 
4269787075 4261929087 3892185084 1057028096 
4
16384 0 4 8388608 
4269787075 4261929087 3892185084 1065416704 
4
16384 0 1 8388608 
4269787075 4261929087 3892185084 1065416704 
4
16384 0 1 4194304 
4269787075 4261929087 3892185084 1069611008 
4
16384 0 1 2097152 
4269787075 4261929087 3892185087 1071709696 
4
16384 0 1 1048576 
4269787075 4261929087 3892185087 1072758272 
4
16384 0 0 2155872256 
4269787075 4261929087 3892185084 1065416704 
4
16384 0 0 142606336 
0 503439361 3760062476 260077568 
4
16384 0 0 25165824 
4269787075 4261929087 3892185084 1057028096 
4
16384 0 0 10485760 
4269787075 4261929087 3892185084 1065416704 
4
16384 0 0 9437184 
4269787075 4261929087 3892185084 1065416704 
4
16384 0 0 8912896 
4269787075 4261929087 3892185084 1065416704 
4
16384 0 0 8650752 
4269787075 4261929087 3892185084 1065416704 
4
16384 0 0 8519680 
4269787075 4261929087 3892185084 1065416704 
4
16384 0 0 5242880 
4269787075 4261929087 3892185084 1069611008 
4
16384 0 0 4718592 
4269787075 4261929087 3892185084 1069611008 
4
12304 0 0 0 
4269799423 4294967295 4294967295 4294967232 
4
12288 0 0 4194304 
4269795267 4261929087 3892185084 1069611008 
4
10240 0 0 8388608 
4269795267 4261929087 3892185084 1065416704 
4
8384 0 0 0 
3789570047 4294967295 4294967295 4294967232 
4
8240 0 0 0 
4269795327 4294967295 4294967295 4294967232 
4
8208 0 0 8388608 
4269795267 4261929087 3892185084 1065416704 
4
4224 1073741824 0 0 
3789561791 3758096383 4294967295 4294967232 
4
4144 0 0 0 
4269799423 4294967295 4294967295 4294967232 
4
2096 0 0 0 
4294967295 4294967295 4294967295 4294967232 
4
256 262176 0 0 
3764389635 2147745792 0 0 
4
256 262144 33554432 0 
3764389635 2147745792 0 0 
4
256 131072 0 8388608 
3764389635 2651316351 3892185084 1065416704 
4
256 32 33554432 0 
3764389635 2147745824 0 0 
4
192 0 0 8388608 
3764389827 4261929087 3892185084 1065416704 
4
128 1073741828 0 0 
4294967295 4294836223 4294967295 4294967232 
4
128 1073741824 0 8388608 
3764389763 3725058175 3892185084 1065416704 
4
128 1073741824 0 4194304 
3764389763 3725058175 3892185084 1069611008 
4
128 262176 0 0 
3764389763 2147745792 0 0 
4
128 262144 33554432 0 
3764389763 2147745792 0 0 
4
128 131072 0 8388608 
3764389763 2651316351 3892185084 1065416704 
4
128 32 33554432 0 
3764389763 2147745824 0 0 
4
0 1073741844 0 0 
4294967295 4294836223 4294967295 4294967232 
4
0 3146240 0 0 
4294967295 4294967295 4294967295 4294967232 
4
0 393216 0 8388608 
0 503832703 3892185084 1065416704 
4
0 131092 0 0 
4294967295 4294967295 4294967295 4294967232 
4
0 1280 134217728 0 
4294967295 4294967295 4294967295 4294967232 
4
0 256 134221824 0 
4294967295 4294967295 4160749567 4294967232 
4
0 0 134221824 2097152 
4294967295 4294967295 4294965247 1071709696 
4
0 0 134221824 524288 
4294967295 4294967295 4294965247 1073282560 
4
0 0 134221824 131072 
4294967295 4294967295 4294965247 1073676224 
4
0 0 2097312 0 
4294967295 4294967295 4294967295 4294967232 
4
0 0 2097248 0 
4294967295 4294967295 4294967295 4294967232 
4
0 0 32768 5242880 
4294967295 4294967295 4294901756 4292868544 
4
0 0 32768 4718592 
4294967295 4294967295 4294901756 4291819968 
4
0 0 4096 2149580800 
4294967295 4294967295 4294965247 1071709696 
4
0 0 4096 2148007936 
4294967295 4294967295 4294965247 1073282560 
4
0 0 4096 3145728 
0 0 6144 3223257536 
4
0 0 4096 2621440 
0 0 6144 3222208960 
4
0 0 4096 393216 
4294967295 4294967295 4294965247 1073676224 
4
0 0 4096 393216 
0 0 6144 3221422080 
4
0 0 32 142606336 
0 503439361 3760062476 260077568 
4
0 0 0 3276800 
0 0 0 1966528 
4
0 0 0 2752512 
0 0 0 917952 
4
0 0 0 2490368 
4294967295 4294967295 4294967295 4293131776 
4
1572864 1073741824 0 0 
404226048 0 0 0 
2
1572864 131072 0 0 
404226048 0 0 0 
2
1572864 4 0 0 
404226048 0 0 0 
2
1327104 0 0 0 
101171200 0 0 0 
2
1310720 0 0 134217728 
126351420 536477569 4162844687 3489628096 
2
1310720 0 0 16777216 
126351420 33038208 402782211 3254716352 
2
1310720 0 0 8388608 
126351420 33038208 402782211 3237939136 
2
1310720 0 0 4194304 
126351420 33038208 402782211 3229550528 
2
1196032 0 0 0 
33800192 0 0 0 
2
1179648 0 0 134217728 
58980412 536477569 4162844687 3489628096 
2
1179648 0 0 16777216 
58980412 33038208 402782211 3254716352 
2
1179648 0 0 8388608 
58980412 33038208 402782211 3237939136 
2
1179648 0 0 4194304 
58980412 33038208 402782211 3229550528 
2
1130496 0 0 0 
33669120 0 0 0 
2
1114112 0 0 134217728 
58849340 536477569 4162844687 3489628096 
2
1114112 0 0 16777216 
58849340 33038208 402782211 3254716352 
2
1114112 0 0 8388608 
58849340 33038208 402782211 3237939136 
2
1114112 0 0 4194304 
58849340 33038208 402782211 3229550528 
2
1081344 0 0 134217728 
25229372 536477569 4162844687 3489628096 
2
1081344 0 0 16777216 
25229372 33038208 402782211 3254716352 
2
1081344 0 0 8388608 
25229372 33038208 402782211 3237939136 
2
1081344 0 0 4194304 
25229372 33038208 402782211 3229550528 
2
1064960 0 0 134217728 
25196604 536477569 4162844687 3489628096 
2
1064960 0 0 16777216 
25196604 33038208 402782211 3254716352 
2
1064960 0 0 8388608 
25196604 33038208 402782211 3237939136 
2
1064960 0 0 4194304 
25196604 33038208 402782211 3229550528 
2
1056768 0 0 134217728 
25180220 536477569 4162844687 3489628096 
2
1056768 0 0 16777216 
25180220 33038208 402782211 3254716352 
2
1056768 0 0 8388608 
25180220 33038208 402782211 3237939136 
2
1056768 0 0 4194304 
25180220 33038208 402782211 3229550528 
2
1052736 0 0 0 
3790610431 4294967295 4294967295 4294967232 
2
1052672 0 0 134217728 
25172028 536477569 4162844687 3489628096 
2
1048640 0 0 4194304 
3765438403 4261929087 3892185084 1069611008 
2
1048576 0 786432 0 
0 503439361 3760062464 0 
2
526368 0 0 0 
4168617983 4294967295 4294967295 4294967232 
2
524416 131072 0 0 
404226176 0 0 0 
2
524416 4 0 0 
404226176 0 0 0 
2
524336 0 0 0 
4168615935 4294967295 4294967295 4294967232 
2
524304 16777216 0 0 
4168615903 4294967295 4294967295 4294967232 
2
524288 2304 0 0 
4168615875 4261931391 4294967295 4294967232 
2
524288 2048 134217728 0 
4168615875 4261931135 4294967295 4294967232 
2
524288 2048 4096 0 
4168615875 4261931135 4160749567 4294967232 
2
524288 256 268435456 0 
4168615875 4261929343 4294967295 4294967232 
2
524288 0 402653184 0 
4168615875 4261929087 4294967295 4294967232 
2
524288 0 268439552 0 
4168615875 4261929087 4160749567 4294967232 
2
524288 0 786432 0 
0 503439361 3760062464 0 
2
524288 0 4097 0 
4168615875 4261929087 3892191231 4294967232 
2
524288 0 4 16777216 
4168615875 4261929087 3892185084 1057028096 
2
524288 0 1 2097152 
4168615875 4261929087 3892185087 1071709696 
2
524288 0 1 1048576 
4168615875 4261929087 3892185087 1072758272 
2
524288 0 1 524288 
4168615875 4261929087 3892185087 1073282560 
2
524288 0 1 131072 
4168615875 4261929087 3892185087 1073676224 
2
327808 0 0 0 
67567616 0 0 0 
2
295040 0 0 0 
67600384 0 0 0 
2
278656 0 0 0 
101171200 0 0 0 
2
262272 131072 0 0 
3890741183 2684354559 4294967295 4294967232 
2
262272 4 0 0 
3890741183 2684223487 4294967295 4294967232 
2
262272 0 0 134217728 
126351420 536477569 4162844687 3489628096 
2
262272 0 0 16777216 
126351420 33038208 402782211 3254716352 
2
262272 0 0 8388608 
126351420 33038208 402782211 3237939136 
2
262272 0 0 4194304 
126351420 33038208 402782211 3229550528 
2
262160 16777216 0 0 
4168878047 4294967295 4294967295 4294967232 
2
262144 2304 0 0 
4168878019 4261931391 4294967295 4294967232 
2
262144 2048 134217728 0 
4168878019 4261931135 4294967295 4294967232 
2
262144 2048 4096 0 
4168878019 4261931135 4160749567 4294967232 
2
262144 0 268439552 0 
4168878019 4261929087 4160749567 4294967232 
2
262144 0 786432 0 
0 503439361 3760062464 0 
2
262144 0 4097 0 
4168878019 4261929087 3892191231 4294967232 
2
262144 0 1 524288 
4168878019 4261929087 3892185087 1073282560 
2
262144 0 1 131072 
4168878019 4261929087 3892185087 1073676224 
2
147584 0 0 0 
33800192 0 0 0 
2
131200 131072 0 0 
3823370175 2684354559 4294967295 4294967232 
2
131200 4 0 0 
3823370175 2684223487 4294967295 4294967232 
2
131200 0 0 134217728 
58980412 536477569 4162844687 3489628096 
2
131200 0 0 16777216 
58980412 33038208 402782211 3254716352 
2
131200 0 0 8388608 
58980412 33038208 402782211 3237939136 
2
131200 0 0 4194304 
58980412 33038208 402782211 3229550528 
2
131088 16777216 0 0 
4169009119 4294967295 4294967295 4294967232 
2
131072 2304 0 0 
4169009091 4261931391 4294967295 4294967232 
2
131072 2048 134217728 0 
4169009091 4261931135 4294967295 4294967232 
2
131072 2048 4096 0 
4169009091 4261931135 4160749567 4294967232 
2
131072 0 268439552 0 
4169009091 4261929087 4160749567 4294967232 
2
131072 0 786432 0 
0 503439361 3760062464 0 
2
131072 0 4097 0 
4169009091 4261929087 3892191231 4294967232 
2
131072 0 1 524288 
4169009091 4261929087 3892185087 1073282560 
2
131072 0 1 131072 
4169009091 4261929087 3892185087 1073676224 
2
82048 0 0 0 
33669120 0 0 0 
2
65664 131072 0 0 
3823239103 2684354559 4294967295 4294967232 
2
65664 4 0 0 
3823239103 2684223487 4294967295 4294967232 
2
65664 0 0 134217728 
58849340 536477569 4162844687 3489628096 
2
65664 0 0 16777216 
58849340 33038208 402782211 3254716352 
2
65664 0 0 8388608 
58849340 33038208 402782211 3237939136 
2
65664 0 0 4194304 
58849340 33038208 402782211 3229550528 
2
65552 16777216 0 0 
4236183519 4294967295 4294967295 4294967232 
2
65536 2304 0 0 
4236183491 4261931391 4294967295 4294967232 
2
65536 2048 134217728 0 
4236183491 4261931135 4294967295 4294967232 
2
65536 2048 4096 0 
4236183491 4261931135 4160749567 4294967232 
2
65536 0 268439552 0 
4236183491 4261929087 4160749567 4294967232 
2
65536 0 786432 0 
0 503439361 3760062464 0 
2
65536 0 4097 0 
4236183491 4261929087 3892191231 4294967232 
2
65536 0 1 524288 
4236183491 4261929087 3892185087 1073282560 
2
65536 0 1 131072 
4236183491 4261929087 3892185087 1073676224 
2
32896 131072 0 0 
3789619135 2684354559 4294967295 4294967232 
2
32896 4 0 0 
3789619135 2684223487 4294967295 4294967232 
2
32896 0 0 134217728 
25229372 536477569 4162844687 3489628096 
2
32896 0 0 16777216 
25229372 33038208 402782211 3254716352 
2
32896 0 0 8388608 
25229372 33038208 402782211 3237939136 
2
32896 0 0 4194304 
25229372 33038208 402782211 3229550528 
2
32784 16777216 0 0 
4236216287 4294967295 4294967295 4294967232 
2
32768 2304 0 0 
4236216259 4261931391 4294967295 4294967232 
2
32768 2048 134217728 0 
4236216259 4261931135 4294967295 4294967232 
2
32768 2048 4096 0 
4236216259 4261931135 4160749567 4294967232 
2
32768 0 268439552 0 
4236216259 4261929087 4160749567 4294967232 
2
32768 0 786432 0 
0 503439361 3760062464 0 
2
32768 0 4097 0 
4236216259 4261929087 3892191231 4294967232 
2
32768 0 1 524288 
4236216259 4261929087 3892185087 1073282560 
2
32768 0 1 131072 
4236216259 4261929087 3892185087 1073676224 
2
16512 131072 0 0 
3789586367 2684354559 4294967295 4294967232 
2
16512 4 0 0 
3789586367 2684223487 4294967295 4294967232 
2
16512 0 0 134217728 
25196604 536477569 4162844687 3489628096 
2
16512 0 0 16777216 
25196604 33038208 402782211 3254716352 
2
16512 0 0 8388608 
25196604 33038208 402782211 3237939136 
2
16512 0 0 4194304 
25196604 33038208 402782211 3229550528 
2
16400 16777216 0 0 
4269787103 4294967295 4294967295 4294967232 
2
16384 2304 0 0 
4269787075 4261931391 4294967295 4294967232 
2
16384 2048 134217728 0 
4269787075 4261931135 4294967295 4294967232 
2
16384 2048 4096 0 
4269787075 4261931135 4160749567 4294967232 
2
16384 0 268439552 0 
4269787075 4261929087 4160749567 4294967232 
2
16384 0 786432 0 
0 503439361 3760062464 0 
2
16384 0 4097 0 
4269787075 4261929087 3892191231 4294967232 
2
16384 0 1 524288 
4269787075 4261929087 3892185087 1073282560 
2
16384 0 1 131072 
4269787075 4261929087 3892185087 1073676224 
2
10240 0 0 4194304 
4269795267 4261929087 3892185084 1069611008 
2
8320 131072 0 0 
3789569983 2684354559 4294967295 4294967232 
2
8320 4 0 0 
3789569983 2684223487 4294967295 4294967232 
2
8320 0 0 134217728 
25180220 536477569 4162844687 3489628096 
2
8320 0 0 16777216 
25180220 33038208 402782211 3254716352 
2
8320 0 0 8388608 
25180220 33038208 402782211 3237939136 
2
8320 0 0 4194304 
25180220 33038208 402782211 3229550528 
2
8224 0 0 8388608 
4269795267 4261929087 3892185084 1065416704 
2
8224 0 0 4194304 
4269795267 4261929087 3892185084 1069611008 
2
8208 16777216 0 0 
4269795295 4294967295 4294967295 4294967232 
2
8208 0 0 4194304 
4269795267 4261929087 3892185084 1069611008 
2
8200 0 0 8388608 
4269795267 4261929087 3892185084 1065416704 
2
8200 0 0 4194304 
4269795267 4261929087 3892185084 1069611008 
2
8192 268435456 0 8388608 
4269795267 4261929087 3892185084 1065416704 
2
8192 268435456 0 4194304 
4269795267 4261929087 3892185084 1069611008 
2
8192 134217728 0 8388608 
4269795267 4261929087 3892185084 1065416704 
2
8192 134217728 0 4194304 
4269795267 4261929087 3892185084 1069611008 
2
8192 67108864 0 8388608 
4269795267 4261929087 3892185084 1065416704 
2
8192 67108864 0 4194304 
4269795267 4261929087 3892185084 1069611008 
2
8192 33554432 0 8388608 
4269795267 4261929087 3892185084 1065416704 
2
8192 33554432 0 4194304 
4269795267 4261929087 3892185084 1069611008 
2
8192 16777216 0 8388608 
4269795267 4261929087 3892185084 1065416704 
2
8192 16777216 0 4194304 
4269795267 4261929087 3892185084 1069611008 
2
8192 8388608 0 8388608 
4269795267 4261929087 3892185084 1065416704 
2
8192 8388608 0 4194304 
4269795267 4261929087 3892185084 1069611008 
2
8192 4194304 0 8388608 
4269795267 4261929087 3892185084 1065416704 
2
8192 4194304 0 4194304 
4269795267 4261929087 3892185084 1069611008 
2
8192 2097152 0 8388608 
4269795267 4261929087 3892185084 1065416704 
2
8192 2097152 0 4194304 
4269795267 4261929087 3892185084 1069611008 
2
8192 1048576 0 8388608 
4269795267 4261929087 3892185084 1065416704 
2
8192 1048576 0 4194304 
4269795267 4261929087 3892185084 1069611008 
2
8192 16384 0 8388608 
4269795267 4261929087 3892185084 1065416704 
2
8192 16384 0 4194304 
4269795267 4261929087 3892185084 1069611008 
2
8192 8192 0 8388608 
4269795267 4261929087 3892185084 1065416704 
2
8192 8192 0 4194304 
4269795267 4261929087 3892185084 1069611008 
2
8192 2304 0 0 
4269795267 4261931391 4294967295 4294967232 
2
8192 2048 134217728 0 
4269795267 4261931135 4294967295 4294967232 
2
8192 2048 4096 0 
4269795267 4261931135 4160749567 4294967232 
2
8192 2048 0 8388608 
4269795267 4261929087 3892185084 1065416704 
2
8192 2048 0 4194304 
4269795267 4261929087 3892185084 1069611008 
2
8192 1024 0 8388608 
4269795267 4261929087 3892185084 1065416704 
2
8192 1024 0 4194304 
4269795267 4261929087 3892185084 1069611008 
2
8192 512 0 8388608 
4269795267 4261929087 3892185084 1065416704 
2
8192 512 0 4194304 
4269795267 4261929087 3892185084 1069611008 
2
8192 256 268435456 0 
4269795267 4261929343 4294967295 4294967232 
2
8192 256 0 8388608 
4269795267 4261929087 3892185084 1065416704 
2
8192 256 0 4194304 
4269795267 4261929087 3892185084 1069611008 
2
8192 0 1073741824 8388608 
4269795267 4261929087 3892185084 1065416704 
2
8192 0 1073741824 4194304 
4269795267 4261929087 3892185084 1069611008 
2
8192 0 536870912 8388608 
4269795267 4261929087 3892185084 1065416704 
2
8192 0 536870912 4194304 
4269795267 4261929087 3892185084 1069611008 
2
8192 0 402653184 0 
4269795267 4261929087 4294967295 4294967232 
2
8192 0 268439552 0 
4269795267 4261929087 4160749567 4294967232 
2
8192 0 268435456 8388608 
4269795267 4261929087 3892185084 1065416704 
2
8192 0 268435456 4194304 
4269795267 4261929087 3892185084 1069611008 
2
8192 0 134217728 8388608 
4269795267 4261929087 3892185084 1065416704 
2
8192 0 134217728 4194304 
4269795267 4261929087 3892185084 1069611008 
2
8192 0 1048576 8388608 
4269795267 4261929087 3892185084 1065416704 
2
8192 0 1048576 4194304 
4269795267 4261929087 3892185084 1069611008 
2
8192 0 786432 0 
0 503439361 3760062464 0 
2
8192 0 262144 8388608 
4269795267 4261929087 3892185084 1065416704 
2
8192 0 262144 4194304 
4269795267 4261929087 3892185084 1069611008 
2
8192 0 131072 8388608 
4269795267 4261929087 3892185084 1065416704 
2
8192 0 131072 4194304 
4269795267 4261929087 3892185084 1069611008 
2
8192 0 32768 8388608 
4269795267 4261929087 3892185084 1065416704 
2
8192 0 32768 4194304 
4269795267 4261929087 3892185084 1069611008 
2
8192 0 16384 8388608 
4269795267 4261929087 3892185084 1065416704 
2
8192 0 16384 4194304 
4269795267 4261929087 3892185084 1069611008 
2
8192 0 8192 8388608 
4269795267 4261929087 3892185084 1065416704 
2
8192 0 8192 4194304 
4269795267 4261929087 3892185084 1069611008 
2
8192 0 4097 0 
4269795267 4261929087 3892191231 4294967232 
2
8192 0 4096 8388608 
4269795267 4261929087 3892185084 1065416704 
2
8192 0 4096 4194304 
4269795267 4261929087 3892185084 1069611008 
2
8192 0 4 16777216 
4269795267 4261929087 3892185084 1057028096 
2
8192 0 4 8388608 
4269795267 4261929087 3892185084 1065416704 
2
8192 0 4 4194304 
4269795267 4261929087 3892185084 1069611008 
2
8192 0 1 8388608 
4269795267 4261929087 3892185084 1065416704 
2
8192 0 1 4194304 
4269795267 4261929087 3892185084 1069611008 
2
8192 0 1 2097152 
4269795267 4261929087 3892185087 1071709696 
2
8192 0 1 1048576 
4269795267 4261929087 3892185087 1072758272 
2
8192 0 1 524288 
4269795267 4261929087 3892185087 1073282560 
2
8192 0 1 131072 
4269795267 4261929087 3892185087 1073676224 
2
8192 0 0 2155872256 
4269795267 4261929087 3892185084 1065416704 
2
8192 0 0 2151677952 
4269795267 4261929087 3892185084 1069611008 
2
8192 0 0 25165824 
4269795267 4261929087 3892185084 1057028096 
2
8192 0 0 20971520 
4269795267 4261929087 3892185084 1057028096 
2
8192 0 0 10485760 
4269795267 4261929087 3892185084 1065416704 
2
8192 0 0 9437184 
4269795267 4261929087 3892185084 1065416704 
2
8192 0 0 8912896 
4269795267 4261929087 3892185084 1065416704 
2
8192 0 0 8650752 
4269795267 4261929087 3892185084 1065416704 
2
8192 0 0 8519680 
4269795267 4261929087 3892185084 1065416704 
2
8192 0 0 5242880 
4269795267 4261929087 3892185084 1069611008 
2
8192 0 0 4718592 
4269795267 4261929087 3892185084 1069611008 
2
8192 0 0 4456448 
4269795267 4261929087 3892185084 1069611008 
2
8192 0 0 4325376 
4269795267 4261929087 3892185084 1069611008 
2
4352 1073741824 0 0 
3789561663 3758096383 4294967295 4294967232 
2
4352 131072 0 0 
3789561663 2684354559 4294967295 4294967232 
2
4352 4 0 0 
3789561663 2684223487 4294967295 4294967232 
2
4352 0 0 134217728 
25172028 536477569 4162844687 3489628096 
2
4288 0 0 0 
3789561855 4294967295 4294967295 4294967232 
2
4224 131072 0 0 
3789561791 2684354559 4294967295 4294967232 
2
4224 4 0 0 
3789561791 2684223487 4294967295 4294967232 
2
4224 0 0 134217728 
25172028 536477569 4162844687 3489628096 
2
4160 0 0 134217728 
25172028 536477569 4162844687 3489628096 
2
4096 1074003968 0 0 
25172028 1610612735 4294967295 4294967232 
2
4096 1073741824 0 134217728 
25172028 536477569 4162844687 3489628096 
2
4096 268435456 0 134217728 
25172028 536477569 4162844687 3489628096 
2
4096 393216 0 0 
25172028 536870911 4294967295 4294967232 
2
4096 262148 0 0 
25172028 536739839 4294967295 4294967232 
2
4096 262144 0 134217728 
25172028 536477569 4162844687 3489628096 
2
4096 131072 0 134217728 
25172028 536477569 4162844687 3489628096 
2
4096 65536 0 134217728 
25172028 536477569 4162844687 3489628096 
2
4096 32768 0 134217728 
25172028 536477569 4162844687 3489628096 
2
4096 32 0 134217728 
25172028 536477569 4162844687 3489628096 
2
4096 16 0 134217728 
25172028 536477569 4162844687 3489628096 
2
4096 8 0 134217728 
25172028 536477569 4162844687 3489628096 
2
4096 4 0 134217728 
25172028 536477569 4162844687 3489628096 
2
4096 1 0 134217728 
25172028 536477569 4162844687 3489628096 
2
4096 0 2147483648 134217728 
25172028 536477569 4162844687 3489628096 
2
4096 0 33554432 134217728 
25172028 536477569 4162844687 3489628096 
2
4096 0 16777216 134217728 
25172028 536477569 4162844687 3489628096 
2
4096 0 8388608 134217728 
25172028 536477569 4162844687 3489628096 
2
4096 0 4194304 134217728 
25172028 536477569 4162844687 3489628096 
2
4096 0 2097216 0 
25172028 536477569 4164941951 4294967232 
2
4096 0 2097152 134217728 
25172028 536477569 4162844687 3489628096 
2
4096 0 1048576 134217728 
25172028 536477569 4162844687 3489628096 
2
4096 0 786432 0 
0 503439361 3760062464 0 
2
4096 0 524288 134217728 
25172028 536477569 4162844687 3489628096 
2
4096 0 131072 134217728 
25172028 536477569 4162844687 3489628096 
2
4096 0 512 134217728 
25172028 536477569 4162844687 3489628096 
2
4096 0 256 134217728 
25172028 536477569 4162844687 3489628096 
2
4096 0 128 134217728 
25172028 536477569 4162844687 3489628096 
2
4096 0 96 0 
25172028 536477569 4162844799 4294967232 
2
4096 0 64 134217728 
25172028 536477569 4162844687 3489628096 
2
4096 0 32 268435456 
25172028 536477569 4162844735 3758063552 
2
4096 0 32 134217728 
25172028 536477569 4162844687 3489628096 
2
4096 0 8 134217728 
25172028 536477569 4162844687 3489628096 
2
4096 0 0 167772160 
25172028 536477569 4162844687 3489628096 
2
2080 0 0 134217728 
2108 536477569 4162844687 3489628096 
2
2048 0 786432 0 
0 503439361 3760062464 0 
2
256 1073741824 0 8388608 
3764389635 3725058175 3892185084 1065416704 
2
256 1073741824 0 4194304 
3764389635 3725058175 3892185084 1069611008 
2
256 131072 0 4194304 
3764389635 2651316351 3892185084 1069611008 
2
256 4 0 8388608 
3764389635 2651185279 3892185084 1065416704 
2
256 4 0 4194304 
3764389635 2651185279 3892185084 1069611008 
2
256 0 786432 0 
0 503439361 3760062464 0 
2
192 4 0 0 
4294967295 2684223487 4294967295 4294967232 
2
192 0 0 4194304 
3764389827 4261929087 3892185084 1069611008 
2
128 131072 0 4194304 
3764389763 2651316351 3892185084 1069611008 
2
128 4 0 8388608 
3764389763 2651185279 3892185084 1065416704 
2
128 4 0 4194304 
3764389763 2651185279 3892185084 1069611008 
2
128 0 786432 0 
0 503439361 3760062464 0 
2
64 0 786432 0 
0 503439361 3760062464 0 
2
48 0 0 134217728 
60 536477569 4162844687 3489628096 
2
32 0 786432 0 
0 503439361 3760062464 0 
2
16 16777216 0 134217728 
28 536477569 4162844687 3489628096 
2
16 0 786432 0 
0 503439361 3760062464 0 
2
8 1048832 0 0 
0 1573248 0 0 
2
8 0 786432 0 
0 503439361 3760062464 0 
2
0 1074003968 0 8388608 
0 1577574527 3892185084 1065416704 
2
0 1074003968 0 4194304 
0 1577574527 3892185084 1069611008 
2
0 1073741824 786432 0 
0 503439361 3760062464 0 
2
0 268435456 524292 0 
0 503439361 3760062468 0 
2
0 268435456 262152 0 
0 503439361 3760062472 0 
2
0 134217728 524292 0 
0 503439361 3760062468 0 
2
0 134217728 262152 0 
0 503439361 3760062472 0 
2
0 67108864 524292 0 
0 503439361 3760062468 0 
2
0 67108864 262152 0 
0 503439361 3760062472 0 
2
0 33554432 524292 0 
0 503439361 3760062468 0 
2
0 33554432 262152 0 
0 503439361 3760062472 0 
2
0 16777216 786432 0 
0 503439361 3760062464 0 
2
0 8388608 786432 0 
0 503439361 3760062464 0 
2
0 4194304 786432 0 
0 503439361 3760062464 0 
2
0 3146752 0 0 
4294967295 4294967295 4294967295 4294967232 
2
0 2098176 134217728 0 
4294967295 4293393535 4294967295 4294967232 
2
0 2098176 4096 0 
4294967295 4293393535 4160749567 4294967232 
2
0 2097664 4096 0 
4294967295 4293394047 4160749567 4294967232 
2
0 2097152 786432 0 
0 503439361 3760062464 0 
2
0 1049088 4096 0 
4294967295 4294442623 4160749567 4294967232 
2
0 1048576 786432 0 
0 503439361 3760062464 0 
2
0 393216 0 4194304 
0 503832703 3892185084 1069611008 
2
0 262148 0 8388608 
0 503701631 3892185084 1065416704 
2
0 262148 0 4194304 
0 503701631 3892185084 1069611008 
2
0 262144 786432 0 
0 503439361 3760062464 0 
2
0 131072 786432 0 
0 503439361 3760062464 0 
2
0 65536 524292 0 
0 503439361 3760062468 0 
2
0 65536 262152 0 
0 503439361 3760062472 0 
2
0 8192 524292 0 
0 503439361 3760062468 0 
2
0 8192 262152 0 
0 503439361 3760062472 0 
2
0 2304 0 134217728 
0 503441665 4162844687 3489628096 
2
0 2048 134217728 134217728 
0 503441409 4162844687 3489628096 
2
0 2048 786432 0 
0 503439361 3760062464 0 
2
0 2048 4096 134217728 
0 503441409 4028626959 3489628096 
2
0 1024 786432 0 
0 503439361 3760062464 0 
2
0 512 786432 0 
0 503439361 3760062464 0 
2
0 256 268435456 134217728 
0 503439617 4162844687 3489628096 
2
0 256 786432 0 
0 503439361 3760062464 0 
2
0 32 786432 0 
0 503439361 3760062464 0 
2
0 16 786432 0 
0 503439361 3760062464 0 
2
0 8 786432 0 
0 503439361 3760062464 0 
2
0 4 4194336 0 
4294967295 4294967293 4292870143 4294967232 
2
0 4 786432 0 
0 503439361 3760062464 0 
2
0 1 524292 0 
0 503439361 3759013892 0 
2
0 1 262152 0 
0 503439361 3760062472 0 
2
0 0 537395204 0 
0 503439361 3760062468 0 
2
0 0 537133064 0 
0 503439361 3759931400 0 
2
0 0 402653184 134217728 
0 503439361 4162844687 3489628096 
2
0 0 269221888 0 
0 503439361 3760062464 0 
2
0 0 268439552 134217728 
0 503439361 4028626959 3489628096 
2
0 0 135004160 0 
0 503439361 3760062464 0 
2
0 0 34340864 0 
0 503439361 3760062464 0 
2
0 0 17563648 0 
0 503439361 3760062464 0 
2
0 0 9175040 0 
0 503439361 3760062464 0 
2
0 0 4980736 0 
0 503439361 3760062464 0 
2
0 0 2883584 0 
0 503439361 3760062464 0 
2
0 0 2097216 268435456 
4294967295 4294967295 4294967295 3758063552 
2
0 0 2097216 134217728 
4294967295 4294967295 4294967247 3489628096 
2
0 0 2097216 8388608 
0 503439361 3762159740 1065416704 
2
0 0 2097216 4194304 
0 503439361 3762159740 1069611008 
2
0 0 1572868 0 
0 503439361 3760062468 0 
2
0 0 1310728 0 
0 503439361 3760062472 0 
2
0 0 819200 0 
0 503439361 3760062464 0 
2
0 0 802816 0 
0 503439361 3760062464 0 
2
0 0 794624 0 
0 503439361 3760062464 0 
2
0 0 790528 0 
0 503439361 3760062464 0 
2
0 0 786944 0 
0 503439361 3760062464 0 
2
0 0 786688 0 
0 503439361 3760062464 0 
2
0 0 786560 0 
0 503439361 3760062464 0 
2
0 0 786496 0 
0 503439361 3760062464 0 
2
0 0 786464 0 
0 503439361 3760062464 0 
2
0 0 786440 0 
4294967295 3791527934 535166975 4294967232 
2
0 0 786436 0 
4294967295 3791527934 535429119 4294967232 
2
0 0 786433 0 
0 503439361 3760062464 0 
2
0 0 786432 2147483648 
0 503439361 3760062464 0 
2
0 0 786432 268435456 
0 503439361 3760062464 0 
2
0 0 786432 134217728 
0 503439361 3760062464 0 
2
0 0 786432 67108864 
0 503439361 3760062464 0 
2
0 0 786432 33554432 
0 503439361 3760062464 0 
2
0 0 786432 16777216 
0 503439361 3760062464 0 
2
0 0 786432 8388608 
0 503439361 3760062464 0 
2
0 0 786432 4194304 
0 503439361 3760062464 0 
2
0 0 786432 2097152 
0 503439361 3760062464 0 
2
0 0 786432 1048576 
0 503439361 3760062464 0 
2
0 0 786432 524288 
0 503439361 3760062464 0 
2
0 0 786432 262144 
0 503439361 3760062464 0 
2
0 0 786432 131072 
0 503439361 3760062464 0 
2
0 0 655364 0 
0 503439361 3760062468 0 
2
0 0 524300 0 
4294967295 3791527934 534904831 4294967232 
2
0 0 524296 16777216 
4294967295 3791527934 534904827 4294967232 
2
0 0 393224 0 
0 503439361 3760062472 0 
2
0 0 262156 0 
4294967295 3791527934 534904831 4294967232 
2
0 0 262148 33554432 
4294967295 3791527934 534904823 4294967232 
2
0 0 4097 134217728 
0 503439361 3760068623 3489628096 
2
0 0 4096 10485760 
0 0 6144 3225354688 
2
0 0 4096 9437184 
0 0 6144 3223257536 
2
0 0 4096 8912896 
0 0 6144 3222208960 
2
0 0 4096 5242880 
0 0 6144 3223257536 
2
0 0 4096 4718592 
0 0 6144 3222208960 
2
0 0 96 8388608 
0 503439361 3760062588 1065416704 
2
0 0 96 4194304 
0 503439361 3760062588 1069611008 
2
0 0 64 335544320 
0 0 64 805339136 
2
0 0 32 276824064 
0 503439361 3760062524 528513024 
2
0 0 32 272629760 
0 503439361 3760062524 532707328 
2
0 0 4 150994944 
0 503439361 3760062476 251688960 
2
0 0 1 136314880 
0 503439361 3760062479 266370560 
2
0 0 1 135266304 
0 503439361 3760062479 267419136 
2
0 0 1 134742016 
0 503439361 3760062479 267943424 
2
0 0 1 134348800 
0 503439361 3760062479 268337088 
2
0 0 1 9437184 
4294967295 4294967295 4294967293 4288674240 
2
0 0 1 8912896 
4294967295 4294967295 4294967293 4287625664 
2
0 0 0 10616832 
0 0 0 4063680 
2
0 0 0 9568256 
0 0 0 1966528 
2
0 0 0 9043968 
0 0 0 917952 
2
0 0 0 5373952 
0 0 0 1966528 
2
0 0 0 4849664 
0 0 0 917952 
2
