4
0 1 2 3 
207
0 4194304 0 
62 8127459 3758096384 
8
0 8388608 0 
62 16516067 3758096384 
6
0 16777216 0 
62 33293283 3758096384 
4
0 33554432 0 
62 66847715 3758096384 
2
69206016 0 0 
4156555263 4294967295 4294965248 
2147483647
35651584 0 0 
4089446399 4294967295 4294965248 
2147483647
25165824 0 0 
268435455 4294967295 4294965248 
2147483647
16842752 0 0 
260046847 4294967295 4294965248 
2147483647
655360 0 0 
4294705151 4294967295 4294965248 
2147483647
65600 0 0 
4294950911 4294967295 4294965248 
2147483647
0 100663296 0 
62 66847715 3758096384 
2147483647
0 83886080 0 
62 33293283 3758096384 
2147483647
0 75497472 0 
62 16516067 3758096384 
2147483647
0 50331648 0 
62 33293283 3758096384 
2147483647
0 41943040 0 
62 16516067 3758096384 
2147483647
0 20971520 0 
4294967233 4278451228 536868864 
2147483647
0 18874368 0 
4294967233 4278451228 536868864 
2147483647
0 12582912 0 
4294967233 4286839836 536868864 
2147483647
0 10485760 0 
4294967233 4286839836 536868864 
2147483647
0 6291456 0 
4294967233 4291034140 536868864 
2147483647
0 98304 0 
4294967295 4294967279 4294965248 
2147483647
0 1024 16777216 
4294967295 4294967291 4294965248 
2147483647
0 513 0 
4294967295 4294967293 4294965248 
2147483647
0 0 17039360 
4294967295 4294967295 4294828032 
2147483647
0 0 6291456 
4294967295 4294967295 4294965248 
2147483647
0 0 3145728 
4294967295 4294967295 4282259456 
2147483647
0 0 393216 
4294967295 4294967295 4294959104 
2147483647
0 12582912 0 
62 8127459 3758096384 
16
0 20971520 0 
62 8127459 3758096384 
14
0 37748736 0 
62 8127459 3758096384 
12
0 138412032 0 
62 8127459 3758096384 
10
0 71303168 0 
62 8127459 3758096384 
10
16908288 0 0 
4294967295 4294967295 4294965248 
8
0 142606336 0 
62 16516067 3758096384 
8
17039360 0 0 
4294967295 4294967295 4294965248 
6
0 150994944 0 
62 33293283 3758096384 
6
17301504 0 0 
4294967295 4294967295 4294965248 
4
49152 0 0 
65535 4294967295 4294965248 
4
32832 0 0 
49151 4294967295 4294965248 
4
0 167772160 0 
62 66847715 3758096384 
4
0 1032 0 
4294967295 4294967291 3758096384 
4
0 12 0 
4294967295 4294967295 3758096384 
4
17825792 0 0 
4294967295 4294967295 4294965248 
2
2162688 0 0 
2228223 4294967295 4294965248 
2
2113536 0 0 
2162687 4294967295 4294965248 
2
2097216 0 0 
2146303 4294967295 4294965248 
2
589824 0 0 
983040 0 0 
2
98304 0 0 
131071 4294967295 4294965248 
2
0 3221225472 0 
4294967295 4294967295 4294965248 
2
0 1610612736 0 
4294967295 4294967295 4294965248 
2
0 805306368 0 
4294967295 4294967295 4294965248 
2
0 402653184 0 
4294967295 4294967295 4294965248 
2
0 201326592 0 
4294967295 4294967295 4294965248 
2
0 100663296 0 
4294967233 4261674012 536868864 
2
0 50331648 0 
4294967233 4261674012 536868864 
2
0 41943040 0 
4294967233 4261674012 536868864 
2
0 37748736 0 
4294967233 4261674012 536868864 
2
0 35651584 0 
4294967233 4261674012 536868864 
2
0 1024 134217728 
4294967295 4294967291 3892314112 
2
0 8 16777216 
4294967295 4294967295 3774873600 
2
0 4 134217728 
4294967295 4294967295 3892314112 
2
0 0 150994944 
4294967295 4294967295 3909091328 
2
0 0 135266304 
4294967295 4294967295 4011726848 
2
0 0 134742016 
4294967295 4294967295 4010678272 
2
84934656 0 0 
4261412863 4294967295 4294965248 
2147483647
84410368 0 0 
4294967295 4294967295 4294965248 
2147483647
84148224 0 0 
4294967295 4294967295 4294965248 
2147483647
84017152 0 0 
4294967295 4294967295 4294965248 
2147483647
68190208 0 0 
4154458111 4294967295 4294965248 
2147483647
51380224 0 0 
4294967295 4294967295 4294965248 
2147483647
50855936 0 0 
4294967295 4294967295 4294965248 
2147483647
50593792 0 0 
4294967295 4294967295 4294965248 
2147483647
50462720 0 0 
4294967295 4294967295 4294965248 
2147483647
34635776 0 0 
4087349247 4294967295 4294965248 
2147483647
25182208 0 0 
4051697664 0 0 
2147483647
25165888 0 0 
4051697664 0 0 
2147483647
19922944 0 0 
4055891967 4294967295 4294965248 
2147483647
19398656 0 0 
4054843391 4294967295 4294965248 
2147483647
19136512 0 0 
4054319103 4294967295 4294965248 
2147483647
19005440 0 0 
4054056959 4294967295 4294965248 
2147483647
18087936 0 0 
4294443007 4294967295 4294965248 
2147483647
17956864 0 0 
4294180863 4294967295 4294965248 
2147483647
17842176 0 0 
259063807 4294967295 4294965248 
2147483647
17825856 0 0 
259047423 4294967295 4294965248 
2147483647
17317888 0 0 
259588095 4294967295 4294965248 
2147483647
17301568 0 0 
259571711 4294967295 4294965248 
2147483647
17055744 0 0 
259850239 4294967295 4294965248 
2147483647
17039424 0 0 
259833855 4294967295 4294965248 
2147483647
16924672 0 0 
259981311 4294967295 4294965248 
2147483647
16908352 0 0 
259964927 4294967295 4294965248 
2147483647
8929280 0 0 
4294508543 4294967295 4294965248 
2147483647
8912960 0 0 
4294492159 4294967295 4294965248 
2147483647
8667136 0 0 
4294770687 4294967295 4294965248 
2147483647
8650816 0 0 
4294754303 4294967295 4294965248 
2147483647
8536064 0 0 
4294901759 4294967295 4294965248 
2147483647
8519744 0 0 
4294885375 4294967295 4294965248 
2147483647
4096 2147549184 0 
4294959102 4294836207 4294965248 
2147483647
4096 2147516416 0 
4294959102 4294770671 4294965248 
2147483647
64 41943040 0 
4294967233 4261674012 536868864 
2147483647
64 37748736 0 
4294967233 4261674012 536868864 
2147483647
64 35651584 0 
4294967233 4261674012 536868864 
2147483647
16 71303168 0 
30 8127459 3758096384 
2147483647
16 37748736 0 
30 8127459 3758096384 
2147483647
16 20971520 0 
30 8127459 3758096384 
2147483647
16 12582912 0 
30 8127459 3758096384 
2147483647
16 6291456 0 
30 8127459 3758096384 
2147483647
8 6291456 0 
14 8127459 3758096384 
2147483647
0 71303680 0 
62 8127459 3758096384 
2147483647
0 41944064 0 
4294967233 4261674012 536868864 
2147483647
0 37749760 0 
4294967233 4261674012 536868864 
2147483647
0 37749248 0 
62 8127459 3758096384 
2147483647
0 35652608 0 
4294967233 4261674012 536868864 
2147483647
0 20972032 0 
62 8127459 3758096384 
2147483647
0 16859136 0 
62 33293283 3758096384 
2147483647
0 8470528 0 
62 16516067 3758096384 
2147483647
0 1024 33816576 
4294967295 4294967291 4278050816 
2147483647
0 1024 33685504 
4294967295 4294967291 4278188032 
2147483647
0 1024 393216 
0 0 399360 
2147483647
0 768 2147483648 
4294967295 4294967292 4294965248 
2147483647
0 4 33816576 
4294967295 4294967295 4278050816 
2147483647
0 4 33685504 
4294967295 4294967295 4278188032 
2147483647
0 4 393216 
0 0 399360 
2147483647
0 0 139460608 
4294967295 4294967295 4011726848 
2147483647
0 0 137363456 
0 0 15851520 
2147483647
0 0 136839168 
4294967295 4294967295 4010678272 
2147483647
0 0 135790592 
4294967295 4294967295 4010678272 
2147483647
0 146800640 0 
62 8127459 3758096384 
18
0 155189248 0 
62 8127459 3758096384 
16
0 171966464 0 
62 8127459 3758096384 
14
0 205520896 0 
62 8127459 3758096384 
12
17956864 0 0 
18743296 0 0 
10
64 4195328 0 
62 8127459 3758096384 
10
16 2097664 0 
30 3933155 3758096384 
10
8 2097664 0 
14 3933155 3758096384 
10
0 4276224 0 
62 8127459 3758096384 
10
64 8389632 0 
62 16516067 3758096384 
8
0 1024 135266304 
4294967295 4294967291 3892314112 
8
0 1024 34078720 
4294967295 4294967291 4277788672 
8
67141696 0 0 
49151 4294967295 4294965248 
6
33587264 0 0 
49151 4294967295 4294965248 
6
2129984 0 0 
49151 4294967295 4294965248 
6
6208 0 0 
16383 4294967295 4294965248 
6
3136 0 0 
16383 4294967295 4294965248 
6
64 16778240 0 
62 33293283 3758096384 
6
0 25600 0 
4294967295 4294967283 3758096384 
6
0 13312 0 
4294967295 4294967283 3758096384 
6
0 1032 134217728 
4294967295 4294967291 3758096384 
6
0 1032 2097152 
4294967295 4294967291 3758096384 
6
0 1032 1048576 
4294967295 4294967291 3758096384 
6
0 1024 136314880 
4294967295 4294967291 3892314112 
6
0 4 135266304 
4294967295 4294967295 3892314112 
6
0 4 34078720 
4294967295 4294967295 4277788672 
6
0 0 34340864 
4294967295 4294967295 4294965248 
6
8683520 0 0 
8912895 4294967295 4294965248 
4
8552448 0 0 
8650751 4294967295 4294965248 
4
622592 0 0 
131071 4294967295 4294965248 
4
360448 0 0 
131071 4294967295 4294965248 
4
229376 0 0 
131071 4294967295 4294965248 
4
22528 0 0 
32767 4294967295 4294965248 
4
19456 0 0 
32767 4294967295 4294965248 
4
4096 1073774592 0 
4294959102 2147287023 4294965248 
4
2048 1073807360 0 
4294955006 2147352559 4294965248 
4
2048 1073774592 0 
4294955006 2147287023 4294965248 
4
64 33555456 0 
62 66847715 3758096384 
4
0 24580 0 
4294967295 4294967287 3758096384 
4
0 12292 0 
4294967295 4294967287 3758096384 
4
0 8 134742016 
4294967295 4294967295 4010678272 
4
0 8 67633152 
4294967295 4294967295 3876460544 
4
0 8 50331648 
4294967295 4294967295 3774873600 
4
0 8 33816576 
4294967295 4294967295 3808827392 
4
0 4 136314880 
4294967295 4294967295 3892314112 
4
0 0 152043520 
4294967295 4294967295 3909091328 
4
0 0 67895296 
4294967295 4294967295 4294965248 
4
0 0 50855936 
4294967295 4294967295 4294565888 
4
34111488 0 0 
4086300671 4294967295 4294965248 
2
11010048 0 0 
11534335 4294967295 4294965248 
2
10747904 0 0 
11010047 4294967295 4294965248 
2
10616832 0 0 
10747903 4294967295 4294965248 
2
8945664 0 0 
9437183 4294967295 4294965248 
2
71680 0 0 
98303 4294967295 4294965248 
2
68608 0 0 
98303 4294967295 4294965248 
2
65664 33554432 0 
82112 33554432 0 
2
4096 1073807360 0 
4294959102 2147352559 4294965248 
2
4096 1073758208 0 
4294959102 2147254255 4294965248 
2
2048 2147549184 0 
4294955006 4294836207 4294965248 
2
2048 2147516416 0 
4294955006 4294770671 4294965248 
2
2048 1073758208 0 
4294955006 2147254255 4294965248 
2
2048 536903680 0 
4294955006 1073545199 4294965248 
2
2048 536887296 0 
4294955006 1073512431 4294965248 
2
2048 536879104 0 
4294955006 1073496047 4294965248 
2
64 67109888 0 
126 133957603 3758096384 
2
0 33556480 16777216 
0 33557508 16777216 
2
0 24576 16777216 
4294967295 4294967287 3774873600 
2
0 12288 16777216 
4294967295 4294967287 3774873600 
2
0 11264 0 
4294967295 4294967283 3758096384 
2
0 10248 0 
4294967295 4294967295 4294965248 
2
0 10244 0 
4294967295 4294967287 3758096384 
2
0 10240 16777216 
4294967295 4294967287 3774873600 
2
0 8 68157440 
4294967295 4294967295 3877509120 
2
0 8 67371008 
4294967295 4294967295 3875936256 
2
0 8 34078720 
4294967295 4294967295 3809351680 
2
0 8 33685504 
4294967295 4294967295 3808559104 
2
0 0 201588736 
4294967295 4294967295 4010153984 
2
0 0 168034304 
4294967295 4294967295 3943045120 
2
0 0 167903232 
4294967295 4294967295 3942776832 
2
0 0 84410368 
4294967295 4294967295 4261011456 
2
0 0 34209792 
4294967295 4294967295 4294696960 
2
