4
0 1 2 3 
1935
1572864 0 
4026531839 4294967295 
2147483647
1049088 0 
4024433663 4294967295 
2147483647
524800 0 
4023385087 4294967295 
2147483647
393216 0 
4093640703 4294967295 
2147483647
196608 0 
4294967295 4294967295 
2147483647
163840 0 
4294901759 4294967295 
2147483647
147456 0 
4294868991 4294967295 
2147483647
81920 0 
4294934527 4294967295 
2147483647
0 2621440 
4294967295 4293918719 
2147483647
0 4160 
4294967295 4294967263 
2147483647
16384 524288 
3821041722 470748700 
8
32768 1048576 
3821074490 471797276 
6
32768 524288 
3821074490 470748700 
6
16384 1048576 
3821041722 471797276 
6
65536 2097152 
3821140026 473894428 
4
65536 1048576 
3821140026 471797276 
4
65536 524288 
3821140026 470748700 
4
32768 2097152 
3821074490 473894428 
4
16384 2097152 
3821041722 473894428 
4
2 2097152 
2 473894428 
4
2 1048576 
2 471797276 
4
2 524288 
2 470748700 
4
16785408 0 
4294967295 4294967295 
2
524544 0 
4023384575 4294967295 
2
131104 0 
473827303 4294967295 
2
131076 0 
3821271103 4294967295 
2
131072 1073741824 
3821271099 4294967295 
2
131072 4194304 
3821271098 478088732 
2
131072 2097152 
3821271098 473894428 
2
131072 1048576 
3821271098 471797276 
2
131072 524288 
3821271098 470748700 
2
65568 0 
473892839 4294967295 
2
65540 0 
3821140031 4294967295 
2
65536 1073741824 
3821140027 4294967295 
2
65536 4194304 
3821140026 478088732 
2
32800 0 
473925607 4294967295 
2
32772 0 
3821074495 4294967295 
2
32768 1073741824 
3821074491 4294967295 
2
32768 4194304 
3821074490 478088732 
2
16416 0 
473941991 4294967295 
2
16388 0 
3821041727 4294967295 
2
16384 1073741824 
3821041723 4294967295 
2
16384 4194304 
3821041722 478088732 
2
8224 0 
4294967295 4294967295 
2
260 0 
4294967295 4294967295 
2
256 1073741824 
4294967291 4294967295 
2
256 4194304 
4294967290 478088732 
2
36 0 
39 4294967295 
2
32 1073741824 
35 4294967295 
2
32 4194304 
34 478088732 
2
32 2097152 
34 473894428 
2
32 1048576 
34 471797276 
2
32 524288 
34 470748700 
2
6 0 
7 4294967295 
2
4 1073741824 
4294967295 4294967295 
2
4 4194304 
4294967294 478088732 
2
2 1073741824 
3 4294967295 
2
2 4194304 
2 478088732 
2
0 1077936128 
4294967294 1551830556 
2
0 25165824 
4294967295 4294967295 
2
0 12582912 
4294967295 4294967295 
2
0 6291456 
4294967295 4294967295 
2
0 5242880 
4294967295 4292870143 
2
0 4718592 
4294967295 4291821567 
2
58720256 0 
536870911 4294967295 
2147483647
8392720 0 
4290770935 4294967295 
2147483647
1048836 0 
4024433151 4294967295 
2147483647
524548 0 
4023384575 4294967295 
2147483647
393344 0 
201719808 0 
2147483647
327808 0 
4093509567 4294967295 
2147483647
295040 0 
4093444031 4294967295 
2147483647
278656 0 
4093411263 4294967295 
2147483647
139296 0 
473827303 4294967295 
2147483647
139266 0 
473827271 4294967295 
2147483647
73760 0 
473892839 4294967295 
2147483647
73730 0 
473892807 4294967295 
2147483647
40992 0 
473925607 4294967295 
2147483647
40962 0 
473925575 4294967295 
2147483647
24578 0 
473941959 4294967295 
2147483647
32 201326592 
4294967293 4294967295 
2147483647
4 12582912 
4294967294 478088732 
2147483647
4 10485760 
4294967294 473894428 
2147483647
4 9437184 
4294967294 471797276 
2147483647
4 8912896 
4294967294 470748700 
2147483647
0 1086324736 
4294967294 1551830556 
2147483647
0 1086324736 
1 3284201955 
2147483647
0 1084227584 
4294967294 1547636252 
2147483647
0 1083179008 
4294967294 1545539100 
2147483647
0 1082654720 
4294967294 1544490524 
2147483647
0 5246976 
4294967295 4292870143 
2147483647
0 4722688 
4294967295 4291821567 
2147483647
0 2361344 
4294967295 4293394431 
2147483647
0 1312768 
4294967295 4294443007 
2147483647
540928 0 
3821041983 4294967295 
12
540800 0 
4093149119 4294967295 
12
16768 0 
3821041983 4294967295 
12
1065216 0 
3821041983 4294967295 
10
557312 0 
3821074751 4294967295 
10
557184 0 
4093181887 4294967295 
10
540676 0 
3821041727 4294967295 
10
33152 0 
3821074751 4294967295 
10
17152 0 
3821041983 4294967295 
10
16644 0 
3821041727 4294967295 
10
16516 0 
3821041727 4294967295 
10
16416 524288 
34 470748700 
10
16384 12582912 
3821041722 478088732 
10
16384 6291456 
3821041722 473894428 
10
16384 5242880 
3821041722 471797276 
10
16384 4718592 
3821041722 470748700 
10
8224 524288 
34 470748700 
10
4 1074266112 
4294967294 470748700 
10
1081600 0 
3821074751 4294967295 
8
1064964 0 
3821041727 4294967295 
8
655872 0 
272107008 0 
8
655616 0 
272107264 0 
8
590080 0 
3821140287 4294967295 
8
589952 0 
4093247423 4294967295 
8
557060 0 
3821074495 4294967295 
8
557056 524288 
3821074490 470748700 
8
327680 524288 
3821140026 470748700 
8
294912 524288 
3821074490 470748700 
8
65920 0 
3821140287 4294967295 
8
65538 524288 
2 470748700 
8
33536 0 
3821074751 4294967295 
8
33028 0 
3821074495 4294967295 
8
33024 524288 
3821074490 470748700 
8
32900 0 
3821074495 4294967295 
8
32896 524288 
3821074490 470748700 
8
32804 0 
39 4294967295 
8
32800 1048576 
34 471797276 
8
32800 524288 
34 470748700 
8
32770 524288 
2 470748700 
8
32768 12582912 
3821074490 478088732 
8
32768 6291456 
3821074490 473894428 
8
32768 5242880 
3821074490 471797276 
8
32768 4718592 
3821074490 470748700 
8
16900 0 
3821041727 4294967295 
8
16420 0 
39 4294967295 
8
16416 134217728 
3821041720 0 
8
16416 1048576 
34 471797276 
8
16416 131072 
3821041720 0 
8
16388 1048576 
3821041722 471797276 
8
16386 134217728 
3821041722 0 
8
16386 131072 
3821041722 0 
8
16384 1074790400 
3821041722 471797276 
8
16384 134348800 
3821041722 134217728 
8
16384 17825792 
3821041722 471797276 
8
16384 10485760 
3821041722 473894428 
8
16384 9437184 
3821041722 471797276 
8
16384 264192 
3821041722 470224412 
8
16384 262160 
3821041722 470224412 
8
8228 0 
39 4294967295 
8
8224 1048576 
34 471797276 
8
8194 524288 
2 470748700 
8
4 1074790400 
4294967294 471797276 
8
33587204 0 
3821074495 4294967295 
6
33570820 0 
3821041727 4294967295 
6
16809988 0 
3821074495 4294967295 
6
16793604 0 
3821041727 4294967295 
6
16777222 0 
7 4294967295 
6
16777218 1048576 
2 471797276 
6
16777218 524288 
2 470748700 
6
8421380 0 
3821074495 4294967295 
6
8404996 0 
3821041727 4294967295 
6
8388614 0 
7 4294967295 
6
8388610 1048576 
2 471797276 
6
8388610 524288 
2 470748700 
6
1114368 0 
3821140287 4294967295 
6
1081348 0 
3821074495 4294967295 
6
786944 0 
272107008 0 
6
786688 0 
272107264 0 
6
655616 0 
3821271359 4294967295 
6
655488 0 
4093378495 4294967295 
6
589828 0 
3821140031 4294967295 
6
589824 1048576 
3821140026 471797276 
6
589824 524288 
3821140026 470748700 
6
524546 0 
263 4294967295 
6
327684 0 
3821140031 4294967295 
6
327680 1048576 
3821140026 471797276 
6
294916 0 
3821074495 4294967295 
6
278532 0 
3821041727 4294967295 
6
131456 0 
3821271359 4294967295 
6
131360 0 
295 4294967295 
6
131078 0 
7 4294967295 
6
131074 1048576 
2 471797276 
6
131074 524288 
2 470748700 
6
66304 0 
3821140287 4294967295 
6
65824 0 
295 4294967295 
6
65796 0 
3821140031 4294967295 
6
65792 1048576 
3821140026 471797276 
6
65792 524288 
3821140026 470748700 
6
65668 0 
3821140031 4294967295 
6
65664 1048576 
3821140026 471797276 
6
65664 524288 
3821140026 470748700 
6
65572 0 
39 4294967295 
6
65568 2097152 
34 473894428 
6
65568 1048576 
34 471797276 
6
65568 524288 
34 470748700 
6
65542 0 
7 4294967295 
6
65538 1048576 
2 471797276 
6
65536 12582912 
3821140026 478088732 
6
65536 6291456 
3821140026 473894428 
6
65536 5242880 
3821140026 471797276 
6
65536 4718592 
3821140026 470748700 
6
40964 0 
3821074495 4294967295 
6
36868 0 
3821074495 4294967295 
6
33284 0 
3821074495 4294967295 
6
33056 0 
295 4294967295 
6
32804 0 
3821074488 0 
6
32800 134217728 
3821074488 0 
6
32800 2097152 
34 473894428 
6
32800 131072 
3821074488 0 
6
32788 0 
3821074495 4294967295 
6
32774 0 
3821074490 0 
6
32774 0 
7 4294967295 
6
32772 134217728 
3821074490 134217728 
6
32772 134217728 
5 4294967295 
6
32772 67108864 
3821074495 4294967295 
6
32772 2097152 
3821074490 473894428 
6
32772 65536 
3821074495 4294967295 
6
32772 512 
3821074495 4294967295 
6
32772 4 
3821074495 4294967295 
6
32770 134217728 
3821074490 0 
6
32770 131072 
3821074490 0 
6
32768 1075838976 
3821074490 473894428 
6
32768 134348800 
3821074490 134217728 
6
32768 18874368 
3821074490 473894428 
6
32768 10485760 
3821074490 473894428 
6
32768 264192 
3821074490 470224412 
6
32768 262160 
3821074490 470224412 
6
24580 0 
3821041727 4294967295 
6
20484 0 
3821041727 4294967295 
6
16672 0 
295 4294967295 
6
16420 0 
3821041720 0 
6
16416 2097152 
34 473894428 
6
16404 0 
3821041727 4294967295 
6
16390 0 
3821041722 0 
6
16390 0 
7 4294967295 
6
16388 134217728 
3821041722 134217728 
6
16388 134217728 
5 4294967295 
6
16388 67108864 
3821041727 4294967295 
6
16388 2097152 
3821041722 473894428 
6
16388 65536 
3821041727 4294967295 
6
16388 512 
3821041727 4294967295 
6
16388 4 
3821041727 4294967295 
6
16384 1075838976 
3821041722 473894428 
6
16384 18874368 
3821041722 473894428 
6
8480 0 
295 4294967295 
6
8224 2097152 
34 473894428 
6
8198 0 
7 4294967295 
6
8194 1048576 
2 471797276 
6
262 0 
7 4294967295 
6
22 0 
7 4294967295 
6
18 1048576 
2 471797276 
6
18 524288 
2 470748700 
6
4 1075838976 
4294967294 473894428 
6
4 201326592 
5 4294967295 
6
4 134283264 
5 4227858431 
6
4 134218240 
5 4294967295 
6
4 134217732 
5 4294967295 
6
2 134479872 
0 201788956 
6
2 12582912 
2 478088732 
6
2 6291456 
2 473894428 
6
2 5242880 
2 471797276 
6
2 4718592 
2 470748700 
6
0 202375168 
0 471797276 
6
0 201850880 
0 470748700 
6
0 136577024 
0 201788956 
6
0 135528448 
0 201788956 
6
0 135331840 
0 404688412 
6
0 135266816 
0 471797276 
6
0 135266320 
0 471797276 
6
0 135266312 
0 471797276 
6
0 135266308 
0 471797276 
6
0 135004160 
0 201788956 
6
0 134807552 
0 403639836 
6
0 134742528 
0 470748700 
6
0 134742032 
0 470748700 
6
0 134742024 
0 470748700 
6
0 134742020 
0 470748700 
6
33685760 0 
3821271359 4294967295 
4
33620224 0 
3821140287 4294967295 
4
33619972 0 
3821140031 4294967295 
4
33587456 0 
3821074751 4294967295 
4
33571072 0 
3821041983 4294967295 
4
33554690 0 
263 4294967295 
4
33554438 0 
7 4294967295 
4
17833984 0 
4026531839 4294967295 
4
16908544 0 
3821271359 4294967295 
4
16843008 0 
3821140287 4294967295 
4
16842756 0 
3821140031 4294967295 
4
16810240 0 
3821074751 4294967295 
4
16793856 0 
3821041983 4294967295 
4
16777504 0 
295 4294967295 
4
16777474 0 
263 4294967295 
4
16777252 0 
39 4294967295 
4
16777248 2097152 
34 473894428 
4
16777248 1048576 
34 471797276 
4
16777248 524288 
34 470748700 
4
8519936 0 
3821271359 4294967295 
4
8454400 0 
3821140287 4294967295 
4
8454148 0 
3821140031 4294967295 
4
8421632 0 
3821074751 4294967295 
4
8405248 0 
3821041983 4294967295 
4
8388896 0 
295 4294967295 
4
8388866 0 
263 4294967295 
4
8388644 0 
39 4294967295 
4
8388640 2097152 
34 473894428 
4
8388640 1048576 
34 471797276 
4
8388640 524288 
34 470748700 
4
1179904 0 
3821271359 4294967295 
4
1179680 0 
205391847 4294967295 
4
1114144 0 
205457383 4294967295 
4
1114116 0 
3821140031 4294967295 
4
1081376 0 
205490151 4294967295 
4
1064992 0 
205506535 4294967295 
4
1056800 0 
4026531839 4294967295 
4
1048834 0 
263 4294967295 
4
1048582 0 
7 4294967295 
4
786688 0 
4022860287 4294967295 
4
786560 0 
4294967295 4294967295 
4
655364 0 
3821271103 4294967295 
4
655360 2097152 
3821271098 473894428 
4
655360 1048576 
3821271098 471797276 
4
655360 524288 
3821271098 470748700 
4
524576 0 
295 4294967295 
4
524544 1073741824 
4023384571 4294967295 
4
524544 4194304 
4023384570 478088732 
4
524294 0 
7 4294967295 
4
327936 0 
3821140287 4294967295 
4
295168 0 
3821074751 4294967295 
4
278784 0 
3821041983 4294967295 
4
262528 0 
4022860287 4294967295 
4
262432 0 
295 4294967295 
4
262402 0 
263 4294967295 
4
262150 0 
7 4294967295 
4
147712 0 
245760 0 
4
139520 0 
3821271359 4294967295 
4
135424 0 
3821271359 4294967295 
4
131840 0 
3821271359 4294967295 
4
131360 0 
3821271096 0 
4
131344 0 
3821271359 4294967295 
4
131332 0 
3821271103 4294967295 
4
131330 0 
3821271098 0 
4
131330 0 
263 4294967295 
4
131328 134217728 
3821271098 134217728 
4
131328 134217728 
261 4294967295 
4
131328 67108864 
3821271359 4294967295 
4
131328 2097152 
3821271098 473894428 
4
131328 1048576 
3821271098 471797276 
4
131328 524288 
3821271098 470748700 
4
131328 65536 
3821271359 4294967295 
4
131328 512 
3821271359 4294967295 
4
131328 4 
3821271359 4294967295 
4
131204 0 
3821271103 4294967295 
4
131200 2097152 
3821271098 473894428 
4
131200 1048576 
3821271098 471797276 
4
131200 524288 
3821271098 470748700 
4
131108 0 
39 4294967295 
4
131104 1073741824 
35 4294967295 
4
131104 4194304 
34 478088732 
4
131104 2097152 
34 473894428 
4
131104 1048576 
34 471797276 
4
131104 524288 
34 470748700 
4
131076 1073741824 
3821271099 4294967295 
4
131076 4194304 
3821271098 478088732 
4
131072 1077936128 
3821271098 478088732 
4
131072 12582912 
3821271098 478088732 
4
131072 6291456 
3821271098 473894428 
4
131072 5242880 
3821271098 471797276 
4
131072 4718592 
3821271098 470748700 
4
73984 0 
3821140287 4294967295 
4
73732 0 
3821140031 4294967295 
4
69888 0 
3821140287 4294967295 
4
69636 0 
3821140031 4294967295 
4
66052 0 
3821140031 4294967295 
4
65824 0 
3821140024 0 
4
65808 0 
3821140287 4294967295 
4
65794 0 
3821140026 0 
4
65794 0 
263 4294967295 
4
65792 134217728 
3821140026 134217728 
4
65792 134217728 
261 4294967295 
4
65792 67108864 
3821140287 4294967295 
4
65792 65536 
3821140287 4294967295 
4
65792 512 
3821140287 4294967295 
4
65792 4 
3821140287 4294967295 
4
65572 0 
3821140024 0 
4
65568 1073741824 
35 4294967295 
4
65568 134217728 
3821140024 0 
4
65568 4194304 
34 478088732 
4
65568 131072 
3821140024 0 
4
65556 0 
3821140031 4294967295 
4
65542 0 
3821140026 0 
4
65540 1073741824 
3821140027 4294967295 
4
65540 134217728 
3821140026 134217728 
4
65540 134217728 
5 4294967295 
4
65540 67108864 
3821140031 4294967295 
4
65540 4194304 
3821140026 478088732 
4
65540 4194304 
5 3821072867 
4
65540 2097152 
5 3823170019 
4
65540 1048576 
5 3824218595 
4
65540 524288 
5 3824742883 
4
65540 262144 
3821140026 470224412 
4
65540 262144 
5 3825005027 
4
65540 131072 
3821140031 4294967295 
4
65540 65536 
3821140031 4294967295 
4
65540 1024 
3821140031 4294967295 
4
65540 512 
3821140031 4294967295 
4
65540 16 
3821140031 4294967295 
4
65540 8 
3821140031 4294967295 
4
65540 4 
3821140031 4294967295 
4
65538 134217728 
3821140026 0 
4
65538 131072 
3821140026 0 
4
65536 3221225472 
3821140027 4294967295 
4
65536 1077936128 
3821140026 478088732 
4
65536 134348800 
3821140026 134217728 
4
65536 20971520 
3821140026 478088732 
4
65536 264192 
3821140026 470224412 
4
65536 262160 
3821140026 470224412 
4
41216 0 
3821074751 4294967295 
4
37120 0 
3821074751 4294967295 
4
33056 0 
3821074488 0 
4
33040 0 
3821074751 4294967295 
4
33026 0 
3821074490 0 
4
33026 0 
263 4294967295 
4
33024 134217728 
3821074490 134217728 
4
33024 134217728 
261 4294967295 
4
33024 67108864 
3821074751 4294967295 
4
33024 65536 
3821074751 4294967295 
4
33024 512 
3821074751 4294967295 
4
33024 4 
3821074751 4294967295 
4
32800 1073741824 
35 4294967295 
4
32800 4194304 
34 478088732 
4
32772 1073741824 
3821074491 4294967295 
4
32772 4194304 
3821074490 478088732 
4
32772 4194304 
5 3821072867 
4
32772 2097152 
5 3823170019 
4
32772 1048576 
5 3824218595 
4
32772 524288 
5 3824742883 
4
32772 262144 
3821074490 470224412 
4
32772 262144 
5 3825005027 
4
32772 131072 
3821074495 4294967295 
4
32772 1024 
3821074495 4294967295 
4
32772 16 
3821074495 4294967295 
4
32772 8 
3821074495 4294967295 
4
32768 3221225472 
3821074491 4294967295 
4
32768 1077936128 
3821074490 478088732 
4
32768 20971520 
3821074490 478088732 
4
24832 0 
3821041983 4294967295 
4
20736 0 
3821041983 4294967295 
4
16672 0 
3821041720 0 
4
16656 0 
3821041983 4294967295 
4
16642 0 
3821041722 0 
4
16642 0 
263 4294967295 
4
16640 134217728 
3821041722 134217728 
4
16640 134217728 
261 4294967295 
4
16640 67108864 
3821041983 4294967295 
4
16640 65536 
3821041983 4294967295 
4
16640 512 
3821041983 4294967295 
4
16640 4 
3821041983 4294967295 
4
16416 1073741824 
35 4294967295 
4
16416 4194304 
34 478088732 
4
16388 1073741824 
3821041723 4294967295 
4
16388 4194304 
3821041722 478088732 
4
16388 4194304 
5 3821072867 
4
16388 2097152 
5 3823170019 
4
16388 1048576 
5 3824218595 
4
16388 524288 
5 3824742883 
4
16388 262144 
3821041722 470224412 
4
16388 262144 
5 3825005027 
4
16388 131072 
3821041727 4294967295 
4
16388 1024 
3821041727 4294967295 
4
16388 16 
3821041727 4294967295 
4
16388 8 
3821041727 4294967295 
4
16384 3221225472 
3821041723 4294967295 
4
16384 1077936128 
3821041722 478088732 
4
16384 20971520 
3821041722 478088732 
4
8450 0 
263 4294967295 
4
8224 1073741824 
35 4294967295 
4
8224 4194304 
34 478088732 
4
4354 0 
263 4294967295 
4
4102 0 
7 4294967295 
4
770 0 
263 4294967295 
4
518 0 
7 4294967295 
4
304 0 
295 4294967295 
4
292 0 
39 4294967295 
4
274 0 
263 4294967295 
4
260 1073741824 
4294967291 4294967295 
4
260 4194304 
4294967290 478088732 
4
258 134217728 
261 4294967295 
4
258 67108864 
263 4294967295 
4
258 65536 
263 4294967295 
4
258 512 
263 4294967295 
4
258 4 
263 4294967295 
4
256 1077936128 
4294967290 478088732 
4
256 201326592 
261 4294967295 
4
256 134283264 
261 4227858431 
4
256 134218240 
261 4294967295 
4
256 134217732 
261 4294967295 
4
256 12582912 
4294967290 478088732 
4
52 0 
39 4294967295 
4
48 2097152 
34 473894428 
4
48 1048576 
34 471797276 
4
48 524288 
34 470748700 
4
36 1073741824 
35 4294967295 
4
36 4194304 
34 478088732 
4
32 1077936128 
34 478088732 
4
32 134479872 
0 201788956 
4
32 12582912 
34 478088732 
4
32 6291456 
34 473894428 
4
32 5242880 
34 471797276 
4
32 4718592 
34 470748700 
4
6 1073741824 
3 4294967295 
4
6 134217728 
5 4294967295 
4
6 67108864 
7 4294967295 
4
6 4194304 
5 3821072867 
4
6 4194304 
2 478088732 
4
6 2097152 
5 3823170019 
4
6 1048576 
5 3824218595 
4
6 524288 
5 3824742883 
4
6 262144 
5 3825005027 
4
6 262144 
2 470224412 
4
6 131072 
7 4294967295 
4
6 65536 
7 4294967295 
4
6 1024 
7 4294967295 
4
6 512 
7 4294967295 
4
6 16 
7 4294967295 
4
6 8 
7 4294967295 
4
6 4 
7 4294967295 
4
4 1077936128 
4294967294 478088732 
4
4 134217744 
5 4294967295 
4
4 134217736 
5 4294967295 
4
4 2359296 
5 3823170019 
4
4 1310720 
5 3824218595 
4
4 786432 
5 3824742883 
4
4 393216 
5 3825005027 
4
2 3221225472 
3 4294967295 
4
2 1207959552 
1 4294967295 
4
2 1140850688 
3 4294967295 
4
2 1077936128 
2 478088732 
4
2 20971520 
2 478088732 
4
2 264192 
2 470224412 
4
2 262160 
2 470224412 
4
0 1275068416 
1 4294967295 
4
0 1080033280 
1 3284201955 
4
0 1078984704 
1 3284201955 
4
0 1078460416 
1 3284201955 
4
0 203423744 
0 473894428 
4
0 138674176 
0 201788956 
4
0 136380416 
0 406785564 
4
0 136315392 
0 473894428 
4
0 136314896 
0 473894428 
4
0 136314888 
0 473894428 
4
0 136314884 
0 473894428 
4
0 2490368 
0 3932160 
4
51380224 0 
4026531839 4294967295 
2
42991616 0 
4026531839 4294967295 
2
41951232 0 
520093695 4294967295 
2
34865152 0 
4026531839 4294967295 
2
34734080 0 
4026531839 4294967295 
2
34668544 0 
4026531839 4294967295 
2
34635776 0 
4026531839 4294967295 
2
34619392 0 
4026531839 4294967295 
2
34611200 0 
4026531839 4294967295 
2
34607104 0 
4026531839 4294967295 
2
34603040 0 
4026531839 4294967295 
2
34603024 0 
4026531839 4294967295 
2
34603010 0 
4026531839 4294967295 
2
34603008 134217728 
4026531839 4294967295 
2
34603008 67108864 
4026531839 4294967295 
2
34603008 65536 
4026531839 4294967295 
2
34603008 512 
4026531839 4294967295 
2
34603008 4 
4026531839 4294967295 
2
33816832 0 
4022860287 4294967295 
2
33701888 0 
245760 0 
2
33693696 0 
33808384 0 
2
33685506 0 
473827271 4294967295 
2
33685504 4194304 
473827269 3821072867 
2
33685504 2097152 
473827269 3823170019 
2
33685504 1048576 
473827269 3824218595 
2
33685504 524288 
473827269 3824742883 
2
33685504 262144 
473827269 3825005027 
2
33628160 0 
33677312 0 
2
33619970 0 
473892807 4294967295 
2
33619968 4194304 
473892805 3821072867 
2
33619968 2097152 
473892805 3823170019 
2
33619968 1048576 
473892805 3824218595 
2
33619968 524288 
473892805 3824742883 
2
33619968 262144 
473892805 3825005027 
2
33587202 0 
473925575 4294967295 
2
33587200 4194304 
473925573 3821072867 
2
33587200 2097152 
473925573 3823170019 
2
33587200 1048576 
473925573 3824218595 
2
33587200 524288 
473925573 3824742883 
2
33587200 262144 
473925573 3825005027 
2
33570818 0 
473941959 4294967295 
2
33570816 4194304 
473941957 3821072867 
2
33570816 2097152 
473941957 3823170019 
2
33570816 1048576 
473941957 3824218595 
2
33570816 524288 
473941957 3824742883 
2
33570816 262144 
473941957 3825005027 
2
33562640 0 
507504631 4294967295 
2
33562626 0 
507504583 4294967295 
2
33562624 4194304 
507504581 3821072867 
2
33562624 2097152 
507504581 3823170019 
2
33562624 1048576 
507504581 3824218595 
2
33562624 524288 
507504581 3824742883 
2
33562624 262144 
507504581 3825005027 
2
33554720 0 
295 4294967295 
2
33554432 138412032 
0 478088732 
2
33554432 136314880 
0 473894428 
2
33554432 135266304 
0 471797276 
2
33554432 134742016 
0 470748700 
2
33554432 134479872 
0 201788956 
2
33554432 71303168 
4294967295 4294967295 
2
33554432 69206016 
4294967295 4294967295 
2
33554432 68157440 
4294967295 4294967295 
2
33554432 67633152 
4294967295 4294967295 
2
33554432 67371008 
4294967295 4294967295 
2
26214400 0 
4026531839 4294967295 
2
25182208 0 
503316479 4294967295 
2
18087936 0 
4026531839 4294967295 
2
17956864 0 
4026531839 4294967295 
2
17891328 0 
4026531839 4294967295 
2
17858560 0 
4026531839 4294967295 
2
17842176 0 
4026531839 4294967295 
2
17829888 0 
4026531839 4294967295 
2
17825824 0 
4026531839 4294967295 
2
17825808 0 
4026531839 4294967295 
2
17825794 0 
4026531839 4294967295 
2
17825792 134217728 
4026531839 4294967295 
2
17825792 67108864 
4026531839 4294967295 
2
17825792 65536 
4026531839 4294967295 
2
17825792 512 
4026531839 4294967295 
2
17825792 4 
4026531839 4294967295 
2
17039616 0 
4022860287 4294967295 
2
16924672 0 
245760 0 
2
16908290 0 
473827271 4294967295 
2
16908288 4194304 
473827269 3821072867 
2
16908288 2097152 
473827269 3823170019 
2
16908288 1048576 
473827269 3824218595 
2
16908288 524288 
473827269 3824742883 
2
16908288 262144 
473827269 3825005027 
2
16842754 0 
473892807 4294967295 
2
16842752 4194304 
473892805 3821072867 
2
16842752 2097152 
473892805 3823170019 
2
16842752 1048576 
473892805 3824218595 
2
16842752 524288 
473892805 3824742883 
2
16842752 262144 
473892805 3825005027 
2
16809986 0 
473925575 4294967295 
2
16809984 4194304 
473925573 3821072867 
2
16809984 2097152 
473925573 3823170019 
2
16809984 1048576 
473925573 3824218595 
2
16809984 524288 
473925573 3824742883 
2
16809984 262144 
473925573 3825005027 
2
16793602 0 
473941959 4294967295 
2
16793600 4194304 
473941957 3821072867 
2
16793600 2097152 
473941957 3823170019 
2
16793600 1048576 
473941957 3824218595 
2
16793600 524288 
473941957 3824742883 
2
16793600 262144 
473941957 3825005027 
2
16777216 134479872 
0 201788956 
2
9699328 0 
4026531839 4294967295 
2
9568256 0 
4026531839 4294967295 
2
9502720 0 
4026531839 4294967295 
2
9469952 0 
4026531839 4294967295 
2
9453568 0 
4026531839 4294967295 
2
9445376 0 
4026531839 4294967295 
2
9441280 0 
4026531839 4294967295 
2
9437216 0 
4026531839 4294967295 
2
9437200 0 
4026531839 4294967295 
2
9437186 0 
4026531839 4294967295 
2
9437184 134217728 
4026531839 4294967295 
2
9437184 67108864 
4026531839 4294967295 
2
9437184 65536 
4026531839 4294967295 
2
9437184 512 
4026531839 4294967295 
2
9437184 4 
4026531839 4294967295 
2
8651008 0 
4022860287 4294967295 
2
8527872 0 
486424575 4294967295 
2
8462336 0 
486490111 4294967295 
2
8429568 0 
486522879 4294967295 
2
8413184 0 
486539263 4294967295 
2
8397056 0 
12597567 4294967295 
2
8396816 0 
12597272 0 
2
8396804 0 
12597311 4294967295 
2
8396800 1073741824 
12597307 4294967295 
2
8396800 4194304 
12597306 478088732 
2
8396800 2097152 
12597306 473894428 
2
8396800 1048576 
12597306 471797276 
2
8396800 524288 
12597306 470748700 
2
8388608 134479872 
0 201788956 
2
1441792 0 
201719808 0 
2
1376256 0 
4026531839 4294967295 
2
1343488 0 
4026531839 4294967295 
2
1327104 0 
4026531839 4294967295 
2
1318912 0 
4026531839 4294967295 
2
1314816 0 
4026531839 4294967295 
2
1311232 0 
3147264 0 
2
1310976 0 
4022860287 4294967295 
2
1310976 0 
3147520 0 
2
1310752 0 
4026531839 4294967295 
2
1310736 0 
4026531839 4294967295 
2
1310722 0 
4026531839 4294967295 
2
1310720 134217728 
4026531839 4294967295 
2
1310720 67108864 
4026531839 4294967295 
2
1310720 65536 
4026531839 4294967295 
2
1310720 512 
4026531839 4294967295 
2
1310720 4 
4026531839 4294967295 
2
1196032 0 
245760 0 
2
1187840 0 
4026531839 4294967295 
2
1183744 0 
4026531839 4294967295 
2
1180160 0 
3147264 0 
2
1179904 0 
3147520 0 
2
1179680 0 
3821271096 0 
2
1179664 0 
4026531839 4294967295 
2
1179650 0 
3821271098 0 
2
1179650 0 
205391815 4294967295 
2
1179648 134217728 
3821271098 134217728 
2
1179648 134217728 
205391813 4294967295 
2
1179648 67108864 
4026531839 4294967295 
2
1179648 65536 
4026531839 4294967295 
2
1179648 512 
4026531839 4294967295 
2
1179648 4 
4026531839 4294967295 
2
1122304 0 
4026531839 4294967295 
2
1118208 0 
4026531839 4294967295 
2
1114144 0 
3821140024 0 
2
1114128 0 
4026531839 4294967295 
2
1114114 0 
3821140026 0 
2
1114114 0 
205457351 4294967295 
2
1114112 134217728 
3821140026 134217728 
2
1114112 134217728 
205457349 4294967295 
2
1114112 67108864 
4026531839 4294967295 
2
1114112 65536 
4026531839 4294967295 
2
1114112 512 
4026531839 4294967295 
2
1114112 4 
4026531839 4294967295 
2
1089536 0 
4026531839 4294967295 
2
1085440 0 
4026531839 4294967295 
2
1081376 0 
3821074488 0 
2
1081360 0 
4026531839 4294967295 
2
1081346 0 
3821074490 0 
2
1081346 0 
205490119 4294967295 
2
1081344 134217728 
3821074490 134217728 
2
1081344 134217728 
205490117 4294967295 
2
1081344 67108864 
4026531839 4294967295 
2
1081344 65536 
4026531839 4294967295 
2
1081344 512 
4026531839 4294967295 
2
1081344 4 
4026531839 4294967295 
2
1073152 0 
4026531839 4294967295 
2
1069056 0 
4026531839 4294967295 
2
1064992 0 
3821041720 0 
2
1064976 0 
4026531839 4294967295 
2
1064962 0 
3821041722 0 
2
1064962 0 
205506503 4294967295 
2
1064960 134217728 
3821041722 134217728 
2
1064960 134217728 
205506501 4294967295 
2
1064960 67108864 
4026531839 4294967295 
2
1064960 65536 
4026531839 4294967295 
2
1064960 512 
4026531839 4294967295 
2
1064960 4 
4026531839 4294967295 
2
1060864 0 
4026531839 4294967295 
2
1056784 0 
4026531839 4294967295 
2
1056770 0 
4026531839 4294967295 
2
1056768 134217728 
4026531839 4294967295 
2
1056768 67108864 
4026531839 4294967295 
2
1056768 65536 
4026531839 4294967295 
2
1056768 512 
4026531839 4294967295 
2
1056768 4 
4026531839 4294967295 
2
1052704 0 
4026531839 4294967295 
2
1052688 0 
4026531839 4294967295 
2
1052674 0 
4026531839 4294967295 
2
1052672 134217728 
4026531839 4294967295 
2
1052672 67108864 
4026531839 4294967295 
2
1052672 65536 
4026531839 4294967295 
2
1052672 512 
4026531839 4294967295 
2
1052672 4 
4026531839 4294967295 
2
1048864 0 
295 4294967295 
2
1048624 0 
4026531839 4294967295 
2
1048608 134217728 
4026531837 4294967295 
2
1048608 67108864 
4026531839 4294967295 
2
1048608 65536 
4026531839 4294967295 
2
1048608 512 
4026531839 4294967295 
2
1048608 4 
4026531839 4294967295 
2
1048594 0 
4026531839 4294967295 
2
1048592 134217728 
4026531839 4294967295 
2
1048592 67108864 
4026531839 4294967295 
2
1048592 65536 
4026531839 4294967295 
2
1048592 512 
4026531839 4294967295 
2
1048592 4 
4026531839 4294967295 
2
1048578 134217728 
4026531839 4294967295 
2
1048578 67108864 
4026531839 4294967295 
2
1048578 65536 
4026531839 4294967295 
2
1048578 512 
4026531839 4294967295 
2
1048578 4 
4026531839 4294967295 
2
1048576 201326592 
4026531839 4294967295 
2
1048576 134479872 
0 201788956 
2
1048576 134283264 
4026531839 4227858431 
2
1048576 134218240 
4026531839 4294967295 
2
1048576 134217732 
4026531839 4294967295 
2
786436 0 
4294967295 4294967295 
2
786432 2147483648 
4294967295 4294967295 
2
786432 1073741824 
4294967295 4294967295 
2
786432 16777216 
4294967295 4294967295 
2
786432 8388608 
4294967295 4294967295 
2
786432 4194304 
4294967295 4294967295 
2
786432 2097152 
4294967295 4294967295 
2
786432 1048576 
4294967295 4294967295 
2
786432 524288 
4294967295 4294967295 
2
786432 262144 
4294967295 4294967295 
2
786432 16384 
4294967295 4294967295 
2
786432 8192 
4294967295 4294967295 
2
786432 4096 
4294967295 4294967295 
2
786432 2048 
4294967295 4294967295 
2
786432 128 
4294967295 4294967295 
2
786432 64 
4294967295 4294967295 
2
786432 16 
4294967295 4294967295 
2
524448 0 
272107431 4294967295 
2
524420 0 
4023384319 4294967295 
2
524416 1073741824 
4023384315 4294967295 
2
524416 4194304 
4023384314 478088732 
2
524416 2097152 
4023384314 473894428 
2
524416 1048576 
4023384314 471797276 
2
524416 524288 
4023384314 470748700 
2
524288 134479872 
0 201788956 
2
393728 0 
201719808 0 
2
393472 0 
201719808 0 
2
393220 0 
201719808 0 
2
393216 2147483648 
201719808 0 
2
393216 1073741824 
201719808 0 
2
393216 16777216 
201719808 0 
2
393216 8388608 
201719808 0 
2
393216 4194304 
201719808 0 
2
393216 2097152 
201719808 0 
2
393216 1048576 
201719808 0 
2
393216 524288 
201719808 0 
2
393216 262144 
201719808 0 
2
393216 16384 
201719808 0 
2
393216 8192 
201719808 0 
2
393216 4096 
201719808 0 
2
393216 2048 
201719808 0 
2
393216 128 
201719808 0 
2
393216 64 
201719808 0 
2
393216 16 
201719808 0 
2
327936 0 
201785792 0 
2
295168 0 
201818560 0 
2
278784 0 
201834944 0 
2
270592 0 
4022860287 4294967295 
2
266496 0 
4022860287 4294967295 
2
262912 0 
4022860287 4294967295 
2
262432 0 
4022860280 0 
2
262416 0 
4022860287 4294967295 
2
262402 0 
4022860282 0 
2
262400 2147483648 
4022860287 4294967295 
2
262400 134217728 
4022860282 134217728 
2
262400 134217728 
261 4294967295 
2
262400 67108864 
4022860287 4294967295 
2
262400 16777216 
4022860287 4294967295 
2
262400 8388608 
4022860287 4294967295 
2
262400 4194304 
261 3821072867 
2
262400 2097152 
4022860282 473894428 
2
262400 2097152 
261 3823170019 
2
262400 1048576 
4022860282 471797276 
2
262400 1048576 
261 3824218595 
2
262400 524288 
4022860282 470748700 
2
262400 524288 
261 3824742883 
2
262400 262144 
4022860282 470224412 
2
262400 262144 
261 3825005027 
2
262400 131072 
4022860287 4294967295 
2
262400 65536 
4022860287 4294967295 
2
262400 16384 
4022860287 4294967295 
2
262400 8192 
4022860287 4294967295 
2
262400 4096 
4022860287 4294967295 
2
262400 2048 
4022860287 4294967295 
2
262400 1024 
4022860287 4294967295 
2
262400 512 
4022860287 4294967295 
2
262400 128 
4022860287 4294967295 
2
262400 64 
4022860287 4294967295 
2
262400 16 
4022860287 4294967295 
2
262400 8 
4022860287 4294967295 
2
262400 4 
4022860287 4294967295 
2
262304 0 
272369575 4294967295 
2
262276 0 
4022860031 4294967295 
2
262272 1073741824 
4022860027 4294967295 
2
262272 4194304 
4022860026 478088732 
2
262272 2097152 
4022860026 473894428 
2
262272 1048576 
4022860026 471797276 
2
262272 524288 
4022860026 470748700 
2
262144 134479872 
0 201788956 
2
155648 0 
245760 0 
2
139280 0 
473835511 4294967295 
2
139264 4194304 
473827269 3821072867 
2
139264 2097152 
473827269 3823170019 
2
139264 1048576 
473827269 3824218595 
2
139264 524288 
473827269 3824742883 
2
139264 262144 
473827269 3825005027 
2
131328 4194304 
261 3821072867 
2
131328 2097152 
261 3823170019 
2
131328 1048576 
261 3824218595 
2
131328 524288 
261 3824742883 
2
131328 262144 
3821271098 470224412 
2
131328 262144 
261 3825005027 
2
131328 131072 
3821271359 4294967295 
2
131328 1024 
3821271359 4294967295 
2
131328 16 
3821271359 4294967295 
2
131328 8 
3821271359 4294967295 
2
131104 134217728 
3821271096 0 
2
131104 131072 
3821271096 0 
2
131090 0 
473827271 4294967295 
2
131074 134217728 
3821271098 0 
2
131074 131072 
3821271098 0 
2
131072 134479872 
0 201788956 
2
131072 134348800 
3821271098 134217728 
2
131072 67371008 
3821271098 470224412 
2
131072 264192 
3821271098 470224412 
2
131072 262160 
3821271098 470224412 
2
73744 0 
473901047 4294967295 
2
73728 4194304 
473892805 3821072867 
2
73728 2097152 
473892805 3823170019 
2
73728 1048576 
473892805 3824218595 
2
73728 524288 
473892805 3824742883 
2
73728 262144 
473892805 3825005027 
2
65792 4194304 
261 3821072867 
2
65792 2097152 
261 3823170019 
2
65792 1048576 
261 3824218595 
2
65792 524288 
261 3824742883 
2
65792 262144 
3821140026 470224412 
2
65792 262144 
261 3825005027 
2
65792 131072 
3821140287 4294967295 
2
65792 1024 
3821140287 4294967295 
2
65792 16 
3821140287 4294967295 
2
65792 8 
3821140287 4294967295 
2
65554 0 
473892807 4294967295 
2
65536 134479872 
0 201788956 
2
65536 67371008 
3821140026 470224412 
2
40976 0 
473933815 4294967295 
2
40960 4194304 
473925573 3821072867 
2
40960 2097152 
473925573 3823170019 
2
40960 1048576 
473925573 3824218595 
2
40960 524288 
473925573 3824742883 
2
40960 262144 
473925573 3825005027 
2
33024 4194304 
261 3821072867 
2
33024 2097152 
261 3823170019 
2
33024 1048576 
261 3824218595 
2
33024 524288 
261 3824742883 
2
33024 262144 
3821074490 470224412 
2
33024 262144 
261 3825005027 
2
33024 131072 
3821074751 4294967295 
2
33024 1024 
3821074751 4294967295 
2
33024 16 
3821074751 4294967295 
2
33024 8 
3821074751 4294967295 
2
32786 0 
473925575 4294967295 
2
32768 134479872 
0 201788956 
2
32768 67371008 
3821074490 470224412 
2
24592 0 
473950199 4294967295 
2
24576 4194304 
473941957 3821072867 
2
24576 2097152 
473941957 3823170019 
2
24576 1048576 
473941957 3824218595 
2
24576 524288 
473941957 3824742883 
2
24576 262144 
473941957 3825005027 
2
16640 4194304 
261 3821072867 
2
16640 2097152 
261 3823170019 
2
16640 1048576 
261 3824218595 
2
16640 524288 
261 3824742883 
2
16640 262144 
3821041722 470224412 
2
16640 262144 
261 3825005027 
2
16640 131072 
3821041983 4294967295 
2
16640 1024 
3821041983 4294967295 
2
16640 16 
3821041983 4294967295 
2
16640 8 
3821041983 4294967295 
2
16402 0 
473941959 4294967295 
2
16384 134479872 
0 201788956 
2
16384 67371008 
3821041722 470224412 
2
8464 0 
8503 4294967295 
2
8212 0 
8247 4294967295 
2
8210 0 
4294967263 4294967295 
2
8208 1073741824 
8243 4294967295 
2
8208 4194304 
8242 478088732 
2
8208 2097152 
8242 473894428 
2
8208 1048576 
8242 471797276 
2
8208 524288 
8242 470748700 
2
8192 134479872 
0 201788956 
2
4384 0 
295 4294967295 
2
4096 134479872 
0 201788956 
2
800 0 
295 4294967295 
2
512 134479872 
0 201788956 
2
416 0 
295 4294967295 
2
288 134217728 
261 4294967295 
2
288 67108864 
295 4294967295 
2
288 4194304 
261 3821072867 
2
288 2097152 
261 3823170019 
2
288 1048576 
261 3824218595 
2
288 524288 
261 3824742883 
2
288 262144 
261 3825005027 
2
288 262144 
34 470224412 
2
288 131072 
295 4294967295 
2
288 65536 
295 4294967295 
2
288 1024 
295 4294967295 
2
288 512 
295 4294967295 
2
288 16 
295 4294967295 
2
288 8 
295 4294967295 
2
288 4 
295 4294967295 
2
258 4194304 
261 3821072867 
2
258 2097152 
261 3823170019 
2
258 1048576 
261 3824218595 
2
258 524288 
261 3824742883 
2
258 262144 
261 3825005027 
2
258 262144 
2 470224412 
2
258 131072 
263 4294967295 
2
258 1024 
263 4294967295 
2
258 16 
263 4294967295 
2
258 8 
263 4294967295 
2
256 134479872 
0 201788956 
2
256 134217744 
261 4294967295 
2
256 134217736 
261 4294967295 
2
256 18874368 
4294967290 473894428 
2
256 17825792 
4294967290 471797276 
2
256 17301504 
4294967290 470748700 
2
256 10485760 
4294967290 473894428 
2
256 9437184 
4294967290 471797276 
2
256 8912896 
4294967290 470748700 
2
256 4456448 
261 3821072867 
2
256 2359296 
261 3823170019 
2
256 1310720 
261 3824218595 
2
256 786432 
261 3824742883 
2
256 393216 
261 3825005027 
2
128 134479872 
0 201788956 
2
32 2281701376 
4294967293 4294967295 
2
32 2214592512 
4294967295 4294967295 
2
32 138412032 
4294967293 3821072867 
2
32 136314880 
4294967293 3823170019 
2
32 135266304 
4294967293 3824218595 
2
32 134742016 
4294967293 3824742883 
2
32 134479872 
4294967293 3825005027 
2
32 67371008 
34 470224412 
2
32 264192 
34 470224412 
2
32 262160 
34 470224412 
2
16 134479872 
0 201788956 
2
4 134479872 
0 201788956 
2
4 18874368 
4294967294 473894428 
2
4 17825792 
4294967294 471797276 
2
4 17301504 
4294967294 470748700 
2
4 4456448 
5 3821072867 
2
4 4325376 
5 3821072867 
2
4 2228224 
5 3823170019 
2
4 1179648 
5 3824218595 
2
4 655360 
5 3824742883 
2
2 2281701376 
4294967295 4294967295 
2
2 2214592512 
4294967295 4294967295 
2
2 138412032 
4294967295 3821072867 
2
2 136314880 
4294967295 3823170019 
2
2 135266304 
4294967295 3824218595 
2
2 134742016 
4294967295 3824742883 
2
2 134479872 
4294967295 3825005027 
2
2 67371008 
2 470224412 
2
0 2348810240 
4294967295 4294967295 
2
0 2281963520 
0 201788956 
2
0 2155876352 
4294967294 4244577820 
2
0 1208221696 
0 201788956 
2
0 1208025088 
1 4227858431 
2
0 1207960064 
1 4294967295 
2
0 1207959568 
1 4294967295 
2
0 1207959560 
1 4294967295 
2
0 1207959556 
1 4294967295 
2
0 1092616192 
4294967294 1547636252 
2
0 1091567616 
4294967294 1545539100 
2
0 1091043328 
4294967294 1544490524 
2
0 1082134528 
4294967294 2097094172 
2
0 1078198272 
1 3284201955 
2
0 1078067200 
1 3284201955 
2
0 1076101120 
1 3823170019 
2
0 1075970048 
1 3823170019 
2
0 1075052544 
1 3824218595 
2
0 1074921472 
1 3824218595 
2
0 1074528256 
1 3824742883 
2
0 1074397184 
1 3824742883 
2
0 1074135040 
1 3825005027 
2
0 205520896 
0 478088732 
2
0 151257088 
0 201788956 
2
0 142868480 
0 201788956 
2
0 138936320 
0 7864320 
2
0 138674176 
0 8126464 
2
0 138543104 
0 478088732 
2
0 138477568 
0 410979868 
2
0 138414080 
0 478088732 
2
0 138412544 
0 478088732 
2
0 138412048 
0 478088732 
2
0 138412040 
0 478088732 
2
0 138412036 
0 478088732 
2
0 136577024 
0 3932160 
2
0 136445952 
0 473894428 
2
0 136316928 
0 473894428 
2
0 135397376 
0 471797276 
2
0 135268352 
0 471797276 
2
0 134873088 
0 470748700 
2
0 134744064 
0 470748700 
2
0 134496256 
0 201788956 
2
0 134488064 
0 201788956 
2
0 134483968 
0 201788956 
2
0 134480000 
0 201788956 
2
0 134479936 
0 201788956 
2
0 4980736 
0 7864320 
2
0 4849664 
0 7864320 
2
0 4587520 
0 8126464 
2
0 4458496 
4294967295 4291297279 
2
0 4202624 
0 4206816 
2
0 4202560 
0 4206688 
2
32 5373952 
4294967293 3821072867 
2147483647
8194 5242880 
2 471797276 
2147483647
8224 5242880 
34 471797276 
2147483647
8326 0 
7 4294967295 
2147483647
16386 5242880 
2 471797276 
14
16512 5242880 
3821041722 471797276 
12
32770 5242880 
2 471797276 
12
65538 5242880 
2 471797276 
10
131330 1048576 
2 471797276 
8
25174016 1048576 
12597306 471797276 
8
18 5242880 
2 471797276 
8
16777218 5242880 
2 471797276 
8
16908546 0 
263 4294967295 
6
131328 5242880 
3821271098 471797276 
6
4354 4194304 
2 478088732 
6
33562882 0 
263 4294967295 
6
8466 0 
263 4294967295 
6
16785680 0 
8503 4294967295 
6
48 5242880 
34 471797276 
6
16777248 5242880 
34 471797276 
6
16777504 4194304 
34 478088732 
6
258 138412032 
0 478088732 
6
304 4194304 
34 478088732 
6
32 1078984704 
1 3284201955 
6
2 1078984704 
1 3284201955 
6
256 2153775104 
4294967290 473894428 
4
4384 4194304 
34 478088732 
4
288 138412032 
0 478088732 
4
288 4259840 
34 478088732 
4
8208 5242880 
8242 471797276 
4
256 2152726528 
4294967290 471797276 
4
33562626 4194304 
2 478088732 
4
8210 4194304 
2 478088732 
4
8464 4194304 
8242 478088732 
4
4352 4325376 
261 3821072867 
2
8448 4325376 
261 3821072867 
2
272 4325376 
261 3821072867 
2
8208 138412032 
4294967261 3821072867 
2
8450 5242880 
2 471797276 
2147483647
8322 5242880 
2 471797276 
2147483647
8706 5242880 
2 471797276 
2147483647
8480 5242880 
34 471797276 
2147483647
8352 5242880 
34 471797276 
2147483647
8736 5242880 
34 471797276 
2147483647
33554448 1114624 
4294967295 4294967295 
2147483647
128 139591680 
4294967295 3955290595 
2147483647
164 142606336 
4294967292 0 
2147483647
16642 5242880 
2 471797276 
16
16514 5242880 
2 471797276 
16
16793602 5242880 
2 471797276 
16
33026 5242880 
2 471797276 
14
32898 5242880 
2 471797276 
14
16898 5242880 
2 471797276 
14
16809986 5242880 
2 471797276 
14
65794 5242880 
2 471797276 
12
65666 5242880 
2 471797276 
12
16642 5242880 
3821041722 0 
12
33282 5242880 
2 471797276 
12
25174016 5242880 
12597306 471797276 
12
16842754 5242880 
2 471797276 
12
131330 5242880 
2 471797276 
10
16908546 1048576 
2 471797276 
10
131202 5242880 
2 471797276 
10
33026 5242880 
3821074490 0 
10
66050 5242880 
2 471797276 
10
32898 5242880 
3821074490 0 
10
65794 5242880 
3821140026 0 
8
131586 5242880 
2 471797276 
8
65666 5242880 
3821140026 0 
8
258 2152726528 
2 471797276 
8
2 2161115136 
1 2210460131 
8
2 2161115136 
2 471797276 
8
0 2295332864 
1 2210460131 
8
0 2161246208 
1 2210460131 
8
18 5308416 
2 471797276 
8
2 1078985216 
1 3284201955 
8
131202 5242880 
3821271098 0 
6
16789762 0 
263 4294967295 
6
48 5308416 
34 471797276 
6
4400 4194304 
34 478088732 
6
304 138412032 
0 478088732 
6
304 4259840 
34 478088732 
6
8392992 4194304 
34 478088732 
6
131328 20971648 
3821271098 478088732 
4
8401152 4194304 
12597306 478088732 
4
8397072 4194304 
8242 478088732 
4
12560 4194304 
8242 478088732 
4
12304 5242880 
8242 471797276 
4
258 2152726528 
4294967290 0 
4
2 2161115136 
4294967294 3770679296 
4
8208 139460608 
8242 134217728 
4
8208 139460608 
0 471797276 
4
0 2295332864 
4294967294 3904897024 
4
0 2295332864 
0 471797276 
4
8208 5373952 
4294967261 3821072867 
4
8208 5373952 
8242 471797276 
4
256 2152857600 
4294967290 471797276 
4
0 2161246208 
4294967294 4242476572 
4
256 2286944256 
4294967290 134217728 
4
256 2286944256 
0 471797276 
4
8464 138412032 
8242 134217728 
4
8464 138412032 
0 478088732 
4
256 2152792064 
4294967290 471797276 
4
8336 5242880 
8242 471797276 
4
256 2152727040 
4294967290 471797276 
4
16785552 4194304 
8242 478088732 
4
33562624 139460608 
507504581 3821072867 
4
33562624 5243904 
507504581 3821072867 
4
8396800 139460608 
12597306 134217728 
4
8396800 139460608 
0 471797276 
4
0 1229979648 
4294967294 1207959552 
4
0 1229979648 
0 471797276 
4
8400896 138412032 
4290766789 3821072867 
2
16777392 5242880 
34 471797276 
2147483647
16777362 5242880 
2 471797276 
2147483647
16785680 5242880 
8242 471797276 
2147483647
16777344 139591680 
4294967295 3955290595 
2147483647
0 156385280 
4294967295 3955290595 
2147483647
16785552 5242880 
8242 471797276 
2147483647
8448 139591680 
4294967290 134217728 
2147483647
8448 139591680 
261 3821072867 
2147483647
16785424 139460608 
8242 134217728 
2147483647
16785424 139460608 
0 471797276 
2147483647
16777472 139591680 
4294967290 134217728 
2147483647
16777472 139591680 
261 3821072867 
2147483647
33566722 5242880 
507504581 3821072867 
2147483647
16781330 5242880 
2 471797276 
2147483647
33566850 4194304 
507504581 3821072867 
2147483647
33566850 4194304 
2 478088732 
2147483647
25169922 5242880 
2 471797276 
2147483647
25182210 5242880 
2 471797276 
2147483647
25198594 5242880 
2 471797276 
2147483647
25231362 5242880 
2 471797276 
2147483647
16793858 5242880 
2 471797276 
18
16793730 5242880 
2 471797276 
18
16810242 5242880 
2 471797276 
16
16810114 5242880 
2 471797276 
16
16794114 5242880 
2 471797276 
16
16843010 5242880 
2 471797276 
14
16842882 5242880 
2 471797276 
14
16810498 5242880 
2 471797276 
14
16386 22036480 
2 471797276 
14
16908546 5242880 
2 471797276 
12
25297154 1048576 
2 471797276 
12
16908418 5242880 
2 471797276 
12
16843266 5242880 
2 471797276 
12
32770 22036480 
2 471797276 
12
16908802 5242880 
2 471797276 
10
2 2161115140 
1 2210460131 
10
0 2295332868 
1 2210460131 
10
65538 22036480 
2 471797276 
10
25297154 4194304 
2 478088732 
8
131330 20971648 
2 478088732 
8
16789762 4194304 
2 478088732 
8
16785680 4194308 
8242 478088732 
8
32 2161115140 
1 2210460131 
8
12576 4194308 
34 478088732 
8
8496 4194308 
34 478088732 
8
8397088 4194308 
34 478088732 
8
16785680 71303168 
8242 478088732 
8
32 2161115144 
1 2210460131 
8
32 2161180672 
1 2210460131 
8
32 2161115648 
1 2210460131 
8
16785680 4325376 
8242 478088732 
8
16785680 4259840 
8242 478088732 
8
16785680 4194816 
8242 478088732 
8
16785680 4194312 
8242 478088732 
8
131074 22036480 
2 471797276 
8
288 2152726532 
34 471797276 
6
8192 2161115140 
1 2210460131 
6
32 2161115140 
34 471797276 
6
512 2161116160 
1 2210460131 
6
128 2161116160 
1 2210460131 
6
288 2286944256 
0 471797276 
6
0 2161115656 
1 2210460131 
6
0 2161180680 
1 2210460131 
6
32 2161115144 
34 471797276 
6
8192 2161180672 
1 2210460131 
6
32 2161180672 
34 471797276 
6
8192 2161115648 
1 2210460131 
6
32 2161115648 
34 471797276 
6
8192 2161115144 
1 2210460131 
6
16785664 5373952 
261 3821072867 
6
4400 138412032 
261 3821072867 
6
4370 138412032 
261 3821072867 
6
512 2161115144 
1 2210460131 
6
288 2152792064 
34 471797276 
6
288 2152727040 
34 471797276 
6
288 2152727552 
34 471797276 
6
288 2152726536 
34 471797276 
6
33554736 138412032 
261 3821072867 
6
33554706 138412032 
261 3821072867 
6
0 1229980160 
1 3284201955 
6
131330 2152726528 
473827264 0 
4
8401152 4194308 
261 3821072867 
4
16789760 2097156 
261 3823170019 
4
8397072 4194308 
261 3821072867 
4
12560 4194308 
261 3821072867 
4
288 2152726532 
4294967288 0 
4
256 2153775620 
4294967290 473894428 
4
4352 2286944256 
4294967290 134217728 
4
4352 2286944256 
0 471797276 
4
8448 2152727552 
4294967290 471797276 
4
272 2152727552 
4294967290 471797276 
4
4352 2152727552 
4294967290 471797276 
4
8192 2161115140 
4294967294 4242476572 
4
32 2161115140 
4294967292 3770679296 
4
0 2303737856 
0 471797276 
4
8448 2286944256 
4294967290 134217728 
4
8448 2286944256 
0 471797276 
4
256 2152792068 
4294967290 471797276 
4
512 2161116160 
4294967294 4242476572 
4
128 2161116160 
4294967294 4242476572 
4
33554688 2152726532 
4294967290 471797276 
4
8448 2152726532 
4294967290 471797276 
4
8396928 139460608 
12597306 134217728 
4
8396928 139460608 
0 471797276 
4
8397312 139460608 
12597306 134217728 
4
8397312 139460608 
0 471797276 
4
0 2161115656 
4294967294 4242476568 
4
0 2161180680 
4294967294 4242476572 
4
32 2161115144 
4294967292 3770679296 
4
33562752 5243904 
507504581 3821072867 
4
8192 2161180672 
4294967294 4242476572 
4
32 2161180672 
4294967292 3770679296 
4
8336 5308416 
8242 471797276 
4
256 2152727048 
4294967290 471797272 
4
8192 2161115648 
4294967294 4242476572 
4
32 2161115648 
4294967292 3770679296 
4
16785552 4325376 
8242 478088732 
4
0 156385280 
0 471797276 
4
8396800 5244416 
12597306 471797276 
4
8401024 5242880 
12597306 471797276 
4
8192 2161115144 
4294967294 4242476572 
4
33562640 139460608 
3821025304 0 
4
8208 139526144 
4294967261 3821072867 
4
8208 139461120 
4294967261 3821072867 
4
512 2161115144 
4294967294 4242476572 
4
12544 5373952 
261 3821072867 
4
33562896 4325376 
261 3821072867 
4
8400896 139460608 
12597306 134217728 
4
8400896 139460608 
0 471797276 
4
8397072 4325376 
261 3821072867 
4
12560 4325376 
261 3821072867 
4
8396802 5243904 
12597306 0 
4
8192 1095778304 
4294967294 1545539100 
4
8196 22036480 
4294967294 471797276 
4
16781584 4194308 
261 3821072867 
2
16781584 4259840 
261 3821072867 
2
16781584 4194816 
261 3821072867 
2
16781584 4194312 
261 3821072867 
2
8196 8913412 
5 3824742883 
2
25297154 5242880 
2 471797276 
2147483647
25231618 5242880 
2 471797276 
2147483647
25297026 5242880 
2 471797276 
2147483647
25297410 5242880 
2 471797276 
2147483647
25198850 5242880 
2 471797276 
2147483647
25231490 5242880 
2 471797276 
2147483647
25231874 5242880 
2 471797276 
2147483647
25182466 5242880 
2 471797276 
2147483647
25198722 5242880 
2 471797276 
2147483647
25199106 5242880 
2 471797276 
2147483647
25182338 5242880 
2 471797276 
2147483647
25182722 5242880 
2 471797276 
2147483647
25170178 5242880 
2 471797276 
2147483647
33566978 5242880 
507504576 0 
2147483647
33566978 5242880 
261 3821072867 
2147483647
16785552 5242884 
8242 471797276 
2147483647
16785936 5242884 
8242 471797276 
2147483647
32 2161115204 
4294967292 3770679296 
2147483647
32 2161115204 
34 471797276 
2147483647
2 2161115204 
4294967294 3770679296 
2147483647
2 2161115204 
2 471797276 
2147483647
512 2161116224 
4294967294 4242476572 
2147483647
0 2169521216 
4294967294 4259282556 
2147483647
32 2161115208 
4294967292 3770679296 
2147483647
32 2161115208 
34 471797276 
2147483647
0 2169585728 
4294967294 4259282556 
2147483647
32 2161180736 
4294967292 3770679296 
2147483647
32 2161180736 
34 471797276 
2147483647
0 2169520704 
4294967294 4259282556 
2147483647
32 2161115712 
4294967292 3770679296 
2147483647
32 2161115712 
34 471797276 
2147483647
16785936 139460608 
8242 134217728 
2147483647
16785936 139460608 
0 471797276 
2147483647
16777520 139460608 
0 471797276 
2147483647
0 2169520200 
4294967294 4259282556 
2147483647
4368 139591680 
4294967290 134217728 
2147483647
4368 139591680 
261 3821072867 
2147483647
16785936 5243904 
8242 471797276 
2147483647
25174274 5242880 
12597306 0 
14
25174146 5242880 
12597306 0 
14
25174272 5242884 
12597306 471797276 
14
25174530 5242880 
12597306 0 
12
512 2295332868 
1 2210460131 
12
16777474 2152726532 
2 471797276 
10
274 2286944256 
0 471797276 
10
274 2152792064 
2 471797276 
10
274 2152727040 
2 471797276 
10
274 2152727552 
2 471797276 
10
274 2152726536 
2 471797276 
10
8208 2161115140 
1 2210460131 
8
16777504 2152726532 
34 471797276 
8
32 2161180680 
1 2210460131 
8
8208 2161180672 
1 2210460131 
8
8208 2161115648 
1 2210460131 
8
304 2286944256 
0 471797276 
8
304 2152792064 
34 471797276 
8
304 2152727040 
34 471797276 
8
304 2152727552 
34 471797276 
8
304 2152726536 
34 471797276 
8
304 2152726532 
34 471797276 
8
2 1095762436 
2 471797276 
8
16908546 2152726528 
473827264 0 
6
33562880 2152726532 
507504576 0 
6
25174272 5242884 
261 3821072867 
6
8208 2161115140 
8242 471797276 
6
512 2161180676 
1 2210460131 
6
0 2169521216 
1 2197864899 
6
16777232 2161116160 
1 2210460131 
6
128 2161180676 
1 2210460131 
6
33562880 2152726544 
507504576 0 
6
8464 2286944256 
8242 134217728 
6
8464 2286944256 
0 471797276 
6
32 2161180680 
34 471797276 
6
33554720 2152726536 
34 471797276 
6
0 2169585728 
1 2197864899 
6
8208 2161180672 
8242 471797276 
6
0 2169520704 
1 2197864899 
6
8208 2161115648 
8242 471797276 
6
0 2169520200 
1 2197864899 
6
288 2287009792 
4294967288 0 
6
288 2152728064 
34 471797276 
6
288 2152727048 
34 471797272 
6
8397056 2286944256 
12597306 134217728 
6
8397056 2286944256 
0 471797276 
6
32 1095762436 
34 471797276 
6
131328 2168455360 
3821271098 478088732 
4
33562880 2152726532 
3821025338 471797276 
4
16777472 2152727044 
4294967290 471797276 
4
4352 2152727048 
4294967290 471797272 
4
16777472 2152726540 
4294967290 471797276 
4
16777472 2152726548 
4294967290 471797276 
4
8448 2152728064 
4294967290 471797276 
4
272 2152728064 
4294967290 471797276 
4
4352 2152728064 
4294967290 471797276 
4
8448 2152792072 
4294967290 471797276 
4
272 2152792072 
4294967290 471797276 
4
4352 2152792072 
4294967290 471797276 
4
512 2161180676 
4294967294 4242476572 
4
16777232 2161116160 
4294967294 4242476572 
4
128 2161180676 
4294967294 4242476572 
4
33562880 2152726544 
3821025338 471797276 
4
33562752 5244416 
507504581 3821072867 
4
33562752 5243400 
507504581 3821072867 
4
32 2161180680 
4294967292 3770679296 
4
33562752 139461632 
507504581 3821072867 
4
33562752 5309440 
507504581 3821072867 
4
33562752 5308424 
507504581 3821072867 
4
33554720 2152726536 
4294967288 0 
4
33562752 139460616 
507504581 3821072867 
4
8336 5309440 
8242 471797276 
4
8448 2152727048 
4294967290 471797272 
4
8396928 5243400 
12597306 471797272 
4
8396930 5243904 
12597306 0 
4
8396928 5374976 
12597306 471797276 
4
8396928 5309440 
12597306 471797276 
4
8396928 5308424 
12597306 471797276 
4
8401024 5243392 
12597306 471797276 
4
272 2152857604 
261 3821072867 
4
272 2152857608 
261 3821072867 
4
16781584 5373952 
261 3821072867 
4
8192 1095762436 
4294967294 1545539100 
4
32 1095762436 
4294967292 1073741824 
4
2 1095762436 
4294967294 1073741824 
4
8208 2161115204 
4294967260 3770679296 
2147483647
8208 2161115204 
8242 471797276 
2147483647
512 2295332932 
4294967294 3904897024 
2147483647
512 2295332932 
0 471797276 
2147483647
512 2161180740 
4294967294 4242476572 
2147483647
0 2169585732 
4294967294 4259282556 
2147483647
128 2161116352 
4294967294 4242476572 
2147483647
0 2169520712 
4294967294 4259282552 
2147483647
0 2169586240 
4294967294 4259282556 
2147483647
0 2169585736 
4294967294 4259282556 
2147483647
512 2161181248 
4294967294 4242476572 
2147483647
32770 2169520192 
3821074490 0 
2147483647
32770 2169520192 
473925572 3787485280 
2147483647
32770 2169520192 
2 471797276 
2147483647
65538 2169520192 
3821140026 0 
2147483647
65538 2169520192 
473892804 3787485280 
2147483647
65538 2169520192 
2 471797276 
2147483647
131074 2169520192 
3821271098 0 
2147483647
131074 2169520192 
473827268 3787485280 
2147483647
131074 2169520192 
2 471797276 
2147483647
4 22037124 
4294967294 471797276 
2147483647
4370 2152726532 
2 471797276 
10
32770 2169520192 
1 2197864899 
10
65538 2169520192 
1 2197864899 
10
131074 2169520192 
1 2197864899 
10
131330 2168455360 
2 478088732 
8
4354 2152727044 
2 471797276 
8
4354 2152726540 
2 471797276 
8
4400 2152726532 
34 471797276 
8
4400 2286944256 
0 471797276 
8
16781600 2286944256 
0 471797276 
8
16781600 2152792064 
34 471797276 
8
16781600 2152727040 
34 471797276 
8
16781600 2152727552 
34 471797276 
8
16781600 2152726536 
34 471797276 
8
8392992 2152726532 
34 471797276 
8
128 1229980164 
1 3284201955 
8
25297154 2152726528 
473827264 0 
6
25231618 2152726528 
473892800 0 
6
25198850 2152726528 
473925568 0 
6
25182466 2152726528 
473941952 0 
6
25174274 2152726528 
4290766784 0 
6
16789762 2152726528 
4294967290 0 
6
16785682 2152726528 
4294967256 0 
6
8401152 2152726532 
12597306 471797276 
6
25174272 2152726532 
4290766784 0 
6
16789760 2153775108 
4294967290 473894428 
6
16789760 2153775108 
261 3821072867 
6
8397072 2152726532 
12597272 0 
6
8397072 2152726532 
8242 471797276 
6
16785696 2152726532 
4294967288 0 
6
12560 2152726532 
8242 471797276 
6
8464 2286944260 
8242 134217728 
6
0 2169585732 
1 2197864899 
6
16777232 2161180676 
1 2210460131 
6
12576 2152726532 
4294967288 0 
6
8496 2152726532 
4294967256 0 
6
8466 2152726532 
4294967256 0 
6
8397088 2152726532 
4290766784 0 
6
8397088 2152726532 
12597304 0 
6
8401152 2152726544 
12597306 471797276 
6
16785680 2152726544 
4294967256 0 
6
16785680 2219835392 
4294967256 0 
6
0 2169520712 
1 2197864899 
6
33554720 2152792072 
34 471797276 
6
33554448 2161181184 
1 2210460131 
6
0 2169586240 
1 2197864899 
6
0 2169585736 
1 2197864899 
6
33558528 2161181184 
1 2210460131 
6
16781328 2161180672 
1 2210460131 
6
128 2161181312 
1 2210460131 
6
16781328 2161115648 
1 2210460131 
6
16789760 2152727552 
4294967290 471797276 
6
16789760 2152726536 
4294967290 471797276 
6
16785680 2152727552 
4294967256 0 
6
16785696 2152727552 
4294967288 0 
6
512 2161181248 
1 2210460131 
6
8464 2152858112 
4294967256 0 
6
8464 2152858112 
8242 471797276 
6
8464 2152858112 
261 3821072867 
6
33562896 2152726532 
8242 471797276 
6
8464 2152727044 
8242 471797276 
6
25170178 2152726528 
4294967290 0 
4
33566978 2152726528 
3821025338 0 
4
8401152 2152726532 
4290766784 0 
4
8397072 2152726532 
4290766784 0 
4
16781584 2152726532 
4294967290 471797276 
4
12560 2152726532 
4294967256 0 
4
4368 2152727044 
4294967290 471797276 
4
4352 2152792580 
4294967290 471797276 
4
4368 2152726540 
4294967290 471797276 
4
4368 2152726548 
4294967290 471797276 
4
4354 2152727044 
4294967290 0 
4
4352 2286944772 
4294967290 134217728 
4
4354 2152726540 
4294967290 0 
4
16777232 2161180676 
4294967294 4242476572 
4
128 2169503940 
4294967295 4292870143 
4
512 2169503940 
4294967295 4292870143 
4
8401152 2152726544 
4290766784 0 
4
33554720 2152792072 
4294967288 0 
4
33554688 2169569792 
4294967290 471797276 
4
33554448 2161181184 
4294967294 4242476572 
4
33562752 2152792576 
507504581 3821072867 
4
33558528 2161181184 
4294967294 4242476572 
4
16781328 2161180672 
4294967294 4242476572 
4
128 2161181312 
4294967294 4242476572 
4
8336 2152792576 
8242 471797276 
4
16781328 2161115648 
4294967294 4242476572 
4
8396928 2152792576 
12597306 471797276 
4
8208 5309120 
8242 471797276 
4
512 2169635008 
4294967295 4292870143 
4
128 2169569472 
4294967295 4292870143 
4
512 2169569472 
4294967295 4292870143 
4
128 2169504448 
4294967295 4292870143 
4
512 2169504448 
4294967295 4292870143 
4
128 2169503944 
4294967295 4292870143 
4
512 2169503944 
4294967295 4292870143 
4
16777360 2161116224 
4294967294 4242476572 
2147483647
128 2161180868 
4294967294 4242476572 
2147483647
33554464 2161180744 
4294967292 3770679296 
2147483647
33554464 2161180744 
34 471797276 
2147483647
8336 2161180736 
4294967260 3770679296 
2147483647
8336 2161180736 
8242 471797276 
2147483647
128 2161181376 
4294967294 4242476572 
2147483647
8336 2161115712 
4294967260 3770679296 
2147483647
8336 2161115712 
8242 471797276 
2147483647
8192 1095778884 
4294967294 1545539100 
2147483647
8192 1095778884 
1 3271606723 
2147483647
32898 2169520192 
1 2197864899 
18
66050 2169520192 
1 2197864899 
14
131330 2169503936 
2 471797276 
12
131586 2169520192 
1 2197864899 
12
48 2161115332 
1 2210460131 
10
48 2161180864 
1 2210460131 
10
48 2161115840 
1 2210460131 
10
131330 2169503936 
3821271098 0 
8
16789632 2161115144 
1 2210460131 
8
4226 2169503936 
2 471797276 
8
131330 2169503936 
473827264 0 
6
256 2303721668 
4294967290 134217728 
6
33554688 2169503940 
4294967290 471797276 
6
33554688 2169503940 
261 3821072867 
6
8448 2169503940 
4294967290 471797276 
6
8448 2169503940 
261 3821072867 
6
16789632 2161115144 
4294967294 4242476572 
6
8448 2169569472 
4294967290 471797276 
6
8448 2169504448 
4294967290 471797276 
6
8448 2169504960 
4294967290 471797276 
6
8448 2169503944 
4294967290 471797276 
6
272 2169504960 
4294967290 471797276 
6
33562896 2169503748 
261 3821072867 
6
16781584 2169503748 
261 3821072867 
4
128 2169504452 
4294967295 4292870143 
4
512 2169504452 
4294967295 4292870143 
4
4352 2169569796 
261 3821072867 
4
128 2169503948 
4294967295 4292870143 
4
512 2169503948 
4294967295 4292870143 
4
8448 2169505284 
261 3821072867 
4
272 2169505284 
261 3821072867 
4
4352 2169505284 
261 3821072867 
4
8448 2169569292 
261 3821072867 
4
8448 2169504780 
261 3821072867 
4
4352 2169504780 
261 3821072867 
4
16781584 2303721472 
261 3821072867 
4
16 2303722176 
4294967295 3955290595 
4
8448 2169569472 
261 3821072867 
4
8448 2169504448 
261 3821072867 
4
8448 2169504960 
261 3821072867 
4
8448 2169503944 
261 3821072867 
4
272 2169504960 
261 3821072867 
4
16781584 2169504256 
261 3821072867 
4
4226 2169503936 
4294967295 3821072867 
4
33566976 2169503748 
261 3821072867 
4
12420 22020612 
4294967294 471797276 
4
16777360 2161180740 
4294967294 4242476572 
2147483647
33558656 2161115720 
4294967294 4242476568 
2147483647
33558656 2161181248 
4294967294 4242476572 
2147483647
16908546 2169503936 
2 471797276 
14
530 2161115332 
1 2210460131 
12
16777474 2169503940 
2 471797276 
12
274 2169503944 
2 471797276 
12
16777504 2169503940 
34 471797276 
10
146 2169569472 
2 471797276 
10
146 2169504448 
2 471797276 
10
304 2169503944 
34 471797276 
10
16781442 2169503936 
2 471797276 
10
304 2169503940 
34 471797276 
10
150 8409736 
0 8417504 
10
16908546 2169503936 
473827264 0 
8
33562880 2169503940 
507504576 0 
8
33562880 2169503940 
261 3821072867 
8
33562880 2169503952 
507504576 0 
8
33562880 2169503952 
261 3821072867 
8
33554720 2169503944 
34 471797276 
8
176 2169569472 
34 471797276 
8
176 2169504448 
34 471797276 
8
128 1229980356 
4294967294 1207959552 
8
180 8409736 
0 8417504 
8
33562880 2169503940 
3821025338 471797276 
6
16777472 2169504452 
4294967290 471797276 
6
16777472 2169504452 
261 3821072867 
6
4352 2169504456 
4294967290 471797272 
6
16777472 2169503948 
4294967290 471797276 
6
16777472 2169503948 
261 3821072867 
6
16777472 2169503956 
4294967290 471797276 
6
16777472 2169503956 
261 3821072867 
6
272 2169569480 
4294967290 471797276 
6
16777504 2169503940 
4294967288 0 
6
16777474 2169503940 
4294967290 0 
6
8352 2169503940 
4294967293 3821072867 
6
8736 2169503940 
4294967293 3821072867 
6
33562880 2169503952 
3821025338 471797276 
6
33554688 2169569984 
4294967290 471797276 
6
33554720 2169503944 
4294967288 0 
6
33554720 2169503944 
261 3821072867 
6
8448 2169504456 
4294967290 471797272 
6
8208 2303722176 
4294967261 3821072867 
6
8208 2303722176 
8242 134217728 
6
8448 2169505472 
4294967290 471797276 
6
272 2169569476 
4294967290 471797276 
6
272 2169569476 
261 3821072867 
6
272 2169569984 
4294967290 471797276 
6
272 2169504964 
4294967290 471797276 
6
272 2169504964 
261 3821072867 
6
272 2303722176 
4294967290 134217728 
6
304 2169503944 
4294967288 0 
6
274 2169503944 
4294967290 0 
6
272 2303721672 
4294967290 134217728 
6
272 2303721672 
261 3821072867 
6
8338 2169503936 
4294967261 3821072867 
6
16777472 2169505472 
4294967290 471797276 
6
16777472 2169504964 
4294967290 471797276 
6
16777472 2169504964 
261 3821072867 
6
304 2169503940 
4294967288 0 
6
272 2169504452 
4294967290 471797276 
6
272 2169504452 
261 3821072867 
6
8448 2170553028 
4294967290 473894428 
6
8448 2170553028 
261 3821072867 
6
8340 8409736 
0 8417504 
6
4352 2169504456 
261 3821072867 
4
272 2169569480 
261 3821072867 
4
16777360 2169504960 
4294967295 4292870143 
4
4240 2169504960 
4294967295 4292870143 
4
33554688 2169569984 
261 3821072867 
4
176 2169569472 
4294967293 3821072867 
4
146 2169569472 
4294967295 3821072867 
4
8448 2169504456 
261 3821072867 
4
176 2169504448 
4294967293 3821072867 
4
146 2169504448 
4294967295 3821072867 
4
33566848 2169569344 
507504581 3821072867 
4
8194 2169505472 
4294967295 3821072867 
4
530 2169569472 
4294967295 3821072867 
4
12288 2303787200 
4294967295 3955290595 
4
12290 2169503944 
4294967295 3821072867 
4
8448 2169505472 
261 3821072867 
4
16777728 2169505472 
4294967295 4292870143 
4
272 2169569984 
261 3821072867 
4
16777472 2169505472 
261 3821072867 
4
33554576 2161181376 
4294967294 4242476572 
2147483647
33554576 2161180872 
4294967294 4242476572 
2147483647
16777490 2169503944 
2 471797276 
2147483647
16777520 2169503940 
34 471797276 
2147483647
4370 2169503940 
2 471797276 
12
4354 2169504452 
2 471797276 
10
4354 2169503948 
2 471797276 
10
4242 2169503940 
2 471797276 
10
146 2169569476 
2 471797276 
10
16777346 2169569476 
2 471797276 
10
33554578 2169504960 
2 471797276 
10
33554720 2169569480 
34 471797276 
10
146 2169569984 
2 471797276 
10
16777346 2169569984 
2 471797276 
10
4626 2169504960 
2 471797276 
10
4384 2169504452 
4294967288 0 
8
4384 2169504452 
34 471797276 
8
4354 2169504452 
4294967290 0 
8
4352 2303722180 
4294967290 134217728 
8
4384 2169503948 
4294967288 0 
8
4384 2169503948 
34 471797276 
8
4354 2169503948 
4294967290 0 
8
4352 2303721676 
4294967290 134217728 
8
4272 2169503940 
34 471797276 
8
176 2169569476 
34 471797276 
8
16777376 2169569476 
34 471797276 
8
4226 2169569476 
2 471797276 
8
16785680 2236612800 
4294967256 0 
8
33554608 2169569472 
34 471797276 
8
33554592 2169570496 
34 471797276 
8
33554592 2169569984 
34 471797276 
8
33554720 2169569480 
4294967288 0 
8
176 2169569984 
34 471797276 
8
176 2169504456 
34 471797272 
8
16777376 2169504456 
34 471797272 
8
16777376 2169569984 
34 471797276 
8
4226 2169569984 
2 471797276 
8
4656 2169504960 
34 471797276 
8
25231874 2169503936 
3821140026 0 
8
8401152 2169503940 
12597306 471797276 
8
8397072 2169503940 
12597272 0 
8
8397072 2169503940 
8242 471797276 
8
33562896 2169503940 
8242 471797276 
8
16785664 2169504452 
4294967290 471797276 
8
16785664 2169504452 
261 3821072867 
8
8464 2169504452 
4294967256 0 
8
8464 2169504452 
8242 471797276 
8
4368 2169504452 
4294967290 471797276 
6
4368 2169504452 
261 3821072867 
6
4352 2169569988 
4294967290 471797276 
6
4368 2169503948 
4294967290 471797276 
6
4368 2169503948 
261 3821072867 
6
4368 2169503956 
4294967290 471797276 
6
4368 2169503956 
261 3821072867 
6
4384 2169504452 
261 3821072867 
6
272 2169505476 
4294967290 471797276 
6
4352 2169505476 
4294967290 471797276 
6
8448 2169569484 
4294967290 471797276 
6
8448 2169504972 
4294967290 471797276 
6
272 2169504972 
4294967290 471797276 
6
4352 2169569484 
4294967290 471797276 
6
8720 2303721668 
4294967261 3821072867 
6
8720 2303721668 
8242 134217728 
6
12432 2169503940 
8242 471797276 
6
8322 2169569476 
4294967295 3821072867 
6
8320 2303722692 
4294967295 3955290595 
6
176 2169569476 
4294967293 3821072867 
6
146 2169569476 
4294967295 3821072867 
6
144 2303722692 
4294967295 3955290595 
6
16777376 2169569476 
4294967293 3821072867 
6
4256 2169569476 
4294967293 3821072867 
6
4256 2169569476 
34 471797276 
6
16777346 2169569476 
4294967295 3821072867 
6
4226 2169569476 
4294967295 3821072867 
6
4400 2169503940 
4294967288 0 
6
4370 2169503940 
4294967290 0 
6
8401152 2169503952 
4290766784 0 
6
33558688 2169569472 
34 471797276 
6
33562768 2169569472 
507504581 3821072867 
6
33558688 2169504448 
34 471797276 
6
33562768 2169504448 
507504581 3821072867 
6
33562768 2169504448 
8242 471797276 
6
33562768 2169504960 
507504581 3821072867 
6
33562768 2169504960 
8242 471797276 
6
33562752 2169505472 
3821025338 471797276 
6
33562752 2169505472 
507504581 3821072867 
6
33562752 2169504456 
3821025338 471797272 
6
33562752 2169504456 
507504581 3821072867 
6
33554592 2169570496 
4294967293 3821072867 
6
33554592 2169569984 
4294967293 3821072867 
6
33554720 2169569480 
261 3821072867 
6
33562752 2303722688 
3821025338 134217728 
6
33562752 2303722688 
507504581 3821072867 
6
33554704 2169569984 
261 3821072867 
6
33562752 2169570496 
3821025338 471797276 
6
33562752 2169570496 
507504581 3821072867 
6
33562752 2169569984 
3821025338 471797276 
6
33562752 2169569984 
507504581 3821072867 
6
33562752 2303721672 
3821025338 134217728 
6
33562752 2303721672 
507504581 3821072867 
6
176 2169569984 
4294967293 3821072867 
6
8322 2169569984 
4294967295 3821072867 
6
146 2169569984 
4294967295 3821072867 
6
8336 2169569984 
4294967261 3821072867 
6
8336 2169569984 
8242 471797276 
6
8336 2169569480 
4294967261 3821072867 
6
8336 2169569480 
8242 471797276 
6
8336 2169504456 
8242 471797272 
6
176 2169504456 
4294967293 3821072867 
6
8336 2303722176 
4294967261 3821072867 
6
8336 2303722176 
8242 134217728 
6
8396928 2169505472 
12597306 471797276 
6
8396928 2169504456 
12597306 471797272 
6
8396930 2169504960 
12597306 0 
6
8396928 2169570496 
12597306 471797276 
6
8396928 2169569984 
12597306 471797276 
6
8401024 2169504448 
12597306 471797276 
6
16785552 2169504448 
4294967261 3821072867 
6
16785552 2169503944 
4294967261 3821072867 
6
16777376 2169504456 
4294967293 3821072867 
6
4256 2169504456 
4294967293 3821072867 
6
4256 2169504456 
34 471797272 
6
16777376 2169569984 
4294967293 3821072867 
6
4256 2169569984 
4294967293 3821072867 
6
4256 2169569984 
34 471797276 
6
16777346 2169569984 
4294967295 3821072867 
6
4226 2169569984 
4294967295 3821072867 
6
8401024 2169569472 
12597306 471797276 
6
16785552 2169569472 
4294967261 3821072867 
6
16777488 2169569984 
261 3821072867 
6
16790016 2169504960 
4294967295 4292870143 
6
16781584 2169503944 
4294967290 471797276 
6
16781586 2169503936 
4294967290 0 
6
16785938 2169503936 
4294967261 3821072867 
6
25198722 2169503936 
473925573 3821072867 
6
25231490 2169503936 
473892805 3821072867 
6
25297026 2169503936 
473827205 3821072867 
6
25297410 2169503936 
3821271098 0 
6
25297410 2169503936 
473827269 3821072867 
6
25231874 2169503936 
473892805 3821072867 
6
25199106 2169503936 
473925573 3821072867 
6
25182722 2169503936 
473941957 3821072867 
6
25170178 2169503936 
4294967290 0 
6
33566978 2169503936 
3821025338 0 
6
16790018 2169503936 
4294967295 3821072867 
6
16781584 2169503940 
4294967290 471797276 
6
8392960 2169504452 
4294967290 471797276 
6
8392960 2169504452 
261 3821072867 
6
8336 2169504452 
4294967261 3821072867 
6
8336 2169504452 
8242 471797276 
6
176 2169504452 
4294967293 3821072867 
6
8322 2169504452 
4294967295 3821072867 
6
146 2169504452 
4294967295 3821072867 
6
8320 2303722180 
4294967295 3955290595 
6
144 2303722180 
4294967295 3955290595 
6
272 2169504972 
261 3821072867 
4
16777744 2303721668 
4294967295 3955290595 
4
4624 2303721668 
4294967295 3955290595 
4
12432 2169503940 
4294967261 3821072867 
4
16777392 2169503940 
4294967293 3821072867 
4
4272 2169503940 
4294967293 3821072867 
4
16777362 2169503940 
4294967295 3821072867 
4
4242 2169503940 
4294967295 3821072867 
4
16777360 2169569476 
4294967295 4292870143 
4
4240 2169569476 
4294967295 4292870143 
4
33558688 2169569472 
4294967293 3821072867 
4
33554608 2169569472 
4294967293 3821072867 
4
33558688 2169504448 
4294967293 3821072867 
4
33562768 2169504448 
3821025304 0 
4
33562768 2169504960 
3821025304 0 
4
33554576 2169505472 
4294967295 4292870143 
4
33554576 2169504456 
4294967295 4292870139 
4
33554578 2169504960 
4294967295 3821072867 
4
33562752 2303722688 
0 471797276 
4
33554576 2169570496 
4294967295 4292870143 
4
12418 2169569472 
4294967295 3821072867 
4
12418 2169504448 
4294967295 3821072867 
4
12416 2303722176 
4294967295 3955290595 
4
16777360 2303722176 
4294967295 3955290595 
4
16781440 2169505472 
4294967295 4292870143 
4
16781440 2169504456 
4294967295 4292870139 
4
8396928 2169504456 
4290766789 3821072867 
4
8396928 2169570496 
4290766789 3821072867 
4
16781440 2169569984 
4294967295 4292870143 
4
8396928 2169569984 
4290766789 3821072867 
4
8401024 2169504448 
4290766789 3821072867 
4
33566848 2169504448 
3821025338 471797276 
4
33566848 2169504448 
507504581 3821072867 
4
8401024 2169503944 
4290766789 3821072867 
4
16777360 2169504456 
4294967295 4292870139 
4
4240 2169504456 
4294967295 4292870139 
4
16777360 2169569984 
4294967295 4292870143 
4
4240 2169569984 
4294967295 4292870143 
4
8401024 2169569472 
4290766789 3821072867 
4
4656 2169504960 
4294967293 3821072867 
4
4626 2169504960 
4294967295 3821072867 
4
33566850 2169503936 
3821025338 0 
4
