4
0 1 2 3 
1063
0 0 0 1024 0 
0 0 0 1028 1073741824 
2147483647
0 2147483648 0 0 0 
4294963711 2281644007 4269798398 2122317823 3221225472 
6
0 1073741824 0 0 0 
4294963711 3355385831 4269798398 2122317823 3221225472 
4
1 0 0 0 0 
4294963711 134160359 4269798398 2122317823 3221225472 
2
0 536870912 0 0 0 
4294963711 3892256743 4269798398 2122317823 3221225472 
2
16793600 0 0 0 0 
4286578687 4294967295 4294967295 4294967295 3221225472 
2147483647
3 0 0 0 0 
4294951423 134160359 4269798398 2122317823 3221225472 
2147483647
3 0 0 0 0 
3585 4160806936 25168897 2172649472 0 
2147483647
2 2147483648 0 0 0 
3584 4160806936 25168897 2172649472 0 
2147483647
2 1073741824 0 0 0 
3584 2013323288 25168897 2172649472 0 
2147483647
2 536870912 0 0 0 
3584 939581464 25168897 2172649472 0 
2147483647
1 2147483648 0 0 0 
3584 4160806936 25168897 2172649472 0 
2147483647
1 1073741824 0 0 0 
3584 2013323288 25168897 2172649472 0 
2147483647
1 536870912 0 0 0 
3584 939581464 25168897 2172649472 0 
2147483647
0 2684354560 0 0 0 
4294963711 2281644007 4269798398 2122317823 3221225472 
2147483647
0 2684354560 0 0 0 
3584 939581464 25168897 2172649472 0 
2147483647
0 2415919104 0 0 0 
4294963711 2281644007 4269798398 2122317823 3221225472 
2147483647
0 1610612736 0 0 0 
4294963711 3355385831 4269798398 2122317823 3221225472 
2147483647
0 1610612736 0 0 0 
3584 939581464 25168897 2172649472 0 
2147483647
0 1342177280 0 0 0 
4294963711 3355385831 4269798398 2122317823 3221225472 
2147483647
0 805306368 0 0 0 
4294963711 3892256743 4269798398 2122317823 3221225472 
2147483647
0 20971520 0 0 0 
4294967295 4286578687 4294967295 4294967295 3221225472 
2147483647
0 16400 0 0 0 
4294967295 4294967295 4294967295 4294967295 3221225472 
2147483647
0 64 67108864 0 0 
4294967295 4294967263 4261412863 4294967295 3221225472 
2147483647
0 0 4194560 0 0 
4294967295 4294967295 4294966783 4294967295 3221225472 
2147483647
0 0 32768 134217728 0 
0 0 32776 402653184 0 
2147483647
0 0 32768 67108864 0 
0 0 32776 469762048 0 
2147483647
0 0 8 134217728 0 
4294967295 4294967295 4294967295 4026531839 3221225472 
2147483647
0 0 8 67108864 0 
0 0 8 469762048 0 
2147483647
0 0 0 2113536 0 
4294967295 4294967295 4294967295 4290740223 3221225472 
2147483647
0 0 0 3072 0 
4294967295 4294967295 4294967295 4294967291 2147483648 
2147483647
0 0 0 1536 0 
4294967295 4294967295 4294967295 4294967291 2147483648 
2147483647
0 0 0 1280 0 
4294967295 4294967295 4294967295 4294966779 2147483648 
2147483647
0 0 0 1152 0 
4294967295 4294967295 4294967295 4294966456 0 
2147483647
0 0 0 640 0 
4294967295 4294967295 4294967295 4294966972 1073741824 
2147483647
0 0 0 384 0 
4294967295 4294967295 4294967295 4294967228 1073741824 
2147483647
2 65536 0 0 0 
4294951422 134160359 4269798398 2122317823 3221225472 
10
1 65536 0 0 0 
4294963711 134160359 4269798398 2122317823 3221225472 
8
1 1024 0 0 0 
4294963711 134160359 4269798398 2122317823 3221225472 
6
1 128 0 0 0 
4294963711 134160359 4269798398 2122317823 3221225472 
6
1 64 0 0 0 
4294963711 134160359 4269798398 2122317823 3221225472 
6
1 4 0 0 0 
4294963711 134160359 4269798398 2122317823 3221225472 
6
1 2 0 0 0 
4294963711 134160359 4269798398 2122317823 3221225472 
6
1 1 0 0 0 
4294963711 134160359 4269798398 2122317823 3221225472 
6
1 0 134217728 0 0 
4294963711 134160359 4269798398 2122317823 3221225472 
6
1 0 67108864 0 0 
4294963711 134160359 4269798398 2122317823 3221225472 
6
1 0 4194304 0 0 
4294963711 134160359 4269798398 2122317823 3221225472 
6
1 0 2097152 0 0 
4294963711 134160359 4269798398 2122317823 3221225472 
6
1 0 1048576 0 0 
4294963711 134160359 4269798398 2122317823 3221225472 
6
1 0 524288 0 0 
4294963711 134160359 4269798398 2122317823 3221225472 
6
1 0 262144 0 0 
4294963711 134160359 4269798398 2122317823 3221225472 
6
1 0 131072 0 0 
4294963711 134160359 4269798398 2122317823 3221225472 
6
1 0 65536 0 0 
4294963711 134160359 4269798398 2122317823 3221225472 
6
1 0 32768 0 0 
4294963711 134160359 4269798398 2122317823 3221225472 
6
1 0 16384 0 0 
4294963711 134160359 4269798398 2122317823 3221225472 
6
1 0 8192 0 0 
4294963711 134160359 4269798398 2122317823 3221225472 
6
1 0 4096 0 0 
4294963711 134160359 4269798398 2122317823 3221225472 
6
1 0 256 0 0 
4294963711 134160359 4269798398 2122317823 3221225472 
6
1 0 128 0 0 
4294963711 134160359 4269798398 2122317823 3221225472 
6
1 0 64 0 0 
4294963711 134160359 4269798398 2122317823 3221225472 
6
1 0 32 0 0 
4294963711 134160359 4269798398 2122317823 3221225472 
6
1 0 16 0 0 
4294963711 134160359 4269798398 2122317823 3221225472 
6
1 0 8 0 0 
4294963711 134160359 4269798398 2122317823 3221225472 
6
1 0 4 0 0 
4294963711 134160359 4269798398 2122317823 3221225472 
6
1 0 2 0 0 
4294963711 134160359 4269798398 2122317823 3221225472 
6
1 0 0 1073741824 0 
4294963711 134160359 4269798398 2122317823 3221225472 
6
1 0 0 536870912 0 
4294963711 134160359 4269798398 2122317823 3221225472 
6
1 0 0 134217728 0 
4294963711 134160359 4269798398 2122317823 3221225472 
6
1 0 0 67108864 0 
4294963711 134160359 4269798398 2122317823 3221225472 
6
1 0 0 2097152 0 
4294963711 134160359 4269798398 2122317823 3221225472 
6
1 0 0 1048576 0 
4294963711 134160359 4269798398 2122317823 3221225472 
6
1 0 0 524288 0 
4294963711 134160359 4269798398 2122317823 3221225472 
6
1 0 0 262144 0 
4294963711 134160359 4269798398 2122317823 3221225472 
6
1 0 0 65536 0 
4294963711 134160359 4269798398 2122317823 3221225472 
6
1 0 0 16384 0 
4294963711 134160359 4269798398 2122317823 3221225472 
6
1 0 0 8192 0 
4294963711 134160359 4269798398 2122317823 3221225472 
6
1 0 0 4096 0 
4294963711 134160359 4269798398 2122317823 3221225472 
6
1 0 0 2048 0 
4294963711 134160359 4269798398 2122317823 3221225472 
6
1 0 0 1024 0 
4294963711 134160359 4269798398 2122317819 2147483648 
6
1 0 0 512 0 
4294963711 134160359 4269798398 2122317823 3221225472 
6
1 0 0 256 0 
4294963711 134160359 4269798398 2122317823 3221225472 
6
1 0 0 128 0 
4294963711 134160359 4269798398 2122317823 3221225472 
6
0 0 0 66560 0 
4294967295 4294967295 4294967295 4294966328 0 
6
1 512 0 0 0 
4294963711 134160359 4269798398 2122317823 3221225472 
4
0 0 0 66048 0 
4294967295 4294967295 4294967295 4294966844 1073741824 
4
6 0 0 0 0 
4294967295 4294967295 4294967295 4294967295 3221225472 
2
5 0 0 0 0 
3585 4160806936 25168897 2172649472 0 
2
4 2147483648 0 0 0 
3584 4160806936 25168897 2172649472 0 
2
4 1073741824 0 0 0 
3584 2013323288 25168897 2172649472 0 
2
4 536870912 0 0 0 
3584 939581464 25168897 2172649472 0 
2
0 805306368 0 0 0 
3584 939581464 25168897 2172649472 0 
2
0 65664 0 0 0 
4294967295 4294967295 4294967295 4294967295 3221225472 
2
0 128 134217728 0 0 
4294967295 4294967295 4294967295 4294967295 3221225472 
2
0 128 67108864 0 0 
0 224 100663296 0 0 
2
0 0 786432 0 0 
4294967295 4294967295 4294967295 4294967295 3221225472 
2
0 0 393216 0 0 
4294967295 4294967295 4294967295 4294967295 3221225472 
2
0 0 196608 0 0 
4294967295 4294967295 4294967295 4294967295 3221225472 
2
0 0 163840 0 0 
4294967295 4294967295 2415853567 4294967295 3221225472 
2
0 0 98304 0 0 
4294967295 4294967295 4294967295 4294967295 3221225472 
2
0 0 49152 0 0 
4294967295 4294967295 4294967295 4294967295 3221225472 
2
0 0 128 1073741824 0 
4294967295 4294967295 4294967295 4294967295 3221225472 
2
0 0 128 2097152 0 
4294967295 4294967295 4294967295 3221225471 3221225472 
2
0 0 4 67108864 0 
4294967295 4294967295 4294967295 4294967295 3221225472 
2
0 0 0 1075838976 0 
4294967295 4294967295 4294967295 4294967295 3221225472 
2
0 0 0 67174400 0 
4294967295 4294967295 4294967295 4294967295 3221225472 
2
0 0 0 67109888 0 
4294967295 4294967295 4294967295 4294900792 0 
2
0 0 0 67109376 0 
4294967295 4294967295 4294967295 4294901308 1073741824 
2
0 0 0 67109120 0 
4294967295 4294967295 4294967295 4294901564 1073741824 
2
0 0 0 2113536 0 
0 0 0 6340608 0 
2
0 0 0 65792 0 
4294967295 4294967295 4294967295 4294967100 1073741824 
2
2151677953 0 0 0 0 
4294963711 134160359 4269798398 2122317823 3221225472 
2147483647
2147483905 0 0 0 0 
4294963711 134160359 4269798398 2122317823 3221225472 
2147483647
2147483649 67108864 0 0 0 
4294963711 134160359 4269798398 2122317823 3221225472 
2147483647
2147483649 4096 0 0 0 
4294963711 134160359 4269798398 2122317823 3221225472 
2147483647
1073741825 4096 0 0 0 
4294963711 134160359 4269798398 2122317823 3221225472 
2147483647
805306369 0 0 0 0 
4294963711 134160359 4269798398 2122317823 3221225472 
2147483647
536870913 4096 0 0 0 
4294963711 134160359 4269798398 2122317823 3221225472 
2147483647
268435457 4096 0 0 0 
4294963711 134160359 4269798398 2122317823 3221225472 
2147483647
218103808 0 0 0 0 
4294967295 4294967295 4294967295 4294967295 3221225472 
2147483647
134217729 4096 0 0 0 
4294963711 134160359 4269798398 2122317823 3221225472 
2147483647
67108865 4096 0 0 0 
4294963711 134160359 4269798398 2122317823 3221225472 
2147483647
33603584 0 0 0 0 
4269801471 4294967295 4294967295 4294967295 3221225472 
2147483647
33554433 4096 0 0 0 
4294963711 134160359 4269798398 2122317823 3221225472 
2147483647
16777217 4096 0 0 0 
4294963711 134160359 4269798398 2122317823 3221225472 
2147483647
4194561 0 0 0 0 
4294963711 134160359 4269798398 2122317823 3221225472 
2147483647
4194305 4096 0 0 0 
4294963711 134160359 4269798398 2122317823 3221225472 
2147483647
1572865 0 0 0 0 
4294963711 134160359 4269798398 2122317823 3221225472 
2147483647
257 4096 0 0 0 
4294963711 134160359 4269798398 2122317823 3221225472 
2147483647
64 5242880 0 0 0 
4294967295 4292870143 4294967295 4294967295 3221225472 
2147483647
48 2097152 0 0 0 
4294967295 4293394431 4294967295 4294967295 3221225472 
2147483647
48 1048576 0 0 0 
4294967295 4294443007 4294967295 4294967295 3221225472 
2147483647
24 1048576 0 0 0 
4294967295 4294443007 4294967295 4294967295 3221225472 
2147483647
10 131072 0 0 0 
4294967291 4294705151 4294967295 4294967295 3221225472 
2147483647
9 131072 0 0 0 
4294951417 133898215 4269798398 2122317823 3221225472 
2147483647
9 131072 0 0 0 
3585 4160806936 25168897 2172649472 0 
2147483647
8 2147614720 0 0 0 
3584 4160806936 25168897 2172649472 0 
2147483647
8 1073872896 0 0 0 
3584 2013323288 25168897 2172649472 0 
2147483647
8 537001984 0 0 0 
3584 939581464 25168897 2172649472 0 
2147483647
6 131072 0 0 0 
4294967295 4294705151 4294967295 4294967295 3221225472 
2147483647
6 65536 0 0 0 
4294951422 134160359 4269798398 2122317823 3221225472 
2147483647
6 128 0 0 0 
4294951420 133701351 4269798398 2122317823 3221225472 
2147483647
5 131072 0 0 0 
4294951421 133898215 4269798398 2122317823 3221225472 
2147483647
5 131072 0 0 0 
3585 4160806936 25168897 2172649472 0 
2147483647
4 2147614720 0 0 0 
3584 4160806936 25168897 2172649472 0 
2147483647
4 1073872896 0 0 0 
3584 2013323288 25168897 2172649472 0 
2147483647
4 537001984 0 0 0 
3584 939581464 25168897 2172649472 0 
2147483647
2 2147549184 0 0 0 
4294951422 134160359 4269798398 2122317823 3221225472 
2147483647
2 1073807360 0 0 0 
4294951422 134160359 4269798398 2122317823 3221225472 
2147483647
2 536936448 0 0 0 
4294951422 134160359 4269798398 2122317823 3221225472 
2147483647
2 268500992 0 0 0 
4294951422 134160359 4269798398 2122317823 3221225472 
2147483647
1 1073807360 0 0 0 
4294963711 134160359 4269798398 2122317823 3221225472 
2147483647
1 536936448 0 0 0 
4294963711 134160359 4269798398 2122317823 3221225472 
2147483647
1 268500992 0 0 0 
4294963711 134160359 4269798398 2122317823 3221225472 
2147483647
1 67112960 0 0 0 
4294963711 134160359 4269798398 2122317823 3221225472 
2147483647
0 805322752 0 0 0 
3584 939548696 25168897 2172649472 0 
2147483647
0 18874880 0 0 0 
4294967295 4282384383 4294967295 4294967295 3221225472 
2147483647
0 10486272 0 0 0 
4294967295 4290772991 4294967295 4294967295 3221225472 
2147483647
0 196736 0 0 0 
4294967295 4294967039 4294967295 4294967295 3221225472 
2147483647
0 65664 67108864 0 0 
4294967295 4294967199 4261412863 4294967295 3221225472 
2147483647
0 1026 4194304 0 0 
4294967295 4294967291 4294967295 4294967295 3221225472 
2147483647
0 192 134217728 0 0 
4294967295 4294967295 4294967295 4294967295 3221225472 
2147483647
0 192 67108864 0 0 
0 96 100663296 0 0 
2147483647
0 128 201326592 0 0 
4294967295 4294967199 4261412863 4294967295 3221225472 
2147483647
0 4 2097408 0 0 
4294967295 4294967295 4290772479 4294967295 3221225472 
2147483647
0 1 1572864 0 0 
4294967295 4294967295 2147483647 4294967295 3221225472 
2147483647
0 0 393232 0 0 
4294967295 4294967295 4294967295 4294967295 3221225472 
2147483647
0 0 229376 0 0 
4294967295 4294967295 2415853567 4294967295 3221225472 
2147483647
0 0 98304 134217728 0 
4294967295 4294967295 4294967287 4026531839 3221225472 
2147483647
0 0 49152 134217728 0 
4294967295 4294967295 4294967287 4026531839 3221225472 
2147483647
0 0 4100 67108864 0 
4294967295 4294967295 4294967293 4261412863 3221225472 
2147483647
0 0 16 786432 0 
4294967295 4294967295 4294967295 3758096383 3221225472 
2147483647
0 0 12 67108864 0 
4294967295 4294967295 4294967295 3892314111 3221225472 
2147483647
0 0 8 67174400 0 
4294967295 4294967295 4294967295 3892314111 3221225472 
2147483647
0 0 6 67108864 0 
4294967295 4294967295 4294967295 4261412863 3221225472 
2147483647
0 0 2 67174400 0 
4294967295 4294967295 4294967295 4261412863 3221225472 
2147483647
0 0 0 1074806784 0 
4294967295 4294967295 4294967295 4288643071 3221225472 
2147483647
0 0 0 2109440 0 
4294967295 4294967295 4294967295 4290723783 3221225472 
2147483647
0 0 0 264704 0 
4294967295 4294967295 4294967295 4294835195 2147483648 
2147483647
0 0 0 264448 0 
4294967295 4294967295 4294967295 4294834683 2147483648 
2147483647
0 0 0 264320 0 
4294967295 4294967295 4294967295 4294834360 0 
2147483647
0 0 0 28672 0 
4294967295 4294967295 4294967295 4294967239 3221225472 
2147483647
8 65664 0 0 0 
4294951416 133701351 4269798398 2122317823 3221225472 
16
2147483649 2147483648 0 0 0 
4294963711 134160359 4269798398 2122317823 3221225472 
14
1073741825 2147483648 0 0 0 
4294963711 134160359 4269798398 2122317823 3221225472 
14
536870913 2147483648 0 0 0 
4294963711 134160359 4269798398 2122317823 3221225472 
14
268435457 2147483648 0 0 0 
4294963711 134160359 4269798398 2122317823 3221225472 
14
134217729 2147483648 0 0 0 
4294963711 134160359 4269798398 2122317823 3221225472 
14
67108865 2147483648 0 0 0 
4294963711 134160359 4269798398 2122317823 3221225472 
14
33554433 2147483648 0 0 0 
4294963711 134160359 4269798398 2122317823 3221225472 
14
16777217 2147483648 0 0 0 
4294963711 134160359 4269798398 2122317823 3221225472 
14
4 65664 0 0 0 
4294951420 133701351 4269798398 2122317823 3221225472 
14
2147483649 1073741824 0 0 0 
4294963711 134160359 4269798398 2122317823 3221225472 
12
1073741825 1073741824 0 0 0 
4294963711 134160359 4269798398 2122317823 3221225472 
12
536870913 1073741824 0 0 0 
4294963711 134160359 4269798398 2122317823 3221225472 
12
268435457 1073741824 0 0 0 
4294963711 134160359 4269798398 2122317823 3221225472 
12
201326593 0 0 0 0 
4294963711 134160359 4269798398 2122317823 3221225472 
12
134217729 1073741824 0 0 0 
4294963711 134160359 4269798398 2122317823 3221225472 
12
67108865 1073741824 0 0 0 
4294963711 134160359 4269798398 2122317823 3221225472 
12
33554433 1073741824 0 0 0 
4294963711 134160359 4269798398 2122317823 3221225472 
12
16777217 1073741824 0 0 0 
4294963711 134160359 4269798398 2122317823 3221225472 
12
4 196608 0 0 0 
4294951420 133898215 4269798398 2122317823 3221225472 
12
4 131200 0 0 0 
4294951420 133701351 4269798398 2122317823 3221225472 
12
2 65664 0 0 0 
4294951422 134160359 4269798398 2122317823 3221225472 
12
1 0 0 66560 0 
4294963711 134160359 4269798398 2122316856 0 
12
2147483649 536870912 0 0 0 
4294963711 134160359 4269798398 2122317823 3221225472 
10
1073741825 536870912 0 0 0 
4294963711 134160359 4269798398 2122317823 3221225472 
10
536870913 536870912 0 0 0 
4294963711 134160359 4269798398 2122317823 3221225472 
10
268435457 536870912 0 0 0 
4294963711 134160359 4269798398 2122317823 3221225472 
10
134217729 536870912 0 0 0 
4294963711 134160359 4269798398 2122317823 3221225472 
10
67108865 536870912 0 0 0 
4294963711 134160359 4269798398 2122317823 3221225472 
10
33554433 536870912 0 0 0 
4294963711 134160359 4269798398 2122317823 3221225472 
10
16777217 536870912 0 0 0 
4294963711 134160359 4269798398 2122317823 3221225472 
10
10 128 0 0 0 
4294951416 133701351 4269798398 2122317823 3221225472 
10
8 196608 0 0 0 
4294951416 133898215 4269798398 2122317823 3221225472 
10
8 131200 0 0 0 
4294951416 133701351 4269798398 2122317823 3221225472 
10
3 65536 0 0 0 
12291 0 0 0 0 
10
2 131200 0 0 0 
4294951422 134094567 4269798398 2122317823 3221225472 
10
1 65664 0 0 0 
4294963711 134160359 4269798398 2122317823 3221225472 
10
1 0 0 66048 0 
4294963711 134160359 4269798398 2122317372 1073741824 
10
3221225473 0 0 0 0 
4294963711 134160359 4269798398 2122317823 3221225472 
8
2684354561 0 0 0 0 
4294963711 134160359 4269798398 2122317823 3221225472 
8
2415919105 0 0 0 0 
4294963711 134160359 4269798398 2122317823 3221225472 
8
2281701377 0 0 0 0 
4294963711 134160359 4269798398 2122317823 3221225472 
8
2214592513 0 0 0 0 
4294963711 134160359 4269798398 2122317823 3221225472 
8
2181038081 0 0 0 0 
4294963711 134160359 4269798398 2122317823 3221225472 
8
2164260865 0 0 0 0 
4294963711 134160359 4269798398 2122317823 3221225472 
8
2149580801 0 0 0 0 
4294963711 134160359 4269798398 2122317823 3221225472 
8
2148532225 0 0 0 0 
4294963711 134160359 4269798398 2122317823 3221225472 
8
2148007937 0 0 0 0 
4294963711 134160359 4269798398 2122317823 3221225472 
8
2147745793 0 0 0 0 
4294963711 134160359 4269798398 2122317823 3221225472 
8
2147614721 0 0 0 0 
4294963711 134160359 4269798398 2122317823 3221225472 
8
2147549185 0 0 0 0 
4294963711 134160359 4269798398 2122317823 3221225472 
8
2147516417 0 0 0 0 
4294963711 134160359 4269798398 2122317823 3221225472 
8
2147500033 0 0 0 0 
4294963711 134160359 4269798398 2122317823 3221225472 
8
2147483777 0 0 0 0 
4294963711 134160359 4269798398 2122317823 3221225472 
8
2147483713 0 0 0 0 
4294963711 134160359 4269798398 2122317823 3221225472 
8
2147483681 0 0 0 0 
4294963711 134160359 4269798398 2122317823 3221225472 
8
2147483665 0 0 0 0 
4294963711 134160359 4269798398 2122317823 3221225472 
8
2147483657 0 0 0 0 
4294963711 134160359 4269798398 2122317823 3221225472 
8
2147483653 0 0 0 0 
4294963711 134160359 4269798398 2122317823 3221225472 
8
2147483651 0 0 0 0 
12291 0 0 0 0 
8
2147483649 268435456 0 0 0 
4294963711 134160359 4269798398 2122317823 3221225472 
8
2147483649 33554432 0 0 0 
4294963711 134160359 4269798398 2122317823 3221225472 
8
2147483649 16777216 0 0 0 
4294963711 134160359 4269798398 2122317823 3221225472 
8
2147483649 8388608 0 0 0 
4294963711 134160359 4269798398 2122317823 3221225472 
8
2147483649 4194304 0 0 0 
4294963711 134160359 4269798398 2122317823 3221225472 
8
2147483649 2097152 0 0 0 
4294963711 134160359 4269798398 2122317823 3221225472 
8
2147483649 1048576 0 0 0 
4294963711 134160359 4269798398 2122317823 3221225472 
8
2147483649 131072 0 0 0 
4294963711 134160359 4269798398 2122317823 3221225472 
8
2147483649 16384 0 0 0 
4294963711 134160359 4269798398 2122317823 3221225472 
8
2147483649 2048 0 0 0 
4294963711 134160359 4269798398 2122317823 3221225472 
8
2147483649 1024 0 0 0 
4294963711 134160359 4269798398 2122317823 3221225472 
8
2147483649 512 0 0 0 
4294963711 134160359 4269798398 2122317823 3221225472 
8
2147483649 128 0 0 0 
4294963711 134160359 4269798398 2122317823 3221225472 
8
2147483649 64 0 0 0 
4294963711 134160359 4269798398 2122317823 3221225472 
8
2147483649 16 0 0 0 
4294963711 134160359 4269798398 2122317823 3221225472 
8
2147483649 4 0 0 0 
4294963711 134160359 4269798398 2122317823 3221225472 
8
2147483649 2 0 0 0 
4294963711 134160359 4269798398 2122317823 3221225472 
8
2147483649 1 0 0 0 
4294963711 134160359 4269798398 2122317823 3221225472 
8
2147483649 0 134217728 0 0 
4294963711 134160359 4269798398 2122317823 3221225472 
8
2147483649 0 67108864 0 0 
4294963711 134160359 4269798398 2122317823 3221225472 
8
2147483649 0 16777216 0 0 
4294963711 134160359 4269798398 2122317823 3221225472 
8
2147483649 0 4194304 0 0 
4294963711 134160359 4269798398 2122317823 3221225472 
8
2147483649 0 2097152 0 0 
4294963711 134160359 4269798398 2122317823 3221225472 
8
2147483649 0 1048576 0 0 
4294963711 134160359 4269798398 2122317823 3221225472 
8
2147483649 0 524288 0 0 
4294963711 134160359 4269798398 2122317823 3221225472 
8
2147483649 0 262144 0 0 
4294963711 134160359 4269798398 2122317823 3221225472 
8
2147483649 0 131072 0 0 
4294963711 134160359 4269798398 2122317823 3221225472 
8
2147483649 0 65536 0 0 
4294963711 134160359 4269798398 2122317823 3221225472 
8
2147483649 0 32768 0 0 
4294963711 134160359 4269798398 2122317823 3221225472 
8
2147483649 0 16384 0 0 
4294963711 134160359 4269798398 2122317823 3221225472 
8
2147483649 0 8192 0 0 
4294963711 134160359 4269798398 2122317823 3221225472 
8
2147483649 0 4096 0 0 
4294963711 134160359 4269798398 2122317823 3221225472 
8
2147483649 0 2048 0 0 
4294963711 134160359 4269798398 2122317823 3221225472 
8
2147483649 0 256 0 0 
4294963711 134160359 4269798398 2122317823 3221225472 
8
2147483649 0 128 0 0 
4294963711 134160359 4269798398 2122317823 3221225472 
8
2147483649 0 64 0 0 
4294963711 134160359 4269798398 2122317823 3221225472 
8
2147483649 0 32 0 0 
4294963711 134160359 4269798398 2122317823 3221225472 
8
2147483649 0 16 0 0 
4294963711 134160359 4269798398 2122317823 3221225472 
8
2147483649 0 8 0 0 
4294963711 134160359 4269798398 2122317823 3221225472 
8
2147483649 0 4 0 0 
4294963711 134160359 4269798398 2122317823 3221225472 
8
2147483649 0 2 0 0 
4294963711 134160359 4269798398 2122317823 3221225472 
8
2147483649 0 1 0 0 
4294963711 134160359 4269798398 2122317823 3221225472 
8
2147483649 0 0 1073741824 0 
4294963711 134160359 4269798398 2122317823 3221225472 
8
2147483649 0 0 536870912 0 
4294963711 134160359 4269798398 2122317823 3221225472 
8
2147483649 0 0 134217728 0 
4294963711 134160359 4269798398 2122317823 3221225472 
8
2147483649 0 0 67108864 0 
4294963711 134160359 4269798398 2122317823 3221225472 
8
2147483649 0 0 2097152 0 
4294963711 134160359 4269798398 2122317823 3221225472 
8
2147483649 0 0 1048576 0 
4294963711 134160359 4269798398 2122317823 3221225472 
8
2147483649 0 0 524288 0 
4294963711 134160359 4269798398 2122317823 3221225472 
8
2147483649 0 0 262144 0 
4294963711 134160359 4269798398 2122317823 3221225472 
8
2147483649 0 0 65536 0 
4294963711 134160359 4269798398 2122317823 3221225472 
8
2147483649 0 0 16384 0 
4294963711 134160359 4269798398 2122317823 3221225472 
8
2147483649 0 0 8192 0 
4294963711 134160359 4269798398 2122317823 3221225472 
8
2147483649 0 0 4096 0 
4294963711 134160359 4269798398 2122317823 3221225472 
8
2147483649 0 0 2048 0 
4294963711 134160359 4269798398 2122317823 3221225472 
8
2147483649 0 0 1024 0 
4294963711 134160359 4269798398 2122317819 2147483648 
8
2147483649 0 0 512 0 
4294963711 134160359 4269798398 2122317823 3221225472 
8
2147483649 0 0 256 0 
4294963711 134160359 4269798398 2122317823 3221225472 
8
2147483649 0 0 128 0 
4294963711 134160359 4269798398 2122317823 3221225472 
8
1610612737 0 0 0 0 
4294963711 134160359 4269798398 2122317823 3221225472 
8
1342177281 0 0 0 0 
4294963711 134160359 4269798398 2122317823 3221225472 
8
1207959553 0 0 0 0 
4294963711 134160359 4269798398 2122317823 3221225472 
8
1140850689 0 0 0 0 
4294963711 134160359 4269798398 2122317823 3221225472 
8
1107296257 0 0 0 0 
4294963711 134160359 4269798398 2122317823 3221225472 
8
1090519041 0 0 0 0 
4294963711 134160359 4269798398 2122317823 3221225472 
8
1077936129 0 0 0 0 
2147480063 134160359 4269798398 2122317823 3221225472 
8
1075838977 0 0 0 0 
4294963711 134160359 4269798398 2122317823 3221225472 
8
1074790401 0 0 0 0 
4294963711 134160359 4269798398 2122317823 3221225472 
8
1074266113 0 0 0 0 
4294963711 134160359 4269798398 2122317823 3221225472 
8
1074003969 0 0 0 0 
4294963711 134160359 4269798398 2122317823 3221225472 
8
1073872897 0 0 0 0 
4294963711 134160359 4269798398 2122317823 3221225472 
8
1073807361 0 0 0 0 
4294963711 134160359 4269798398 2122317823 3221225472 
8
1073774593 0 0 0 0 
4294963711 134160359 4269798398 2122317823 3221225472 
8
1073758209 0 0 0 0 
4294963711 134160359 4269798398 2122317823 3221225472 
8
1073742081 0 0 0 0 
4294963711 134160359 4269798398 2122317823 3221225472 
8
1073741953 0 0 0 0 
4294963711 134160359 4269798398 2122317823 3221225472 
8
1073741889 0 0 0 0 
4294963711 134160359 4269798398 2122317823 3221225472 
8
1073741857 0 0 0 0 
4294963711 134160359 4269798398 2122317823 3221225472 
8
1073741841 0 0 0 0 
4294963711 134160359 4269798398 2122317823 3221225472 
8
1073741833 0 0 0 0 
4294963711 134160359 4269798398 2122317823 3221225472 
8
1073741829 0 0 0 0 
4294963711 134160359 4269798398 2122317823 3221225472 
8
1073741827 0 0 0 0 
12291 0 0 0 0 
8
1073741825 268435456 0 0 0 
4294963711 134160359 4269798398 2122317823 3221225472 
8
1073741825 67108864 0 0 0 
4294963711 134160359 4269798398 2122317823 3221225472 
8
1073741825 33554432 0 0 0 
4294963711 134160359 4269798398 2122317823 3221225472 
8
1073741825 16777216 0 0 0 
4294963711 134160359 4269798398 2122317823 3221225472 
8
1073741825 8388608 0 0 0 
4294963711 134160359 4269798398 2122317823 3221225472 
8
1073741825 4194304 0 0 0 
4294963711 134160359 4269798398 2122317823 3221225472 
8
1073741825 2097152 0 0 0 
4294963711 134160359 4269798398 2122317823 3221225472 
8
1073741825 1048576 0 0 0 
4294963711 134160359 4269798398 2122317823 3221225472 
8
1073741825 131072 0 0 0 
4294963711 134160359 4269798398 2122317823 3221225472 
8
1073741825 16384 0 0 0 
4294963711 134160359 4269798398 2122317823 3221225472 
8
1073741825 2048 0 0 0 
4294963711 134160359 4269798398 2122317823 3221225472 
8
1073741825 1024 0 0 0 
4294963711 134160359 4269798398 2122317823 3221225472 
8
1073741825 512 0 0 0 
4294963711 134160359 4269798398 2122317823 3221225472 
8
1073741825 128 0 0 0 
4294963711 134160359 4269798398 2122317823 3221225472 
8
1073741825 64 0 0 0 
4294963711 134160359 4269798398 2122317823 3221225472 
8
1073741825 16 0 0 0 
4294963711 134160359 4269798398 2122317823 3221225472 
8
1073741825 4 0 0 0 
4294963711 134160359 4269798398 2122317823 3221225472 
8
1073741825 2 0 0 0 
4294963711 134160359 4269798398 2122317823 3221225472 
8
1073741825 1 0 0 0 
4294963711 134160359 4269798398 2122317823 3221225472 
8
1073741825 0 134217728 0 0 
4294963711 134160359 4269798398 2122317823 3221225472 
8
1073741825 0 67108864 0 0 
4294963711 134160359 4269798398 2122317823 3221225472 
8
1073741825 0 16777216 0 0 
4294963711 134160359 4269798398 2122317823 3221225472 
8
1073741825 0 4194304 0 0 
4294963711 134160359 4269798398 2122317823 3221225472 
8
1073741825 0 2097152 0 0 
4294963711 134160359 4269798398 2122317823 3221225472 
8
1073741825 0 1048576 0 0 
4294963711 134160359 4269798398 2122317823 3221225472 
8
1073741825 0 524288 0 0 
4294963711 134160359 4269798398 2122317823 3221225472 
8
1073741825 0 262144 0 0 
4294963711 134160359 4269798398 2122317823 3221225472 
8
1073741825 0 131072 0 0 
4294963711 134160359 4269798398 2122317823 3221225472 
8
1073741825 0 65536 0 0 
4294963711 134160359 4269798398 2122317823 3221225472 
8
1073741825 0 32768 0 0 
4294963711 134160359 4269798398 2122317823 3221225472 
8
1073741825 0 16384 0 0 
4294963711 134160359 4269798398 2122317823 3221225472 
8
1073741825 0 8192 0 0 
4294963711 134160359 4269798398 2122317823 3221225472 
8
1073741825 0 4096 0 0 
4294963711 134160359 4269798398 2122317823 3221225472 
8
1073741825 0 2048 0 0 
4294963711 134160359 4269798398 2122317823 3221225472 
8
1073741825 0 256 0 0 
4294963711 134160359 4269798398 2122317823 3221225472 
8
1073741825 0 128 0 0 
4294963711 134160359 4269798398 2122317823 3221225472 
8
1073741825 0 64 0 0 
4294963711 134160359 4269798398 2122317823 3221225472 
8
1073741825 0 32 0 0 
4294963711 134160359 4269798398 2122317823 3221225472 
8
1073741825 0 16 0 0 
4294963711 134160359 4269798398 2122317823 3221225472 
8
1073741825 0 8 0 0 
4294963711 134160359 4269798398 2122317823 3221225472 
8
1073741825 0 4 0 0 
4294963711 134160359 4269798398 2122317823 3221225472 
8
1073741825 0 2 0 0 
4294963711 134160359 4269798398 2122317823 3221225472 
8
1073741825 0 1 0 0 
4294963711 134160359 4269798398 2122317823 3221225472 
8
1073741825 0 0 1073741824 0 
4294963711 134160359 4269798398 2122317823 3221225472 
8
1073741825 0 0 536870912 0 
4294963711 134160359 4269798398 2122317823 3221225472 
8
1073741825 0 0 134217728 0 
4294963711 134160359 4269798398 2122317823 3221225472 
8
1073741825 0 0 67108864 0 
4294963711 134160359 4269798398 2122317823 3221225472 
8
1073741825 0 0 2097152 0 
4294963711 134160359 4269798398 2122317823 3221225472 
8
1073741825 0 0 1048576 0 
4294963711 134160359 4269798398 2122317823 3221225472 
8
1073741825 0 0 524288 0 
4294963711 134160359 4269798398 2122317823 3221225472 
8
1073741825 0 0 262144 0 
4294963711 134160359 4269798398 2122317823 3221225472 
8
1073741825 0 0 65536 0 
4294963711 134160359 4269798398 2122317823 3221225472 
8
1073741825 0 0 16384 0 
4294963711 134160359 4269798398 2122317823 3221225472 
8
1073741825 0 0 8192 0 
4294963711 134160359 4269798398 2122317823 3221225472 
8
1073741825 0 0 4096 0 
4294963711 134160359 4269798398 2122317823 3221225472 
8
1073741825 0 0 2048 0 
4294963711 134160359 4269798398 2122317823 3221225472 
8
1073741825 0 0 1024 0 
4294963711 134160359 4269798398 2122317819 2147483648 
8
1073741825 0 0 512 0 
4294963711 134160359 4269798398 2122317823 3221225472 
8
1073741825 0 0 256 0 
4294963711 134160359 4269798398 2122317823 3221225472 
8
1073741825 0 0 128 0 
4294963711 134160359 4269798398 2122317823 3221225472 
8
671088641 0 0 0 0 
4294963711 134160359 4269798398 2122317823 3221225472 
8
603979777 0 0 0 0 
4294963711 134160359 4269798398 2122317823 3221225472 
8
570425345 0 0 0 0 
4294963711 134160359 4269798398 2122317823 3221225472 
8
553648129 0 0 0 0 
4294963711 134160359 4269798398 2122317823 3221225472 
8
541065217 0 0 0 0 
4294963711 134160359 4269798398 2122317823 3221225472 
8
538968065 0 0 0 0 
4294963711 134160359 4269798398 2122317823 3221225472 
8
537919489 0 0 0 0 
4294963711 134160359 4269798398 2122317823 3221225472 
8
537395201 0 0 0 0 
4294963711 134160359 4269798398 2122317823 3221225472 
8
537133057 0 0 0 0 
4294963711 134160359 4269798398 2122317823 3221225472 
8
537001985 0 0 0 0 
4294963711 134160359 4269798398 2122317823 3221225472 
8
536936449 0 0 0 0 
4294963711 134160359 4269798398 2122317823 3221225472 
8
536903681 0 0 0 0 
4294963711 134160359 4269798398 2122317823 3221225472 
8
536887297 0 0 0 0 
4294963711 134160359 4269798398 2122317823 3221225472 
8
536871169 0 0 0 0 
4294963711 134160359 4269798398 2122317823 3221225472 
8
536871041 0 0 0 0 
4294963711 134160359 4269798398 2122317823 3221225472 
8
536870977 0 0 0 0 
4294963711 134160359 4269798398 2122317823 3221225472 
8
536870945 0 0 0 0 
4294963711 134160359 4269798398 2122317823 3221225472 
8
536870929 0 0 0 0 
4294963711 134160359 4269798398 2122317823 3221225472 
8
536870921 0 0 0 0 
4294963711 134160359 4269798398 2122317823 3221225472 
8
536870917 0 0 0 0 
4294963711 134160359 4269798398 2122317823 3221225472 
8
536870915 0 0 0 0 
12291 0 0 0 0 
8
536870913 268435456 0 0 0 
4294963711 134160359 4269798398 2122317823 3221225472 
8
536870913 67108864 0 0 0 
4294963711 134160359 4269798398 2122317823 3221225472 
8
536870913 33554432 0 0 0 
4294963711 134160359 4269798398 2122317823 3221225472 
8
536870913 16777216 0 0 0 
4294963711 134160359 4269798398 2122317823 3221225472 
8
536870913 8388608 0 0 0 
4294963711 134160359 4269798398 2122317823 3221225472 
8
536870913 4194304 0 0 0 
4294963711 134160359 4269798398 2122317823 3221225472 
8
536870913 2097152 0 0 0 
4294963711 134160359 4269798398 2122317823 3221225472 
8
536870913 1048576 0 0 0 
4294963711 134160359 4269798398 2122317823 3221225472 
8
536870913 131072 0 0 0 
4294963711 134160359 4269798398 2122317823 3221225472 
8
536870913 16384 0 0 0 
4294963711 134160359 4269798398 2122317823 3221225472 
8
536870913 2048 0 0 0 
4294963711 134160359 4269798398 2122317823 3221225472 
8
536870913 1024 0 0 0 
4294963711 134160359 4269798398 2122317823 3221225472 
8
536870913 512 0 0 0 
4294963711 134160359 4269798398 2122317823 3221225472 
8
536870913 128 0 0 0 
4294963711 134160359 4269798398 2122317823 3221225472 
8
536870913 64 0 0 0 
4294963711 134160359 4269798398 2122317823 3221225472 
8
536870913 16 0 0 0 
4294963711 134160359 4269798398 2122317823 3221225472 
8
536870913 4 0 0 0 
4294963711 134160359 4269798398 2122317823 3221225472 
8
536870913 2 0 0 0 
4294963711 134160359 4269798398 2122317823 3221225472 
8
536870913 1 0 0 0 
4294963711 134160359 4269798398 2122317823 3221225472 
8
536870913 0 134217728 0 0 
4294963711 134160359 4269798398 2122317823 3221225472 
8
536870913 0 67108864 0 0 
4294963711 134160359 4269798398 2122317823 3221225472 
8
536870913 0 16777216 0 0 
4294963711 134160359 4269798398 2122317823 3221225472 
8
536870913 0 4194304 0 0 
4294963711 134160359 4269798398 2122317823 3221225472 
8
536870913 0 2097152 0 0 
4294963711 134160359 4269798398 2122317823 3221225472 
8
536870913 0 1048576 0 0 
4294963711 134160359 4269798398 2122317823 3221225472 
8
536870913 0 524288 0 0 
4294963711 134160359 4269798398 2122317823 3221225472 
8
536870913 0 262144 0 0 
4294963711 134160359 4269798398 2122317823 3221225472 
8
536870913 0 131072 0 0 
4294963711 134160359 4269798398 2122317823 3221225472 
8
536870913 0 65536 0 0 
4294963711 134160359 4269798398 2122317823 3221225472 
8
536870913 0 32768 0 0 
4294963711 134160359 4269798398 2122317823 3221225472 
8
536870913 0 16384 0 0 
4294963711 134160359 4269798398 2122317823 3221225472 
8
536870913 0 8192 0 0 
4294963711 134160359 4269798398 2122317823 3221225472 
8
536870913 0 4096 0 0 
4294963711 134160359 4269798398 2122317823 3221225472 
8
536870913 0 2048 0 0 
4294963711 134160359 4269798398 2122317823 3221225472 
8
536870913 0 256 0 0 
4294963711 134160359 4269798398 2122317823 3221225472 
8
536870913 0 128 0 0 
4294963711 134160359 4269798398 2122317823 3221225472 
8
536870913 0 64 0 0 
4294963711 134160359 4269798398 2122317823 3221225472 
8
536870913 0 32 0 0 
4294963711 134160359 4269798398 2122317823 3221225472 
8
536870913 0 16 0 0 
4294963711 134160359 4269798398 2122317823 3221225472 
8
536870913 0 8 0 0 
4294963711 134160359 4269798398 2122317823 3221225472 
8
536870913 0 4 0 0 
4294963711 134160359 4269798398 2122317823 3221225472 
8
536870913 0 2 0 0 
4294963711 134160359 4269798398 2122317823 3221225472 
8
536870913 0 1 0 0 
4294963711 134160359 4269798398 2122317823 3221225472 
8
536870913 0 0 1073741824 0 
4294963711 134160359 4269798398 2122317823 3221225472 
8
536870913 0 0 536870912 0 
4294963711 134160359 4269798398 2122317823 3221225472 
8
536870913 0 0 134217728 0 
4294963711 134160359 4269798398 2122317823 3221225472 
8
536870913 0 0 67108864 0 
4294963711 134160359 4269798398 2122317823 3221225472 
8
536870913 0 0 2097152 0 
4294963711 134160359 4269798398 2122317823 3221225472 
8
536870913 0 0 1048576 0 
4294963711 134160359 4269798398 2122317823 3221225472 
8
536870913 0 0 524288 0 
4294963711 134160359 4269798398 2122317823 3221225472 
8
536870913 0 0 262144 0 
4294963711 134160359 4269798398 2122317823 3221225472 
8
536870913 0 0 65536 0 
4294963711 134160359 4269798398 2122317823 3221225472 
8
536870913 0 0 16384 0 
4294963711 134160359 4269798398 2122317823 3221225472 
8
536870913 0 0 8192 0 
4294963711 134160359 4269798398 2122317823 3221225472 
8
536870913 0 0 4096 0 
4294963711 134160359 4269798398 2122317823 3221225472 
8
536870913 0 0 2048 0 
4294963711 134160359 4269798398 2122317823 3221225472 
8
536870913 0 0 1024 0 
4294963711 134160359 4269798398 2122317819 2147483648 
8
536870913 0 0 512 0 
4294963711 134160359 4269798398 2122317823 3221225472 
8
536870913 0 0 256 0 
4294963711 134160359 4269798398 2122317823 3221225472 
8
536870913 0 0 128 0 
4294963711 134160359 4269798398 2122317823 3221225472 
8
402653185 0 0 0 0 
4294963711 134160359 4269798398 2122317823 3221225472 
8
335544321 0 0 0 0 
4294963711 134160359 4269798398 2122317823 3221225472 
8
301989889 0 0 0 0 
4294963711 134160359 4269798398 2122317823 3221225472 
8
285212673 0 0 0 0 
4294963711 134160359 4269798398 2122317823 3221225472 
8
272629761 0 0 0 0 
4294963711 134160359 4269798398 2122317823 3221225472 
8
270532609 0 0 0 0 
4294963711 134160359 4269798398 2122317823 3221225472 
8
269484033 0 0 0 0 
4294963711 134160359 4269798398 2122317823 3221225472 
8
268959745 0 0 0 0 
4294963711 134160359 4269798398 2122317823 3221225472 
8
268697601 0 0 0 0 
4294963711 134160359 4269798398 2122317823 3221225472 
8
268566529 0 0 0 0 
4294963711 134160359 4269798398 2122317823 3221225472 
8
268500993 0 0 0 0 
4294963711 134160359 4269798398 2122317823 3221225472 
8
268468225 0 0 0 0 
4294963711 134160359 4269798398 2122317823 3221225472 
8
268451841 0 0 0 0 
4294963711 134160359 4269798398 2122317823 3221225472 
8
268435713 0 0 0 0 
4294963711 134160359 4269798398 2122317823 3221225472 
8
268435585 0 0 0 0 
4294963711 134160359 4269798398 2122317823 3221225472 
8
268435521 0 0 0 0 
4294963711 134160359 4269798398 2122317823 3221225472 
8
268435489 0 0 0 0 
4294963711 134160359 4269798398 2122317823 3221225472 
8
268435473 0 0 0 0 
4294963711 134160359 4269798398 2122317823 3221225472 
8
268435465 0 0 0 0 
4294963711 134160359 4269798398 2122317823 3221225472 
8
268435461 0 0 0 0 
4294963711 134160359 4269798398 2122317823 3221225472 
8
268435459 0 0 0 0 
12291 0 0 0 0 
8
268435457 268435456 0 0 0 
4294963711 134160359 4269798398 2122317823 3221225472 
8
268435457 67108864 0 0 0 
4294963711 134160359 4269798398 2122317823 3221225472 
8
268435457 33554432 0 0 0 
4294963711 134160359 4269798398 2122317823 3221225472 
8
268435457 16777216 0 0 0 
4294963711 134160359 4269798398 2122317823 3221225472 
8
268435457 8388608 0 0 0 
4294963711 134160359 4269798398 2122317823 3221225472 
8
268435457 4194304 0 0 0 
4294963711 134160359 4269798398 2122317823 3221225472 
8
268435457 2097152 0 0 0 
4294963711 134160359 4269798398 2122317823 3221225472 
8
268435457 1048576 0 0 0 
4294963711 134160359 4269798398 2122317823 3221225472 
8
268435457 131072 0 0 0 
4294963711 134160359 4269798398 2122317823 3221225472 
8
268435457 16384 0 0 0 
4294963711 134160359 4269798398 2122317823 3221225472 
8
268435457 2048 0 0 0 
4294963711 134160359 4269798398 2122317823 3221225472 
8
268435457 1024 0 0 0 
4294963711 134160359 4269798398 2122317823 3221225472 
8
268435457 512 0 0 0 
4294963711 134160359 4269798398 2122317823 3221225472 
8
268435457 128 0 0 0 
4294963711 134160359 4269798398 2122317823 3221225472 
8
268435457 64 0 0 0 
4294963711 134160359 4269798398 2122317823 3221225472 
8
268435457 16 0 0 0 
4294963711 134160359 4269798398 2122317823 3221225472 
8
268435457 4 0 0 0 
4294963711 134160359 4269798398 2122317823 3221225472 
8
268435457 2 0 0 0 
4294963711 134160359 4269798398 2122317823 3221225472 
8
268435457 1 0 0 0 
4294963711 134160359 4269798398 2122317823 3221225472 
8
268435457 0 134217728 0 0 
4294963711 134160359 4269798398 2122317823 3221225472 
8
268435457 0 67108864 0 0 
4294963711 134160359 4269798398 2122317823 3221225472 
8
268435457 0 16777216 0 0 
4294963711 134160359 4269798398 2122317823 3221225472 
8
268435457 0 4194304 0 0 
4294963711 134160359 4269798398 2122317823 3221225472 
8
268435457 0 2097152 0 0 
4294963711 134160359 4269798398 2122317823 3221225472 
8
268435457 0 1048576 0 0 
4294963711 134160359 4269798398 2122317823 3221225472 
8
268435457 0 524288 0 0 
4294963711 134160359 4269798398 2122317823 3221225472 
8
268435457 0 262144 0 0 
4294963711 134160359 4269798398 2122317823 3221225472 
8
268435457 0 131072 0 0 
4294963711 134160359 4269798398 2122317823 3221225472 
8
268435457 0 65536 0 0 
4294963711 134160359 4269798398 2122317823 3221225472 
8
268435457 0 32768 0 0 
4294963711 134160359 4269798398 2122317823 3221225472 
8
268435457 0 16384 0 0 
4294963711 134160359 4269798398 2122317823 3221225472 
8
268435457 0 8192 0 0 
4294963711 134160359 4269798398 2122317823 3221225472 
8
268435457 0 4096 0 0 
4294963711 134160359 4269798398 2122317823 3221225472 
8
268435457 0 2048 0 0 
4294963711 134160359 4269798398 2122317823 3221225472 
8
268435457 0 256 0 0 
4294963711 134160359 4269798398 2122317823 3221225472 
8
268435457 0 128 0 0 
4294963711 134160359 4269798398 2122317823 3221225472 
8
268435457 0 64 0 0 
4294963711 134160359 4269798398 2122317823 3221225472 
8
268435457 0 32 0 0 
4294963711 134160359 4269798398 2122317823 3221225472 
8
268435457 0 16 0 0 
4294963711 134160359 4269798398 2122317823 3221225472 
8
268435457 0 8 0 0 
4294963711 134160359 4269798398 2122317823 3221225472 
8
268435457 0 4 0 0 
4294963711 134160359 4269798398 2122317823 3221225472 
8
268435457 0 2 0 0 
4294963711 134160359 4269798398 2122317823 3221225472 
8
268435457 0 1 0 0 
4294963711 134160359 4269798398 2122317823 3221225472 
8
268435457 0 0 1073741824 0 
4294963711 134160359 4269798398 2122317823 3221225472 
8
268435457 0 0 536870912 0 
4294963711 134160359 4269798398 2122317823 3221225472 
8
268435457 0 0 134217728 0 
4294963711 134160359 4269798398 2122317823 3221225472 
8
268435457 0 0 67108864 0 
4294963711 134160359 4269798398 2122317823 3221225472 
8
268435457 0 0 2097152 0 
4294963711 134160359 4269798398 2122317823 3221225472 
8
268435457 0 0 1048576 0 
4294963711 134160359 4269798398 2122317823 3221225472 
8
268435457 0 0 524288 0 
4294963711 134160359 4269798398 2122317823 3221225472 
8
268435457 0 0 262144 0 
4294963711 134160359 4269798398 2122317823 3221225472 
8
268435457 0 0 65536 0 
4294963711 134160359 4269798398 2122317823 3221225472 
8
268435457 0 0 16384 0 
4294963711 134160359 4269798398 2122317823 3221225472 
8
268435457 0 0 8192 0 
4294963711 134160359 4269798398 2122317823 3221225472 
8
268435457 0 0 4096 0 
4294963711 134160359 4269798398 2122317823 3221225472 
8
268435457 0 0 2048 0 
4294963711 134160359 4269798398 2122317823 3221225472 
8
268435457 0 0 1024 0 
4294963711 134160359 4269798398 2122317819 2147483648 
8
268435457 0 0 512 0 
4294963711 134160359 4269798398 2122317823 3221225472 
8
268435457 0 0 256 0 
4294963711 134160359 4269798398 2122317823 3221225472 
8
268435457 0 0 128 0 
4294963711 134160359 4269798398 2122317823 3221225472 
8
167772161 0 0 0 0 
4294963711 134160359 4269798398 2122317823 3221225472 
8
150994945 0 0 0 0 
4294963711 134160359 4269798398 2122317823 3221225472 
8
138412033 0 0 0 0 
4294963711 134160359 4269798398 2122317823 3221225472 
8
136314881 0 0 0 0 
4294963711 134160359 4269798398 2122317823 3221225472 
8
135266305 0 0 0 0 
4294963711 134160359 4269798398 2122317823 3221225472 
8
134742017 0 0 0 0 
4294963711 134160359 4269798398 2122317823 3221225472 
8
134479873 0 0 0 0 
4294963711 134160359 4269798398 2122317823 3221225472 
8
134348801 0 0 0 0 
4294963711 134160359 4269798398 2122317823 3221225472 
8
134283265 0 0 0 0 
4294963711 134160359 4269798398 2122317823 3221225472 
8
134250497 0 0 0 0 
4294963711 134160359 4269798398 2122317823 3221225472 
8
134234113 0 0 0 0 
4294963711 134160359 4269798398 2122317823 3221225472 
8
134217985 0 0 0 0 
4294963711 134160359 4269798398 2122317823 3221225472 
8
134217857 0 0 0 0 
4294963711 134160359 4269798398 2122317823 3221225472 
8
134217793 0 0 0 0 
4294963711 134160359 4269798398 2122317823 3221225472 
8
134217761 0 0 0 0 
4294963711 134160359 4269798398 2122317823 3221225472 
8
134217745 0 0 0 0 
4294963711 134160359 4269798398 2122317823 3221225472 
8
134217737 0 0 0 0 
4294963711 134160359 4269798398 2122317823 3221225472 
8
134217733 0 0 0 0 
4294963711 134160359 4269798398 2122317823 3221225472 
8
134217731 0 0 0 0 
12291 0 0 0 0 
8
134217729 268435456 0 0 0 
4294963711 134160359 4269798398 2122317823 3221225472 
8
134217729 67108864 0 0 0 
4294963711 134160359 4269798398 2122317823 3221225472 
8
134217729 33554432 0 0 0 
4294963711 134160359 4269798398 2122317823 3221225472 
8
134217729 16777216 0 0 0 
4294963711 134160359 4269798398 2122317823 3221225472 
8
134217729 8388608 0 0 0 
4294963711 134160359 4269798398 2122317823 3221225472 
8
134217729 4194304 0 0 0 
4294963711 134160359 4269798398 2122317823 3221225472 
8
134217729 2097152 0 0 0 
4294963711 134160359 4269798398 2122317823 3221225472 
8
134217729 1048576 0 0 0 
4294963711 134160359 4269798398 2122317823 3221225472 
8
134217729 131072 0 0 0 
4294963711 134160359 4269798398 2122317823 3221225472 
8
134217729 16384 0 0 0 
4294963711 134160359 4269798398 2122317823 3221225472 
8
134217729 2048 0 0 0 
4294963711 134160359 4269798398 2122317823 3221225472 
8
134217729 1024 0 0 0 
4294963711 134160359 4269798398 2122317823 3221225472 
8
134217729 512 0 0 0 
4294963711 134160359 4269798398 2122317823 3221225472 
8
134217729 128 0 0 0 
4294963711 134160359 4269798398 2122317823 3221225472 
8
134217729 64 0 0 0 
4294963711 134160359 4269798398 2122317823 3221225472 
8
134217729 16 0 0 0 
4294963711 134160359 4269798398 2122317823 3221225472 
8
134217729 4 0 0 0 
4294963711 134160359 4269798398 2122317823 3221225472 
8
134217729 2 0 0 0 
4294963711 134160359 4269798398 2122317823 3221225472 
8
134217729 1 0 0 0 
4294963711 134160359 4269798398 2122317823 3221225472 
8
134217729 0 134217728 0 0 
4294963711 134160359 4269798398 2122317823 3221225472 
8
134217729 0 67108864 0 0 
4294963711 134160359 4269798398 2122317823 3221225472 
8
134217729 0 16777216 0 0 
4294963711 134160359 4269798398 2122317823 3221225472 
8
134217729 0 4194304 0 0 
4294963711 134160359 4269798398 2122317823 3221225472 
8
134217729 0 2097152 0 0 
4294963711 134160359 4269798398 2122317823 3221225472 
8
134217729 0 1048576 0 0 
4294963711 134160359 4269798398 2122317823 3221225472 
8
134217729 0 524288 0 0 
4294963711 134160359 4269798398 2122317823 3221225472 
8
134217729 0 262144 0 0 
4294963711 134160359 4269798398 2122317823 3221225472 
8
134217729 0 131072 0 0 
4294963711 134160359 4269798398 2122317823 3221225472 
8
134217729 0 65536 0 0 
4294963711 134160359 4269798398 2122317823 3221225472 
8
134217729 0 32768 0 0 
4294963711 134160359 4269798398 2122317823 3221225472 
8
134217729 0 16384 0 0 
4294963711 134160359 4269798398 2122317823 3221225472 
8
134217729 0 8192 0 0 
4294963711 134160359 4269798398 2122317823 3221225472 
8
134217729 0 4096 0 0 
4294963711 134160359 4269798398 2122317823 3221225472 
8
134217729 0 2048 0 0 
4294963711 134160359 4269798398 2122317823 3221225472 
8
134217729 0 256 0 0 
4294963711 134160359 4269798398 2122317823 3221225472 
8
134217729 0 128 0 0 
4294963711 134160359 4269798398 2122317823 3221225472 
8
134217729 0 64 0 0 
4294963711 134160359 4269798398 2122317823 3221225472 
8
134217729 0 32 0 0 
4294963711 134160359 4269798398 2122317823 3221225472 
8
134217729 0 16 0 0 
4294963711 134160359 4269798398 2122317823 3221225472 
8
134217729 0 8 0 0 
4294963711 134160359 4269798398 2122317823 3221225472 
8
134217729 0 4 0 0 
4294963711 134160359 4269798398 2122317823 3221225472 
8
134217729 0 2 0 0 
4294963711 134160359 4269798398 2122317823 3221225472 
8
134217729 0 1 0 0 
4294963711 134160359 4269798398 2122317823 3221225472 
8
134217729 0 0 1073741824 0 
4294963711 134160359 4269798398 2122317823 3221225472 
8
134217729 0 0 536870912 0 
4294963711 134160359 4269798398 2122317823 3221225472 
8
134217729 0 0 134217728 0 
4294963711 134160359 4269798398 2122317823 3221225472 
8
134217729 0 0 67108864 0 
4294963711 134160359 4269798398 2122317823 3221225472 
8
134217729 0 0 2097152 0 
4294963711 134160359 4269798398 2122317823 3221225472 
8
134217729 0 0 1048576 0 
4294963711 134160359 4269798398 2122317823 3221225472 
8
134217729 0 0 524288 0 
4294963711 134160359 4269798398 2122317823 3221225472 
8
134217729 0 0 262144 0 
4294963711 134160359 4269798398 2122317823 3221225472 
8
134217729 0 0 65536 0 
4294963711 134160359 4269798398 2122317823 3221225472 
8
134217729 0 0 16384 0 
4294963711 134160359 4269798398 2122317823 3221225472 
8
134217729 0 0 8192 0 
4294963711 134160359 4269798398 2122317823 3221225472 
8
134217729 0 0 4096 0 
4294963711 134160359 4269798398 2122317823 3221225472 
8
134217729 0 0 2048 0 
4294963711 134160359 4269798398 2122317823 3221225472 
8
134217729 0 0 1024 0 
4294963711 134160359 4269798398 2122317819 2147483648 
8
134217729 0 0 512 0 
4294963711 134160359 4269798398 2122317823 3221225472 
8
134217729 0 0 256 0 
4294963711 134160359 4269798398 2122317823 3221225472 
8
134217729 0 0 128 0 
4294963711 134160359 4269798398 2122317823 3221225472 
8
83886081 0 0 0 0 
4294963711 134160359 4269798398 2122317823 3221225472 
8
71303169 0 0 0 0 
4294963711 134160359 4269798398 2122317823 3221225472 
8
69206017 0 0 0 0 
4294963711 134160359 4269798398 2122317823 3221225472 
8
68157441 0 0 0 0 
4294963711 134160359 4269798398 2122317823 3221225472 
8
67633153 0 0 0 0 
4294963711 134160359 4269798398 2122317823 3221225472 
8
67371009 0 0 0 0 
4294963711 134160359 4269798398 2122317823 3221225472 
8
67239937 0 0 0 0 
4294963711 134160359 4269798398 2122317823 3221225472 
8
67174401 0 0 0 0 
4294963711 134160359 4269798398 2122317823 3221225472 
8
67141633 0 0 0 0 
4294963711 134160359 4269798398 2122317823 3221225472 
8
67125249 0 0 0 0 
4294963711 134160359 4269798398 2122317823 3221225472 
8
67109121 0 0 0 0 
4294963711 134160359 4269798398 2122317823 3221225472 
8
67108993 0 0 0 0 
4294963711 134160359 4269798398 2122317823 3221225472 
8
67108929 0 0 0 0 
4294963711 134160359 4269798398 2122317823 3221225472 
8
67108897 0 0 0 0 
4294963711 134160359 4269798398 2122317823 3221225472 
8
67108881 0 0 0 0 
4294963711 134160359 4269798398 2122317823 3221225472 
8
67108873 0 0 0 0 
4294963711 134160359 4269798398 2122317823 3221225472 
8
67108869 0 0 0 0 
4294963711 134160359 4269798398 2122317823 3221225472 
8
67108867 0 0 0 0 
12291 0 0 0 0 
8
67108865 268435456 0 0 0 
4294963711 134160359 4269798398 2122317823 3221225472 
8
67108865 67108864 0 0 0 
4294963711 134160359 4269798398 2122317823 3221225472 
8
67108865 33554432 0 0 0 
4294963711 134160359 4269798398 2122317823 3221225472 
8
67108865 16777216 0 0 0 
4294963711 134160359 4269798398 2122317823 3221225472 
8
67108865 8388608 0 0 0 
4294963711 134160359 4269798398 2122317823 3221225472 
8
67108865 4194304 0 0 0 
4294963711 134160359 4269798398 2122317823 3221225472 
8
67108865 2097152 0 0 0 
4294963711 134160359 4269798398 2122317823 3221225472 
8
67108865 1048576 0 0 0 
4294963711 134160359 4269798398 2122317823 3221225472 
8
67108865 131072 0 0 0 
4294963711 134160359 4269798398 2122317823 3221225472 
8
67108865 16384 0 0 0 
4294963711 134160359 4269798398 2122317823 3221225472 
8
67108865 2048 0 0 0 
4294963711 134160359 4269798398 2122317823 3221225472 
8
67108865 1024 0 0 0 
4294963711 134160359 4269798398 2122317823 3221225472 
8
67108865 512 0 0 0 
4294963711 134160359 4269798398 2122317823 3221225472 
8
67108865 128 0 0 0 
4294963711 134160359 4269798398 2122317823 3221225472 
8
67108865 64 0 0 0 
4294963711 134160359 4269798398 2122317823 3221225472 
8
67108865 16 0 0 0 
4294963711 134160359 4269798398 2122317823 3221225472 
8
67108865 4 0 0 0 
4294963711 134160359 4269798398 2122317823 3221225472 
8
67108865 2 0 0 0 
4294963711 134160359 4269798398 2122317823 3221225472 
8
67108865 1 0 0 0 
4294963711 134160359 4269798398 2122317823 3221225472 
8
67108865 0 134217728 0 0 
4294963711 134160359 4269798398 2122317823 3221225472 
8
67108865 0 67108864 0 0 
4294963711 134160359 4269798398 2122317823 3221225472 
8
67108865 0 16777216 0 0 
4294963711 134160359 4269798398 2122317823 3221225472 
8
67108865 0 4194304 0 0 
4294963711 134160359 4269798398 2122317823 3221225472 
8
67108865 0 2097152 0 0 
4294963711 134160359 4269798398 2122317823 3221225472 
8
67108865 0 1048576 0 0 
4294963711 134160359 4269798398 2122317823 3221225472 
8
67108865 0 524288 0 0 
4294963711 134160359 4269798398 2122317823 3221225472 
8
67108865 0 262144 0 0 
4294963711 134160359 4269798398 2122317823 3221225472 
8
67108865 0 131072 0 0 
4294963711 134160359 4269798398 2122317823 3221225472 
8
67108865 0 65536 0 0 
4294963711 134160359 4269798398 2122317823 3221225472 
8
67108865 0 32768 0 0 
4294963711 134160359 4269798398 2122317823 3221225472 
8
67108865 0 16384 0 0 
4294963711 134160359 4269798398 2122317823 3221225472 
8
67108865 0 8192 0 0 
4294963711 134160359 4269798398 2122317823 3221225472 
8
67108865 0 4096 0 0 
4294963711 134160359 4269798398 2122317823 3221225472 
8
67108865 0 2048 0 0 
4294963711 134160359 4269798398 2122317823 3221225472 
8
67108865 0 256 0 0 
4294963711 134160359 4269798398 2122317823 3221225472 
8
67108865 0 128 0 0 
4294963711 134160359 4269798398 2122317823 3221225472 
8
67108865 0 64 0 0 
4294963711 134160359 4269798398 2122317823 3221225472 
8
67108865 0 32 0 0 
4294963711 134160359 4269798398 2122317823 3221225472 
8
67108865 0 16 0 0 
4294963711 134160359 4269798398 2122317823 3221225472 
8
67108865 0 8 0 0 
4294963711 134160359 4269798398 2122317823 3221225472 
8
67108865 0 4 0 0 
4294963711 134160359 4269798398 2122317823 3221225472 
8
67108865 0 2 0 0 
4294963711 134160359 4269798398 2122317823 3221225472 
8
67108865 0 1 0 0 
4294963711 134160359 4269798398 2122317823 3221225472 
8
67108865 0 0 1073741824 0 
4294963711 134160359 4269798398 2122317823 3221225472 
8
67108865 0 0 536870912 0 
4294963711 134160359 4269798398 2122317823 3221225472 
8
67108865 0 0 134217728 0 
4294963711 134160359 4269798398 2122317823 3221225472 
8
67108865 0 0 67108864 0 
4294963711 134160359 4269798398 2122317823 3221225472 
8
67108865 0 0 2097152 0 
4294963711 134160359 4269798398 2122317823 3221225472 
8
67108865 0 0 1048576 0 
4294963711 134160359 4269798398 2122317823 3221225472 
8
67108865 0 0 524288 0 
4294963711 134160359 4269798398 2122317823 3221225472 
8
67108865 0 0 262144 0 
4294963711 134160359 4269798398 2122317823 3221225472 
8
67108865 0 0 65536 0 
4294963711 134160359 4269798398 2122317823 3221225472 
8
67108865 0 0 16384 0 
4294963711 134160359 4269798398 2122317823 3221225472 
8
67108865 0 0 8192 0 
4294963711 134160359 4269798398 2122317823 3221225472 
8
67108865 0 0 4096 0 
4294963711 134160359 4269798398 2122317823 3221225472 
8
67108865 0 0 2048 0 
4294963711 134160359 4269798398 2122317823 3221225472 
8
67108865 0 0 1024 0 
4294963711 134160359 4269798398 2122317819 2147483648 
8
67108865 0 0 512 0 
4294963711 134160359 4269798398 2122317823 3221225472 
8
67108865 0 0 256 0 
4294963711 134160359 4269798398 2122317823 3221225472 
8
67108865 0 0 128 0 
4294963711 134160359 4269798398 2122317823 3221225472 
8
37748737 0 0 0 0 
4294963711 134160359 4269798398 2122317823 3221225472 
8
35651585 0 0 0 0 
4294963711 134160359 4269798398 2122317823 3221225472 
8
34603009 0 0 0 0 
4294963711 134160359 4269798398 2122317823 3221225472 
8
34078721 0 0 0 0 
4294963711 134160359 4269798398 2122317823 3221225472 
8
33816577 0 0 0 0 
4294963711 134160359 4269798398 2122317823 3221225472 
8
33685505 0 0 0 0 
4294963711 134160359 4269798398 2122317823 3221225472 
8
33619969 0 0 0 0 
4294963711 134160359 4269798398 2122317823 3221225472 
8
33587201 0 0 0 0 
4294963711 134160359 4269798398 2122317823 3221225472 
8
33570817 0 0 0 0 
4294963711 134160359 4269798398 2122317823 3221225472 
8
33554689 0 0 0 0 
4294963711 134160359 4269798398 2122317823 3221225472 
8
33554561 0 0 0 0 
4294963711 134160359 4269798398 2122317823 3221225472 
8
33554497 0 0 0 0 
4294963711 134160359 4269798398 2122317823 3221225472 
8
33554465 0 0 0 0 
4294963711 134160359 4269798398 2122317823 3221225472 
8
33554449 0 0 0 0 
4294963711 134160359 4269798398 2122317823 3221225472 
8
33554441 0 0 0 0 
4294963711 134160359 4269798398 2122317823 3221225472 
8
33554437 0 0 0 0 
4294963711 134160359 4269798398 2122317823 3221225472 
8
33554435 0 0 0 0 
12291 0 0 0 0 
8
33554433 268435456 0 0 0 
4294963711 134160359 4269798398 2122317823 3221225472 
8
33554433 67108864 0 0 0 
4294963711 134160359 4269798398 2122317823 3221225472 
8
33554433 33554432 0 0 0 
4294963711 134160359 4269798398 2122317823 3221225472 
8
33554433 16777216 0 0 0 
4294963711 134160359 4269798398 2122317823 3221225472 
8
33554433 8388608 0 0 0 
4294963711 134160359 4269798398 2122317823 3221225472 
8
33554433 4194304 0 0 0 
4294963711 134160359 4269798398 2122317823 3221225472 
8
33554433 2097152 0 0 0 
4294963711 134160359 4269798398 2122317823 3221225472 
8
33554433 1048576 0 0 0 
4294963711 134160359 4269798398 2122317823 3221225472 
8
33554433 131072 0 0 0 
4294963711 134160359 4269798398 2122317823 3221225472 
8
33554433 16384 0 0 0 
4294963711 134160359 4269798398 2122317823 3221225472 
8
33554433 2048 0 0 0 
4294963711 134160359 4269798398 2122317823 3221225472 
8
33554433 1024 0 0 0 
4294963711 134160359 4269798398 2122317823 3221225472 
8
33554433 512 0 0 0 
4294963711 134160359 4269798398 2122317823 3221225472 
8
33554433 128 0 0 0 
4294963711 134160359 4269798398 2122317823 3221225472 
8
33554433 64 0 0 0 
4294963711 134160359 4269798398 2122317823 3221225472 
8
33554433 16 0 0 0 
4294963711 134160359 4269798398 2122317823 3221225472 
8
33554433 4 0 0 0 
4294963711 134160359 4269798398 2122317823 3221225472 
8
33554433 2 0 0 0 
4294963711 134160359 4269798398 2122317823 3221225472 
8
33554433 1 0 0 0 
4294963711 134160359 4269798398 2122317823 3221225472 
8
33554433 0 134217728 0 0 
4294963711 134160359 4269798398 2122317823 3221225472 
8
33554433 0 67108864 0 0 
4294963711 134160359 4269798398 2122317823 3221225472 
8
33554433 0 16777216 0 0 
4294963711 134160359 4269798398 2122317823 3221225472 
8
33554433 0 4194304 0 0 
4294963711 134160359 4269798398 2122317823 3221225472 
8
33554433 0 2097152 0 0 
4294963711 134160359 4269798398 2122317823 3221225472 
8
33554433 0 1048576 0 0 
4294963711 134160359 4269798398 2122317823 3221225472 
8
33554433 0 524288 0 0 
4294963711 134160359 4269798398 2122317823 3221225472 
8
33554433 0 262144 0 0 
4294963711 134160359 4269798398 2122317823 3221225472 
8
33554433 0 131072 0 0 
4294963711 134160359 4269798398 2122317823 3221225472 
8
33554433 0 65536 0 0 
4294963711 134160359 4269798398 2122317823 3221225472 
8
33554433 0 32768 0 0 
4294963711 134160359 4269798398 2122317823 3221225472 
8
33554433 0 16384 0 0 
4294963711 134160359 4269798398 2122317823 3221225472 
8
33554433 0 8192 0 0 
4294963711 134160359 4269798398 2122317823 3221225472 
8
33554433 0 4096 0 0 
4294963711 134160359 4269798398 2122317823 3221225472 
8
33554433 0 2048 0 0 
4294963711 134160359 4269798398 2122317823 3221225472 
8
33554433 0 256 0 0 
4294963711 134160359 4269798398 2122317823 3221225472 
8
33554433 0 128 0 0 
4294963711 134160359 4269798398 2122317823 3221225472 
8
33554433 0 64 0 0 
4294963711 134160359 4269798398 2122317823 3221225472 
8
33554433 0 32 0 0 
4294963711 134160359 4269798398 2122317823 3221225472 
8
33554433 0 16 0 0 
4294963711 134160359 4269798398 2122317823 3221225472 
8
33554433 0 8 0 0 
4294963711 134160359 4269798398 2122317823 3221225472 
8
33554433 0 4 0 0 
4294963711 134160359 4269798398 2122317823 3221225472 
8
33554433 0 2 0 0 
4294963711 134160359 4269798398 2122317823 3221225472 
8
33554433 0 1 0 0 
4294963711 134160359 4269798398 2122317823 3221225472 
8
33554433 0 0 1073741824 0 
4294963711 134160359 4269798398 2122317823 3221225472 
8
33554433 0 0 536870912 0 
4294963711 134160359 4269798398 2122317823 3221225472 
8
33554433 0 0 134217728 0 
4294963711 134160359 4269798398 2122317823 3221225472 
8
33554433 0 0 67108864 0 
4294963711 134160359 4269798398 2122317823 3221225472 
8
33554433 0 0 2097152 0 
4294963711 134160359 4269798398 2122317823 3221225472 
8
33554433 0 0 1048576 0 
4294963711 134160359 4269798398 2122317823 3221225472 
8
33554433 0 0 524288 0 
4294963711 134160359 4269798398 2122317823 3221225472 
8
33554433 0 0 262144 0 
4294963711 134160359 4269798398 2122317823 3221225472 
8
33554433 0 0 65536 0 
4294963711 134160359 4269798398 2122317823 3221225472 
8
33554433 0 0 16384 0 
4294963711 134160359 4269798398 2122317823 3221225472 
8
33554433 0 0 8192 0 
4294963711 134160359 4269798398 2122317823 3221225472 
8
33554433 0 0 4096 0 
4294963711 134160359 4269798398 2122317823 3221225472 
8
33554433 0 0 2048 0 
4294963711 134160359 4269798398 2122317823 3221225472 
8
33554433 0 0 1024 0 
4294963711 134160359 4269798398 2122317819 2147483648 
8
33554433 0 0 512 0 
4294963711 134160359 4269798398 2122317823 3221225472 
8
33554433 0 0 256 0 
4294963711 134160359 4269798398 2122317823 3221225472 
8
33554433 0 0 128 0 
4294963711 134160359 4269798398 2122317823 3221225472 
8
20971521 0 0 0 0 
4294963711 134160359 4269798398 2122317823 3221225472 
8
18874369 0 0 0 0 
4294963711 134160359 4269798398 2122317823 3221225472 
8
17825793 0 0 0 0 
4294963711 134160359 4269798398 2122317823 3221225472 
8
17301505 0 0 0 0 
4294963711 134160359 4269798398 2122317823 3221225472 
8
17039361 0 0 0 0 
4294963711 134160359 4269798398 2122317823 3221225472 
8
16908289 0 0 0 0 
4294963711 134160359 4269798398 2122317823 3221225472 
8
16842753 0 0 0 0 
4294963711 134160359 4269798398 2122317823 3221225472 
8
16809985 0 0 0 0 
4294963711 134160359 4269798398 2122317823 3221225472 
8
16777473 0 0 0 0 
4294963711 134160359 4269798398 2122317823 3221225472 
8
16777345 0 0 0 0 
4294963711 134160359 4269798398 2122317823 3221225472 
8
16777281 0 0 0 0 
4294963711 134160359 4269798398 2122317823 3221225472 
8
16777249 0 0 0 0 
4294963711 134160359 4269798398 2122317823 3221225472 
8
16777233 0 0 0 0 
4294963711 134160359 4269798398 2122317823 3221225472 
8
16777225 0 0 0 0 
4294963711 134160359 4269798398 2122317823 3221225472 
8
16777221 0 0 0 0 
4294963711 134160359 4269798398 2122317823 3221225472 
8
16777219 0 0 0 0 
12291 0 0 0 0 
8
16777217 268435456 0 0 0 
4294963711 134160359 4269798398 2122317823 3221225472 
8
16777217 67108864 0 0 0 
4294963711 134160359 4269798398 2122317823 3221225472 
8
16777217 33554432 0 0 0 
4294963711 134160359 4269798398 2122317823 3221225472 
8
16777217 16777216 0 0 0 
4294963711 134160359 4269798398 2122317823 3221225472 
8
16777217 8388608 0 0 0 
4294963711 134160359 4269798398 2122317823 3221225472 
8
16777217 4194304 0 0 0 
4294963711 134160359 4269798398 2122317823 3221225472 
8
16777217 2097152 0 0 0 
4294963711 134160359 4269798398 2122317823 3221225472 
8
16777217 1048576 0 0 0 
4294963711 134160359 4269798398 2122317823 3221225472 
8
16777217 131072 0 0 0 
4294963711 134160359 4269798398 2122317823 3221225472 
8
16777217 16384 0 0 0 
4294963711 134160359 4269798398 2122317823 3221225472 
8
16777217 2048 0 0 0 
4294963711 134160359 4269798398 2122317823 3221225472 
8
16777217 1024 0 0 0 
4294963711 134160359 4269798398 2122317823 3221225472 
8
16777217 512 0 0 0 
4294963711 134160359 4269798398 2122317823 3221225472 
8
16777217 128 0 0 0 
4294963711 134160359 4269798398 2122317823 3221225472 
8
16777217 64 0 0 0 
4294963711 134160359 4269798398 2122317823 3221225472 
8
16777217 16 0 0 0 
4294963711 134160359 4269798398 2122317823 3221225472 
8
16777217 4 0 0 0 
4294963711 134160359 4269798398 2122317823 3221225472 
8
16777217 2 0 0 0 
4294963711 134160359 4269798398 2122317823 3221225472 
8
16777217 1 0 0 0 
4294963711 134160359 4269798398 2122317823 3221225472 
8
16777217 0 134217728 0 0 
4294963711 134160359 4269798398 2122317823 3221225472 
8
16777217 0 67108864 0 0 
4294963711 134160359 4269798398 2122317823 3221225472 
8
16777217 0 16777216 0 0 
4294963711 134160359 4269798398 2122317823 3221225472 
8
16777217 0 4194304 0 0 
4294963711 134160359 4269798398 2122317823 3221225472 
8
16777217 0 2097152 0 0 
4294963711 134160359 4269798398 2122317823 3221225472 
8
16777217 0 1048576 0 0 
4294963711 134160359 4269798398 2122317823 3221225472 
8
16777217 0 524288 0 0 
4294963711 134160359 4269798398 2122317823 3221225472 
8
16777217 0 262144 0 0 
4294963711 134160359 4269798398 2122317823 3221225472 
8
16777217 0 131072 0 0 
4294963711 134160359 4269798398 2122317823 3221225472 
8
16777217 0 65536 0 0 
4294963711 134160359 4269798398 2122317823 3221225472 
8
16777217 0 32768 0 0 
4294963711 134160359 4269798398 2122317823 3221225472 
8
16777217 0 16384 0 0 
4294963711 134160359 4269798398 2122317823 3221225472 
8
16777217 0 8192 0 0 
4294963711 134160359 4269798398 2122317823 3221225472 
8
16777217 0 4096 0 0 
4294963711 134160359 4269798398 2122317823 3221225472 
8
16777217 0 2048 0 0 
4294963711 134160359 4269798398 2122317823 3221225472 
8
16777217 0 256 0 0 
4294963711 134160359 4269798398 2122317823 3221225472 
8
16777217 0 128 0 0 
4294963711 134160359 4269798398 2122317823 3221225472 
8
16777217 0 64 0 0 
4294963711 134160359 4269798398 2122317823 3221225472 
8
16777217 0 32 0 0 
4294963711 134160359 4269798398 2122317823 3221225472 
8
16777217 0 16 0 0 
4294963711 134160359 4269798398 2122317823 3221225472 
8
16777217 0 8 0 0 
4294963711 134160359 4269798398 2122317823 3221225472 
8
16777217 0 4 0 0 
4294963711 134160359 4269798398 2122317823 3221225472 
8
16777217 0 2 0 0 
4294963711 134160359 4269798398 2122317823 3221225472 
8
16777217 0 1 0 0 
4294963711 134160359 4269798398 2122317823 3221225472 
8
16777217 0 0 1073741824 0 
4294963711 134160359 4269798398 2122317823 3221225472 
8
16777217 0 0 536870912 0 
4294963711 134160359 4269798398 2122317823 3221225472 
8
16777217 0 0 134217728 0 
4294963711 134160359 4269798398 2122317823 3221225472 
8
16777217 0 0 67108864 0 
4294963711 134160359 4269798398 2122317823 3221225472 
8
16777217 0 0 2097152 0 
4294963711 134160359 4269798398 2122317823 3221225472 
8
16777217 0 0 1048576 0 
4294963711 134160359 4269798398 2122317823 3221225472 
8
16777217 0 0 524288 0 
4294963711 134160359 4269798398 2122317823 3221225472 
8
16777217 0 0 262144 0 
4294963711 134160359 4269798398 2122317823 3221225472 
8
16777217 0 0 65536 0 
4294963711 134160359 4269798398 2122317823 3221225472 
8
16777217 0 0 16384 0 
4294963711 134160359 4269798398 2122317823 3221225472 
8
16777217 0 0 8192 0 
4294963711 134160359 4269798398 2122317823 3221225472 
8
16777217 0 0 4096 0 
4294963711 134160359 4269798398 2122317823 3221225472 
8
16777217 0 0 2048 0 
4294963711 134160359 4269798398 2122317823 3221225472 
8
16777217 0 0 1024 0 
4294963711 134160359 4269798398 2122317819 2147483648 
8
16777217 0 0 512 0 
4294963711 134160359 4269798398 2122317823 3221225472 
8
16777217 0 0 256 0 
4294963711 134160359 4269798398 2122317823 3221225472 
8
16777217 0 0 128 0 
4294963711 134160359 4269798398 2122317823 3221225472 
8
786433 0 0 0 0 
4294963711 134160359 4269798398 2122317823 3221225472 
8
9 128 0 0 0 
4294951416 133701351 4269798398 2122317823 3221225472 
8
5 128 0 0 0 
4294951420 133701351 4269798398 2122317823 3221225472 
8
3 128 0 0 0 
12291 0 0 0 0 
8
1 131200 0 0 0 
4294963711 134094567 4269798398 2122317823 3221225472 
8
1 128 134217728 0 0 
4294963711 134160359 4269798398 2122317823 3221225472 
8
1 128 67108864 0 0 
0 224 100663296 0 0 
8
1 0 786432 0 0 
4294963711 134160359 4269798398 2122317823 3221225472 
8
1 0 393216 0 0 
4294963711 134160359 4269798398 2122317823 3221225472 
8
1 0 196608 0 0 
4294963711 134160359 4269798398 2122317823 3221225472 
8
1 0 163840 0 0 
4294963711 134160359 2390684670 2122317823 3221225472 
8
1 0 98304 0 0 
4294963711 134160359 4269798398 2122317823 3221225472 
8
1 0 49152 0 0 
4294963711 134160359 4269798398 2122317823 3221225472 
8
1 0 40960 0 0 
4294963711 134160359 4269782014 2122317823 3221225472 
8
1 0 24576 0 0 
4294963711 134160359 4269798398 2122317823 3221225472 
8
1 0 128 1073741824 0 
4294963711 134160359 4269798398 2122317823 3221225472 
8
1 0 128 2097152 0 
4294963711 134160359 4269798398 1048575999 3221225472 
8
1 0 4 67108864 0 
4294963711 134160359 4269798398 2122317823 3221225472 
8
1 0 0 1075838976 0 
4294963711 134160359 4269798398 2122317823 3221225472 
8
1 0 0 67174400 0 
4294963711 134160359 4269798398 2122317823 3221225472 
8
1 0 0 67109888 0 
4294963711 134160359 4269798398 2122251320 0 
8
1 0 0 67109376 0 
4294963711 134160359 4269798398 2122251836 1073741824 
8
1 0 0 67109120 0 
4294963711 134160359 4269798398 2122252092 1073741824 
8
1 0 0 2113536 0 
0 0 0 6340608 0 
8
1 0 0 65792 0 
4294963711 134160359 4269798398 2122317628 1073741824 
8
0 2147483648 40960 0 0 
4294963711 2281644007 4269782014 2122317823 3221225472 
8
0 2147483648 24576 0 0 
4294963711 2281644007 4269798398 2122317823 3221225472 
8
0 131200 134217728 0 0 
4294967295 4294967039 4294967295 4294967295 3221225472 
8
0 0 0 67175424 0 
4294967295 4294967295 4294967295 4294900792 0 
8
0 0 0 329728 0 
4294967295 4294967295 4294967295 4294834232 0 
8
2147483648 0 40960 0 0 
4294967295 4294967295 4294950911 4294967295 3221225472 
6
2147483648 0 24576 0 0 
4294967295 4294967295 4294967295 4294967295 3221225472 
6
4194305 67108864 0 0 0 
4294963711 134160359 4269798398 2122317823 3221225472 
6
257 67108864 0 0 0 
4294963711 134160359 4269798398 2122317823 3221225472 
6
8 128 134217728 0 0 
4294951416 133701351 4269798398 2122317823 3221225472 
6
0 1073741824 40960 0 0 
4294963711 3355385831 4269782014 2122317823 3221225472 
6
0 1073741824 24576 0 0 
4294963711 3355385831 4269798398 2122317823 3221225472 
6
0 128 201326592 0 0 
0 224 100663296 0 0 
6
0 64 201326592 0 0 
0 96 100663296 0 0 
6
0 0 8 67109888 0 
4294967295 4294967295 4294967295 3892247608 0 
6
0 0 2 67109888 0 
4294967295 4294967295 4294967295 4261346360 0 
6
0 0 0 201327616 0 
4294967295 4294967295 4294967295 4294900792 0 
6
0 0 0 67174912 0 
4294967295 4294967295 4294967295 4294901308 1073741824 
6
25 0 0 0 0 
4294963711 134160359 4269798398 2122317823 3221225472 
4
8 1536 0 0 0 
4294951416 133701120 0 0 0 
4
4 805306368 0 0 0 
3584 939581464 25168897 2172649472 0 
4
4 128 134217728 0 0 
4294951420 133701351 4269798398 2122317823 3221225472 
4
0 805306384 0 0 0 
3584 939581464 25168897 2172649472 0 
4
0 536870912 40960 0 0 
4294963711 3892256743 4269782014 2122317823 3221225472 
4
0 536870912 24576 0 0 
4294963711 3892256743 4269798398 2122317823 3221225472 
4
0 128 134221824 0 0 
0 224 234885120 0 0 
4
0 128 67112960 0 0 
0 224 100663296 0 0 
4
0 0 917504 0 0 
4294967295 4294967295 4294967295 4294967295 3221225472 
4
0 0 393216 536870912 0 
4294967295 4294967295 4294967295 4294967295 3221225472 
4
0 0 229376 0 0 
0 0 1879277568 0 0 
4
0 0 196608 536870912 0 
4294967295 4294967295 4294967295 4294967295 3221225472 
4
0 0 180224 0 0 
4294967295 4294967295 2415853567 4294967295 3221225472 
4
0 0 163856 0 0 
4294967295 4294967295 2415853567 4294967295 3221225472 
4
0 0 163840 536870912 0 
4294967295 4294967295 2415853567 4294967295 3221225472 
4
0 0 128 1075838976 0 
4294967295 4294967295 4294967295 3221225471 3221225472 
4
0 0 16 1073807360 0 
4294967295 4294967295 4294967295 3749773312 0 
4
0 0 16 1073741952 0 
4294967295 4294967295 4294967295 3749773440 0 
4
0 0 8 67109376 0 
4294967295 4294967295 4294967295 3892248124 1073741824 
4
0 0 2 67109376 0 
4294967295 4294967295 4294967295 4261346876 1073741824 
4
0 0 0 1610678272 0 
4294967295 4294967295 4294967295 4286644224 0 
4
0 0 0 1610612864 0 
4294967295 4294967295 4294967295 4286644352 0 
4
0 0 0 1076363264 0 
4294967295 4294967295 4294967295 4294967295 3221225472 
4
0 0 0 201327104 0 
4294967295 4294967295 4294967295 4294901308 1073741824 
4
0 0 0 67174656 0 
4294967295 4294967295 4294967295 4294901564 1073741824 
4
0 0 0 1060864 0 
4294967295 4294967295 4294967295 4294967295 3221225472 
4
2147483656 128 0 0 0 
4294951416 133701351 4269798398 2122317823 3221225472 
2
2147483652 128 0 0 0 
4294951420 133701351 4269798398 2122317823 3221225472 
2
67108864 0 40960 0 0 
4294967295 4294967295 4294950911 4294967295 3221225472 
2
67108864 0 24576 0 0 
4294967295 4294967295 4294967295 4294967295 3221225472 
2
33554432 0 40960 0 0 
4294967295 4294967295 4294950911 4294967295 3221225472 
2
33554432 0 24576 0 0 
4294967295 4294967295 4294967295 4294967295 3221225472 
2
16777216 0 40960 0 0 
4294967295 4294967295 4294950911 4294967295 3221225472 
2
16777216 0 24576 0 0 
4294967295 4294967295 4294967295 4294967295 3221225472 
2
4194312 128 0 0 0 
4294951416 133701351 4269798398 2122317823 3221225472 
2
4194308 128 0 0 0 
4294951420 133701351 4269798398 2122317823 3221225472 
2
4194304 0 40960 0 0 
4294967295 4294967295 4294950911 4294967295 3221225472 
2
4194304 0 24576 0 0 
4294967295 4294967295 4294967295 4294967295 3221225472 
2
131072 0 40960 0 0 
4294967295 4294967295 4294950911 4294967295 3221225472 
2
131072 0 24576 0 0 
4294967295 4294967295 4294967295 4294967295 3221225472 
2
65536 0 40960 0 0 
4294967295 4294967295 4294950911 4294967295 3221225472 
2
65536 0 24576 0 0 
4294967295 4294967295 4294967295 4294967295 3221225472 
2
32768 0 40960 0 0 
4294967295 4294967295 4294950911 4294967295 3221225472 
2
32768 0 24576 0 0 
4294967295 4294967295 4294967295 4294967295 3221225472 
2
16384 0 40960 0 0 
4294967295 4294967295 4294950911 4294967295 3221225472 
2
16384 0 24576 0 0 
4294967295 4294967295 4294967295 4294967295 3221225472 
2
264 128 0 0 0 
4294951416 133701351 4269798398 2122317823 3221225472 
2
260 128 0 0 0 
4294951420 133701351 4269798398 2122317823 3221225472 
2
256 0 40960 0 0 
4294967295 4294967295 4294950911 4294967295 3221225472 
2
256 0 24576 0 0 
4294967295 4294967295 4294967295 4294967295 3221225472 
2
64 0 40960 0 0 
4294967295 4294967295 4294950911 4294967295 3221225472 
2
64 0 24576 0 0 
4294967295 4294967295 4294967295 4294967295 3221225472 
2
32 0 40960 0 0 
4294967295 4294967295 4294950911 4294967295 3221225472 
2
32 0 24576 0 0 
4294967295 4294967295 4294967295 4294967295 3221225472 
2
16 0 40960 0 0 
4294967295 4294967295 4294950911 4294967295 3221225472 
2
16 0 24576 0 0 
4294967295 4294967295 4294967295 4294967295 3221225472 
2
8 67108992 0 0 0 
4294951416 133701351 4269798398 2122317823 3221225472 
2
8 4224 0 0 0 
4294951416 133701351 4269798398 2122317823 3221225472 
2
8 1025 0 0 0 
4294951416 133701121 0 0 0 
2
8 516 0 0 0 
4294951416 133701124 0 0 0 
2
8 64 134217728 0 0 
4294951416 133701223 4269798398 2122317823 3221225472 
2
8 64 67108864 0 0 
0 96 100663296 0 0 
2
8 5 0 0 0 
4294951416 133701125 0 0 0 
2
8 0 524416 0 0 
4294951416 133701127 2155348864 0 0 
2
8 0 131072 1024 0 
4294951416 133701127 2155742192 1618934840 0 
2
8 0 131072 512 0 
4294951416 133701127 2155742192 1618935356 1073741824 
2
8 0 131072 256 0 
4294951416 133701127 2155742192 1618935612 1073741824 
2
8 0 40960 0 0 
4294967295 4294967295 4294950911 4294967295 3221225472 
2
8 0 32768 1024 0 
4294951416 133701127 4034888688 1618934840 0 
2
8 0 32768 512 0 
4294951416 133701127 4034888688 1618935356 1073741824 
2
8 0 32768 256 0 
4294951416 133701127 4034888688 1618935612 1073741824 
2
8 0 24576 0 0 
4294967295 4294967295 4294967295 4294967295 3221225472 
2
4 67108992 0 0 0 
4294951420 133701351 4269798398 2122317823 3221225472 
2
4 4224 0 0 0 
4294951420 133701351 4269798398 2122317823 3221225472 
2
4 1536 0 0 0 
4294951420 133701120 0 0 0 
2
4 1025 0 0 0 
4294951420 133701121 0 0 0 
2
4 516 0 0 0 
4294951420 133701124 0 0 0 
2
4 64 134217728 0 0 
4294951420 133701223 4269798398 2122317823 3221225472 
2
4 64 67108864 0 0 
0 96 100663296 0 0 
2
4 5 0 0 0 
4294951420 133701125 0 0 0 
2
4 0 524416 0 0 
4294951420 133701127 2155348864 0 0 
2
4 0 131072 1024 0 
4294951420 133701127 2155742192 1618934840 0 
2
4 0 131072 512 0 
4294951420 133701127 2155742192 1618935356 1073741824 
2
4 0 131072 256 0 
4294951420 133701127 2155742192 1618935612 1073741824 
2
4 0 40960 0 0 
4294967295 4294967295 4294950911 4294967295 3221225472 
2
4 0 32768 1024 0 
4294951420 133701127 4034888688 1618934840 0 
2
4 0 32768 512 0 
4294951420 133701127 4034888688 1618935356 1073741824 
2
4 0 32768 256 0 
4294951420 133701127 4034888688 1618935612 1073741824 
2
4 0 24576 0 0 
4294967295 4294967295 4294967295 4294967295 3221225472 
2
2 0 40960 0 0 
4294967295 4294967295 4294950911 4294967295 3221225472 
2
2 0 24576 0 0 
4294967295 4294967295 4294967295 4294967295 3221225472 
2
1 0 40960 0 0 
3585 4160806936 25168897 2172649472 0 
2
1 0 24576 0 0 
3585 4160806936 25168897 2172649472 0 
2
0 2147483648 40960 0 0 
3584 4160806936 25168897 2172649472 0 
2
0 2147483648 24576 0 0 
3584 4160806936 25168897 2172649472 0 
2
0 1073741824 40960 0 0 
3584 2013323288 25168897 2172649472 0 
2
0 1073741824 24576 0 0 
3584 2013323288 25168897 2172649472 0 
2
0 536870912 40960 0 0 
3584 939581464 25168897 2172649472 0 
2
0 536870912 24576 0 0 
3584 939581464 25168897 2172649472 0 
2
0 268435456 40960 0 0 
4294967295 4294967295 4294950911 4294967295 3221225472 
2
0 268435456 24576 0 0 
4294967295 4294967295 4294967295 4294967295 3221225472 
2
0 67108864 40960 0 0 
4294967295 4294967295 4294950911 4294967295 3221225472 
2
0 67108864 24576 0 0 
4294967295 4294967295 4294967295 4294967295 3221225472 
2
0 131072 40960 0 0 
4294967295 4294967295 4294950911 4294967295 3221225472 
2
0 131072 24576 0 0 
4294967295 4294967295 4294967295 4294967295 3221225472 
2
0 65536 40960 0 0 
4294967295 4294967295 4294950911 4294967295 3221225472 
2
0 65536 24576 0 0 
4294967295 4294967295 4294967295 4294967295 3221225472 
2
0 16384 40960 0 0 
4294967295 4294967295 4294950911 4294967295 3221225472 
2
0 16384 24576 0 0 
4294967295 4294967295 4294967295 4294967295 3221225472 
2
0 4096 40960 0 0 
4294967295 4294967295 4294950911 4294967295 3221225472 
2
0 4096 24576 0 0 
4294967295 4294967295 4294967295 4294967295 3221225472 
2
0 128 40960 0 0 
4294967295 4294967295 4294950911 4294967295 3221225472 
2
0 128 24576 0 0 
4294967295 4294967295 4294967295 4294967295 3221225472 
2
0 64 134221824 0 0 
0 96 234885120 0 0 
2
0 64 67112960 0 0 
0 96 100663296 0 0 
2
0 64 40960 0 0 
4294967295 4294967295 4294950911 4294967295 3221225472 
2
0 64 24576 0 0 
4294967295 4294967295 4294967295 4294967295 3221225472 
2
0 16 40960 0 0 
4294967295 4294967295 4294950911 4294967295 3221225472 
2
0 16 24576 0 0 
4294967295 4294967295 4294967295 4294967295 3221225472 
2
0 0 134258688 0 0 
4294967295 4294967295 4294950911 4294967295 3221225472 
2
0 0 67149824 0 0 
4294967295 4294967295 4294950911 4294967295 3221225472 
2
0 0 67133440 0 0 
4294967295 4294967295 4294967295 4294967295 3221225472 
2
0 0 16818176 0 0 
4294967295 4294967295 4294950911 4294967295 3221225472 
2
0 0 16801792 0 0 
4294967295 4294967295 4294967295 4294967295 3221225472 
2
0 0 1572992 0 0 
4294967295 4294967295 4294967295 4294967295 3221225472 
2
0 0 688128 0 0 
0 0 1879277568 0 0 
2
0 0 147464 0 0 
4294967295 4294967295 2415820799 4294967295 3221225472 
2
0 0 147456 134217728 0 
4294967295 4294967295 2415820791 4026531839 3221225472 
2
0 0 45056 0 0 
4294967295 4294967295 4294950911 4294967295 3221225472 
2
0 0 43008 0 0 
4294967295 4294967295 4294950911 4294967295 3221225472 
2
0 0 40964 0 0 
4294967295 4294967295 4294950911 4294967295 3221225472 
2
0 0 40962 0 0 
4294967295 4294967295 4294950911 4294967295 3221225472 
2
0 0 40961 0 0 
4294967295 4294967295 4294950911 4294967295 3221225472 
2
0 0 28672 0 0 
4294967295 4294967295 4294967295 4294967295 3221225472 
2
0 0 26624 0 0 
4294967295 4294967295 4294967295 4294967295 3221225472 
2
0 0 24578 0 0 
4294967295 4294967295 4294967295 4294967295 3221225472 
2
0 0 24577 0 0 
4294967295 4294967295 4294967295 4294967295 3221225472 
2
0 0 144 67108864 0 
4294967295 4294967295 4294967295 2675965952 0 
2
0 0 144 65536 0 
4294967295 4294967295 4294967295 2676031488 0 
2
0 0 144 128 0 
4294967295 4294967295 4294967295 2676031616 0 
2
0 0 128 603979776 0 
4294967295 4294967295 4294967295 3212836864 0 
2
0 0 128 536936448 0 
4294967295 4294967295 4294967295 3212902400 0 
2
0 0 128 536871040 0 
4294967295 4294967295 4294967295 3212902528 0 
2
0 0 128 67371008 0 
4294967295 4294967295 4294967295 3213099008 0 
2
0 0 128 1064960 0 
4294967295 4294967295 4294967295 3214901247 3221225472 
2
0 0 128 327680 0 
4294967295 4294967295 4294967295 3213164544 0 
2
0 0 128 262272 0 
4294967295 4294967295 4294967295 3213164672 0 
2
0 0 16 1140850688 0 
4294967295 4294967295 4294967295 3749707776 0 
2
0 0 16 69206016 0 
4294967295 4294967295 4294967295 3751804928 0 
2
0 0 16 2162688 0 
4294967295 4294967295 4294967295 3751870464 0 
2
0 0 16 2097280 0 
4294967295 4294967295 4294967295 3751870592 0 
2
0 0 0 1677721600 0 
4294967295 4294967295 4294967295 4286578688 0 
2
0 0 0 1141112832 0 
4294967295 4294967295 4294967295 4286840832 0 
2
0 0 0 1074069504 0 
4294967295 4294967295 4294967295 4286906368 0 
2
0 0 0 1074004096 0 
4294967295 4294967295 4294967295 4286906496 0 
2
0 0 0 606076928 0 
4294967295 4294967295 4294967295 4288675840 0 
2
0 0 0 539033600 0 
4294967295 4294967295 4294967295 4288741376 0 
2
0 0 0 538968192 0 
4294967295 4294967295 4294967295 4288741504 0 
2
0 0 0 69468160 0 
4294967295 4294967295 4294967295 4288937984 0 
2
0 0 0 67373056 0 
4294967295 4294967295 4294967295 4294768696 0 
2
0 0 0 67109248 0 
0 0 0 451 2147483648 
2
0 0 0 2424832 0 
4294967295 4294967295 4294967295 4289003520 0 
2
0 0 0 2359424 0 
4294967295 4294967295 4294967295 4289003648 0 
2
0 0 0 536576 0 
4294967295 4294967295 4294967295 4294967295 3221225472 
2
