4
0 1 2 3 
926
524288 0 0 0 
1073741823 4294967295 4294967295 4294967264 
2147483647
512 0 0 0 
4279238655 4294967295 4294967295 4294967264 
2147483647
0 268435456 0 0 
4294966911 4093640703 4294967295 4294967264 
2147483647
0 134217728 0 0 
4294966911 4227858431 4294967295 4294967264 
2147483647
0 16 0 0 
4294967295 4294967295 4278190079 4294967264 
2147483647
0 0 2048 0 
4294967295 4294967295 4261411839 4294967264 
2147483647
0 0 1 0 
4294967295 4294967295 4261409791 4294967264 
2147483647
262208 0 0 0 
1073217535 4294967295 4294967295 4294967264 
2147483647
196608 0 0 0 
3489660927 4294967295 4294967295 4294967264 
2147483647
40960 0 0 0 
4294950911 4294967295 4294967295 4294967264 
2147483647
36864 0 0 0 
4043282431 4294967295 4294967295 4294967264 
2147483647
20480 0 0 0 
4043298815 4294967295 4294967295 4294967264 
2147483647
12288 0 0 0 
4043307007 4294967295 4294967295 4294967264 
2147483647
512 2147483648 0 0 
15729152 0 0 0 
2147483647
1 2147483648 0 0 
4279237119 4294967295 4294967295 4294967264 
2147483647
0 1342177280 0 0 
384 469762048 0 0 
2147483647
0 1207959552 0 0 
384 201326592 0 0 
2147483647
0 671088640 0 0 
384 201326592 0 0 
2147483647
0 536872960 0 0 
4294966911 3825205247 4294967295 4294967264 
2147483647
0 16777216 262144 0 
4294967295 4261411839 3220701183 4294967264 
2147483647
0 327680 0 0 
4294967295 4294836223 4294967295 4294967264 
2147483647
0 49152 0 0 
4294967295 4294967271 4278190079 4294967264 
2147483647
0 32 4096 0 
4294967295 4294967295 4227858431 4294967264 
2147483647
0 0 393216 0 
4294967295 4294967295 4294967295 4294967264 
2147483647
0 0 196608 0 
4294967295 4294967295 4294967295 4294967264 
2147483647
0 0 81920 0 
4294967295 4294967295 4294934527 4294967264 
2147483647
0 0 1 1048576 
0 0 33557505 0 
2147483647
0 0 1 524288 
0 0 33557505 0 
2147483647
0 0 1 262144 
0 0 33557505 0 
2147483647
0 0 0 6291456 
4294967295 4294967295 4294967295 4294966752 
2147483647
0 0 0 3145728 
4294967295 4294967295 4294967295 4294966752 
2147483647
0 0 0 1572864 
4294967295 4294967295 4294967295 4294967264 
2147483647
0 0 0 786432 
4294967295 4294967295 4294967295 4294967264 
2147483647
32772 0 0 0 
4043278335 4294967295 4294967295 4294967264 
6
16388 0 0 0 
4043294719 4294967295 4294967295 4294967264 
4
8196 0 0 0 
4043302911 4294967295 4294967295 4294967264 
4
4100 0 0 0 
4294967295 4294967295 4294967295 4294967264 
4
0 0 32 4194304 
4294967295 4294967295 4294967295 4034855904 
4
0 0 0 71303168 
4294967295 4294967295 4294967295 4101964768 
4
12288 0 0 0 
251672576 0 0 0 
2
8196 0 0 0 
251672580 0 0 0 
2
8192 262144 0 0 
251672580 262144 0 0 
2
0 262144 0 524288 
15730563 4228380703 2179990464 4027515360 
2
0 131072 0 524288 
15730563 4228118559 2179990464 4027515360 
2
0 98304 0 0 
4294967295 4294967295 4294967295 4294967264 
2
0 65536 0 524288 
15730563 4227987487 2179990464 4027515360 
2
0 49152 0 0 
0 49176 16777216 0 
2
0 24576 0 0 
4294967295 4294967295 4294967295 4294967264 
2
0 0 4100 0 
4294967295 4294967295 4294967295 4294967264 
2
0 0 32 8388608 
4294967295 4294967295 4294967295 4043244512 
2
0 0 0 75497472 
4294967295 4294967295 4294967295 4110353376 
2
917504 0 0 0 
3221749760 0 0 0 
2147483647
851968 0 0 0 
3221749760 0 0 0 
2147483647
524288 8388608 262144 0 
3221749760 0 0 0 
2147483647
393280 0 0 0 
3222011968 0 0 0 
2147483647
393216 16777216 0 0 
3222011968 16777216 0 0 
2147483647
393216 0 64 0 
4294967295 4294967295 4294967295 4294967264 
2147483647
327744 0 0 0 
3222011968 0 0 0 
2147483647
327712 0 0 0 
3489529855 4294967295 4294967295 4294967264 
2147483647
327680 16777216 0 0 
3222011968 16777216 0 0 
2147483647
262144 8388608 262144 0 
1073217471 4244634623 3220701183 4294967264 
2147483647
196608 0 64 0 
805502976 0 0 0 
2147483647
167936 0 0 0 
251721728 0 0 0 
2147483647
163844 0 0 0 
251721732 0 0 0 
2147483647
163840 262144 0 0 
251721732 262144 0 0 
2147483647
151552 0 0 0 
251688960 0 0 0 
2147483647
147460 0 0 0 
251688964 0 0 0 
2147483647
147456 262144 0 0 
251688964 262144 0 0 
2147483647
143360 0 0 0 
251672576 0 0 0 
2147483647
139268 0 0 0 
251672580 0 0 0 
2147483647
139264 262144 0 0 
251672580 262144 0 0 
2147483647
131168 0 0 0 
1072955391 4294967295 4294967295 4294967264 
2147483647
131136 0 64 0 
1072955391 4294967295 4294967295 4294967264 
2147483647
102400 0 0 0 
251721728 0 0 0 
2147483647
98308 0 0 0 
251721732 0 0 0 
2147483647
98304 262144 0 0 
251721732 262144 0 0 
2147483647
98304 0 64 0 
4294967295 4294967295 4294967295 4294967264 
2147483647
86016 0 0 0 
251688960 0 0 0 
2147483647
81924 0 0 0 
251688964 0 0 0 
2147483647
81920 262144 0 0 
251688964 262144 0 0 
2147483647
77824 0 0 0 
251672576 0 0 0 
2147483647
73732 0 0 0 
251672580 0 0 0 
2147483647
73728 262144 0 0 
251672580 262144 0 0 
2147483647
65632 0 0 0 
267517951 4294967295 4294967295 4294967264 
2147483647
36864 0 64 0 
251721728 0 0 0 
2147483647
32772 0 64 0 
4043278335 4294967295 4294967295 4294967264 
2147483647
32772 0 64 0 
251721732 0 0 0 
2147483647
32768 262144 64 0 
251721732 262144 0 0 
2147483647
20480 0 64 0 
251688960 0 0 0 
2147483647
16388 0 64 0 
4043294719 4294967295 4294967295 4294967264 
2147483647
16388 0 64 0 
251688964 0 0 0 
2147483647
16384 262144 64 0 
251688964 262144 0 0 
2147483647
12288 0 64 0 
251672576 0 0 0 
2147483647
8196 0 64 0 
4043302911 4294967295 4294967295 4294967264 
2147483647
8196 0 64 0 
251672580 0 0 0 
2147483647
8192 262144 64 0 
251672580 262144 0 0 
2147483647
4100 0 64 0 
4294967295 4294967295 4294967295 4294967264 
2147483647
513 32768 0 0 
15729152 0 0 0 
2147483647
513 16384 0 0 
15729152 0 0 0 
2147483647
64 8388608 262144 0 
4294967295 4244634623 3220701183 4294967264 
2147483647
32 16777728 0 0 
4294967295 4282384383 4294967295 4294967264 
2147483647
32 8389120 0 0 
4294967295 4290772991 4294967295 4294967264 
2147483647
4 655360 0 0 
4294967295 4294705151 4294967295 4294967264 
2147483647
4 589824 0 0 
4294967295 4294574079 4294967295 4294967264 
2147483647
1 2147516416 0 0 
15730177 2147483648 0 0 
2147483647
1 2147500032 0 0 
15730177 2147483648 0 0 
2147483647
1 294912 0 0 
4294967293 4294770687 4294967295 4294967264 
2147483647
1 278528 0 0 
4294967293 4294737895 4278190079 4294967264 
2147483647
1 163840 0 0 
4294967293 4294901759 4294967295 4294967264 
2147483647
1 147456 0 0 
4294967293 4294868967 4278190079 4294967264 
2147483647
1 98304 0 0 
4294967293 4294967295 4294967295 4294967264 
2147483647
1 81920 0 0 
4294967293 4294934503 4278190079 4294967264 
2147483647
1 49152 0 0 
0 49176 16777216 0 
2147483647
0 2147778560 0 0 
4279237116 4294770687 4294967295 4294967264 
2147483647
0 2147762176 0 0 
4279237116 4294737895 4278190079 4294967264 
2147483647
0 2147647488 0 0 
4279237116 4294901759 4294967295 4294967264 
2147483647
0 2147631104 0 0 
4279237116 4294868967 4278190079 4294967264 
2147483647
0 2147581952 0 0 
4279237116 4294967295 4294967295 4294967264 
2147483647
0 2147565568 0 0 
4279237116 4294934503 4278190079 4294967264 
2147483647
0 2147532800 0 0 
0 49176 16777216 0 
2147483647
0 1073747968 0 0 
4294966911 3288334335 4294967295 4294967264 
2147483647
0 16777216 131104 0 
4294967295 4261411839 3220439023 4294967264 
2147483647
0 16777216 131072 67108864 
4294967295 4261411839 3220438991 4294967264 
2147483647
0 4194560 268435456 0 
4294967295 4294966783 4294967295 4294967264 
2147483647
0 2097344 0 0 
4294967295 4294967295 4294967295 4294967264 
2147483647
0 1310752 0 0 
4294967295 4294443007 4294967295 4294967264 
2147483647
0 262145 0 1073741824 
15730563 4228380703 32506816 1879048192 
2147483647
0 262144 2147483648 1073741824 
15730563 4228380703 2179990464 1879048192 
2147483647
0 262144 8388608 1073741824 
15730563 4228380703 2179990464 1879048192 
2147483647
0 262144 4194368 0 
15730563 4228380703 2171600960 0 
2147483647
0 262144 512 1073741824 
15730563 4228380703 2179990464 1879048192 
2147483647
0 262144 512 536870912 
15730563 4228380703 2179990464 805306368 
2147483647
0 262144 64 1073741824 
15730563 4228380703 2179990464 1879048192 
2147483647
0 131073 0 1073741824 
15730563 4228118559 32506816 1879048192 
2147483647
0 131072 2147483648 1073741824 
15730563 4228118559 2179990464 1879048192 
2147483647
0 131072 8388608 1073741824 
15730563 4228118559 2179990464 1879048192 
2147483647
0 131072 4194368 0 
15730563 4228118559 2171600960 0 
2147483647
0 131072 512 1073741824 
15730563 4228118559 2179990464 1879048192 
2147483647
0 131072 512 536870912 
15730563 4228118559 2179990464 805306368 
2147483647
0 131072 64 1073741824 
15730563 4228118559 2179990464 1879048192 
2147483647
0 65537 0 1073741824 
15730563 4227987487 32506816 1879048192 
2147483647
0 65536 2147483648 1073741824 
15730563 4227987487 2179990464 1879048192 
2147483647
0 65536 8388608 1073741824 
15730563 4227987487 2179990464 1879048192 
2147483647
0 65536 4194368 0 
15730563 4227987487 2171600960 0 
2147483647
0 65536 512 1073741824 
15730563 4227987487 2179990464 1879048192 
2147483647
0 65536 512 536870912 
15730563 4227987487 2179990464 805306368 
2147483647
0 65536 64 1073741824 
15730563 4227987487 2179990464 1879048192 
2147483647
0 512 163840 0 
4294967295 4294967295 3489595391 4294967264 
2147483647
0 512 147456 0 
4294967295 4294967295 3489562623 4294967264 
2147483647
0 1 0 1074266112 
0 0 0 3222208992 
2147483647
0 0 2147483648 1074266112 
0 0 0 3222208992 
2147483647
0 0 268599296 0 
4294967295 4294967295 3758030847 4294967264 
2147483647
0 0 268582912 0 
4294967295 4294967295 3757998079 4294967264 
2147483647
0 0 134291456 0 
4294967295 4294967295 4294918143 4294967264 
2147483647
0 0 134258688 0 
4294967295 4294967295 4294950911 4294967264 
2147483647
0 0 8388736 524288 
0 0 8389504 4027515360 
2147483647
0 0 8388608 1074266112 
0 0 0 3222208992 
2147483647
0 0 4194368 524288 
0 0 12583872 4027515360 
2147483647
0 0 1048576 1074266112 
0 0 0 3222208992 
2147483647
0 0 512 1074266112 
0 0 0 3222208992 
2147483647
0 0 512 537395200 
0 0 512 3759079904 
2147483647
0 0 64 1074266112 
0 0 0 3222208992 
2147483647
0 0 32 20971520 
4294967295 4294967295 4294967295 4034855904 
2147483647
0 0 8 10485760 
4294967295 4294967295 4294967295 4290772448 
2147483647
0 0 7 0 
0 0 33557505 0 
2147483647
0 0 6 524288 
0 0 33557507 524288 
2147483647
0 0 4 2621440 
4294967295 4294967295 4261409788 4293918176 
2147483647
0 0 2 2621440 
4294967295 4294967295 4261409790 4293918176 
2147483647
0 0 0 3221291008 
4294967295 4294967295 4294967295 4294967264 
2147483647
0 0 0 1073938432 
4294967295 4294967295 4294967295 2147483616 
2147483647
0 0 0 88080384 
4294967295 4294967295 4294967295 4101964768 
2147483647
32772 1 0 0 
4043278335 4294967295 2147483647 4294967264 
8
32772 0 2147483648 0 
4043278335 4294967295 4294967295 4294967264 
8
32772 0 8388608 0 
4043278335 4294967295 4294967295 4294967264 
8
32772 0 1048576 0 
4043278335 4294967295 4294967295 4294967264 
8
32772 0 512 0 
4043278335 4294967295 4294967295 4294967264 
8
16388 1 0 0 
4043294719 4294967295 2147483647 4294967264 
8
16388 0 2147483648 0 
4043294719 4294967295 4294967295 4294967264 
8
16388 0 8388608 0 
4043294719 4294967295 4294967295 4294967264 
8
16388 0 1048576 0 
4043294719 4294967295 4294967295 4294967264 
8
16388 0 512 0 
4043294719 4294967295 4294967295 4294967264 
8
8196 1 0 0 
4043302911 4294967295 2147483647 4294967264 
8
8196 0 2147483648 0 
4043302911 4294967295 4294967295 4294967264 
8
8196 0 8388608 0 
4043302911 4294967295 4294967295 4294967264 
8
8196 0 1048576 0 
4043302911 4294967295 4294967295 4294967264 
8
8196 0 512 0 
4043302911 4294967295 4294967295 4294967264 
8
4100 1 0 0 
4294967295 4294967295 2147483647 4294967264 
8
4100 0 2147483648 0 
4294967295 4294967295 4294967295 4294967264 
8
4100 0 8388608 0 
4294967295 4294967295 4294967295 4294967264 
8
4100 0 1048576 0 
4294967295 4294967295 4294967295 4294967264 
8
4100 0 512 0 
4294967295 4294967295 4294967295 4294967264 
8
0 65536 256 268435456 
15730563 4227987487 2179989952 268435456 
8
540676 0 0 0 
3221749760 0 0 0 
6
532484 0 0 0 
3221749760 0 0 0 
6
528388 0 0 0 
3221749760 0 0 0 
6
278532 0 0 0 
4043294719 4294967295 4294967295 4294967264 
6
270340 0 0 0 
4043302911 4294967295 4294967295 4294967264 
6
266244 0 0 0 
4294967295 4294967295 4294967295 4294967264 
6
147460 0 0 0 
4043294719 4294967295 4294967295 4294967264 
6
139268 0 0 0 
4043302911 4294967295 4294967295 4294967264 
6
135172 0 0 0 
4294967295 4294967295 4294967295 4294967264 
6
81924 0 0 0 
4043294719 4294967295 4294967295 4294967264 
6
73732 0 0 0 
4043302911 4294967295 4294967295 4294967264 
6
69636 0 0 0 
4294967295 4294967295 4294967295 4294967264 
6
36868 0 0 0 
251721728 0 0 0 
6
20484 0 0 0 
251688960 0 0 0 
6
16452 0 0 0 
4043294719 4294967295 4294967295 4294967264 
6
16420 0 0 0 
4043294719 4294967295 4294967295 4294967264 
6
16404 0 0 0 
4043294719 4294967295 4294967295 4294967264 
6
16396 0 0 0 
4043294719 4294967295 4294967295 4294967264 
6
16388 16777216 0 0 
4043294719 4294967295 4294967295 4294967264 
6
16388 8388608 0 0 
4043294719 4294967295 4294967295 4294967264 
6
16388 4194304 0 0 
4043294719 4294967295 4294967295 4294967264 
6
16388 2097152 0 0 
4043294719 4294967295 4294967295 4294967264 
6
16388 1048576 0 0 
4043294719 4294967295 4294967295 4294967264 
6
16388 512 0 0 
4043294719 4294967295 4294967295 4294967264 
6
16388 256 0 0 
4043294719 4294967295 4294967295 4294967264 
6
16388 128 0 0 
4043294719 4294967295 4294967295 4294967264 
6
16388 64 0 0 
4043294719 4294967295 4294967295 4294967264 
6
16388 32 0 0 
4043294719 4294967295 4294967295 4294967264 
6
16388 0 268435456 0 
4043294719 4294967295 4294967295 4294967264 
6
16388 0 134217728 0 
4043294719 4294967295 4294967295 4294967264 
6
16388 0 67108864 0 
4043294719 4294967295 4294967295 4294967264 
6
16388 0 262144 0 
4043294719 4294967295 4294967295 4294967264 
6
16388 0 131072 0 
4043294719 4294967295 4294967295 4294967264 
6
16388 0 65536 0 
4043294719 4294967295 4294967295 4294967264 
6
16388 0 32768 0 
4043294719 4294967295 4294967295 4294967264 
6
16388 0 16384 0 
4043294719 4294967295 4294967295 4294967264 
6
16388 0 8192 0 
4043294719 4294967295 4294967295 4294967264 
6
16388 0 4096 0 
4043294719 4294967295 4294967295 4294967264 
6
16388 0 32 0 
4043294719 4294967295 4294967295 4294967264 
6
16388 0 8 0 
4043294719 4294967295 4294967295 4294967264 
6
16388 0 4 0 
4043294719 4294967295 4294967295 4294967264 
6
16388 0 2 0 
4043294719 4294967295 4294967295 4294967264 
6
16388 0 1 0 
0 0 33557505 0 
6
16388 0 0 2147483648 
4043294719 4294967295 4294967295 4294967264 
6
16388 0 0 268435456 
4043294719 4294967295 4294967295 4294967264 
6
16388 0 0 67108864 
4043294719 4294967295 4294967295 4294967264 
6
16388 0 0 16777216 
4043294719 4294967295 4294967295 4294967264 
6
16388 0 0 8388608 
4043294719 4294967295 4294967295 4294967264 
6
16388 0 0 4194304 
4043294719 4294967295 4294967295 4294967264 
6
16388 0 0 2097152 
4043294719 4294967295 4294967295 4294966752 
6
16388 0 0 1048576 
4043294719 4294967295 4294967295 4294967264 
6
16388 0 0 524288 
4043294719 4294967295 4294967295 4294967264 
6
16388 0 0 262144 
4043294719 4294967295 4294967295 4294967264 
6
16388 0 0 131072 
4043294719 4294967295 4294967295 4294967264 
6
12288 1 0 0 
251672576 0 0 0 
6
12288 0 2147483648 0 
251672576 0 0 0 
6
12288 0 8388608 0 
251672576 0 0 0 
6
12288 0 1048576 0 
251672576 0 0 0 
6
12288 0 512 0 
251672576 0 0 0 
6
8260 0 0 0 
4043302911 4294967295 4294967295 4294967264 
6
8228 0 0 0 
4043302911 4294967295 4294967295 4294967264 
6
8212 0 0 0 
4043302911 4294967295 4294967295 4294967264 
6
8204 0 0 0 
4043302911 4294967295 4294967295 4294967264 
6
8196 16777216 0 0 
4043302911 4294967295 4294967295 4294967264 
6
8196 8388608 0 0 
4043302911 4294967295 4294967295 4294967264 
6
8196 4194304 0 0 
4043302911 4294967295 4294967295 4294967264 
6
8196 2097152 0 0 
4043302911 4294967295 4294967295 4294967264 
6
8196 1048576 0 0 
4043302911 4294967295 4294967295 4294967264 
6
8196 512 0 0 
4043302911 4294967295 4294967295 4294967264 
6
8196 256 0 0 
4043302911 4294967295 4294967295 4294967264 
6
8196 128 0 0 
4043302911 4294967295 4294967295 4294967264 
6
8196 64 0 0 
4043302911 4294967295 4294967295 4294967264 
6
8196 32 0 0 
4043302911 4294967295 4294967295 4294967264 
6
8196 1 0 0 
251672580 0 0 0 
6
8196 0 2147483648 0 
251672580 0 0 0 
6
8196 0 268435456 0 
4043302911 4294967295 4294967295 4294967264 
6
8196 0 134217728 0 
4043302911 4294967295 4294967295 4294967264 
6
8196 0 67108864 0 
4043302911 4294967295 4294967295 4294967264 
6
8196 0 8388608 0 
251672580 0 0 0 
6
8196 0 1048576 0 
251672580 0 0 0 
6
8196 0 262144 0 
4043302911 4294967295 4294967295 4294967264 
6
8196 0 131072 0 
4043302911 4294967295 4294967295 4294967264 
6
8196 0 65536 0 
4043302911 4294967295 4294967295 4294967264 
6
8196 0 32768 0 
4043302911 4294967295 4294967295 4294967264 
6
8196 0 16384 0 
4043302911 4294967295 4294967295 4294967264 
6
8196 0 8192 0 
4043302911 4294967295 4294967295 4294967264 
6
8196 0 4096 0 
4043302911 4294967295 4294967295 4294967264 
6
8196 0 512 0 
251672580 0 0 0 
6
8196 0 32 0 
4043302911 4294967295 4294967295 4294967264 
6
8196 0 8 0 
4043302911 4294967295 4294967295 4294967264 
6
8196 0 4 0 
4043302911 4294967295 4294967295 4294967264 
6
8196 0 2 0 
4043302911 4294967295 4294967295 4294967264 
6
8196 0 1 0 
0 0 33557505 0 
6
8196 0 0 2147483648 
4043302911 4294967295 4294967295 4294967264 
6
8196 0 0 268435456 
4043302911 4294967295 4294967295 4294967264 
6
8196 0 0 67108864 
4043302911 4294967295 4294967295 4294967264 
6
8196 0 0 16777216 
4043302911 4294967295 4294967295 4294967264 
6
8196 0 0 8388608 
4043302911 4294967295 4294967295 4294967264 
6
8196 0 0 4194304 
4043302911 4294967295 4294967295 4294967264 
6
8196 0 0 2097152 
4043302911 4294967295 4294967295 4294966752 
6
8196 0 0 1048576 
4043302911 4294967295 4294967295 4294967264 
6
8196 0 0 524288 
4043302911 4294967295 4294967295 4294967264 
6
8196 0 0 262144 
4043302911 4294967295 4294967295 4294967264 
6
8196 0 0 131072 
4043302911 4294967295 4294967295 4294967264 
6
8192 262145 0 0 
251672580 262144 0 0 
6
8192 262144 2147483648 0 
251672580 262144 0 0 
6
8192 262144 8388608 0 
251672580 262144 0 0 
6
8192 262144 1048576 0 
251672580 262144 0 0 
6
8192 262144 512 0 
251672580 262144 0 0 
6
4164 0 0 0 
4294967295 4294967295 4294967295 4294967264 
6
4132 0 0 0 
4294967295 4294967295 4294967295 4294967264 
6
4116 0 0 0 
4294967295 4294967295 4294967295 4294967264 
6
4108 0 0 0 
4294967295 4294967295 4294967295 4294967264 
6
4100 16777216 0 0 
4294967295 4294967295 4294967295 4294967264 
6
4100 8388608 0 0 
4294967295 4294967295 4294967295 4294967264 
6
4100 4194304 0 0 
4294967295 4294967295 4294967295 4294967264 
6
4100 2097152 0 0 
4294967295 4294967295 4294967295 4294967264 
6
4100 1048576 0 0 
4294967295 4294967295 4294967295 4294967264 
6
4100 512 0 0 
4294967295 4294967295 4294967295 4294967264 
6
4100 256 0 0 
4294967295 4294967295 4294967295 4294967264 
6
4100 128 0 0 
4294967295 4294967295 4294967295 4294967264 
6
4100 64 0 0 
4294967295 4294967295 4294967295 4294967264 
6
4100 32 0 0 
4294967295 4294967295 4294967295 4294967264 
6
4100 0 268435456 0 
4294967295 4294967295 4294967295 4294967264 
6
4100 0 134217728 0 
4294967295 4294967295 4294967295 4294967264 
6
4100 0 67108864 0 
4294967295 4294967295 4294967295 4294967264 
6
4100 0 262144 0 
4294967295 4294967295 4294967295 4294967264 
6
4100 0 131072 0 
4294967295 4294967295 4294967295 4294967264 
6
4100 0 65536 0 
4294967295 4294967295 4294967295 4294967264 
6
4100 0 32768 0 
4294967295 4294967295 4294967295 4294967264 
6
4100 0 16384 0 
4294967295 4294967295 4294967295 4294967264 
6
4100 0 8192 0 
4294967295 4294967295 4294967295 4294967264 
6
4100 0 4096 0 
4294967295 4294967295 4294967295 4294967264 
6
4100 0 32 0 
4294967295 4294967295 4294967295 4294967264 
6
4100 0 8 0 
4294967295 4294967295 4294967295 4294967264 
6
4100 0 4 0 
4294967295 4294967295 4294967295 4294967264 
6
4100 0 2 0 
4294967295 4294967295 4294967295 4294967264 
6
4100 0 1 0 
0 0 33557505 0 
6
4100 0 0 2147483648 
4294967295 4294967295 4294967295 4294967264 
6
4100 0 0 268435456 
4294967295 4294967295 4294967295 4294967264 
6
4100 0 0 67108864 
4294967295 4294967295 4294967295 4294967264 
6
4100 0 0 16777216 
4294967295 4294967295 4294967295 4294967264 
6
4100 0 0 8388608 
4294967295 4294967295 4294967295 4294967264 
6
4100 0 0 4194304 
4294967295 4294967295 4294967295 4294967264 
6
4100 0 0 2097152 
4294967295 4294967295 4294967295 4294966752 
6
4100 0 0 1048576 
4294967295 4294967295 4294967295 4294967264 
6
4100 0 0 524288 
4294967295 4294967295 4294967295 4294967264 
6
4100 0 0 262144 
4294967295 4294967295 4294967295 4294967264 
6
4100 0 0 131072 
4294967295 4294967295 4294967295 4294967264 
6
0 536944640 0 0 
15730179 3758219288 16777216 0 
6
0 536940544 0 0 
15730179 3758223384 16777216 0 
6
0 131072 256 268435456 
15730563 4228118559 2179989952 268435456 
6
0 65536 0 3221225472 
15730563 4227987487 2179990464 1879048192 
6
0 65536 0 2147549184 
15730563 4227987487 2179990464 4026597376 
6
0 65536 0 1073807360 
15730563 4227987487 2179990464 1879048192 
6
0 65536 0 2621440 
15730563 4227987487 2179990464 4027515360 
6
0 65536 0 196608 
15730563 4227987487 2179990464 4026728448 
6
0 0 40 2097152 
4294967295 4294967295 4294967295 4030661088 
6
0 0 8 69206016 
4294967295 4294967295 4294967295 4097769952 
6
274432 0 0 0 
251672576 0 0 0 
4
270340 0 0 0 
251672580 0 0 0 
4
270336 262144 0 0 
251672580 262144 0 0 
4
20480 1 0 0 
251688960 0 0 0 
4
20480 0 2147483648 0 
251688960 0 0 0 
4
20480 0 8388608 0 
251688960 0 0 0 
4
20480 0 1048576 0 
251688960 0 0 0 
4
20480 0 512 0 
251688960 0 0 0 
4
16388 1 0 0 
251688964 0 0 0 
4
16388 0 2147483648 0 
251688964 0 0 0 
4
16388 0 8388608 0 
251688964 0 0 0 
4
16388 0 1048576 0 
251688964 0 0 0 
4
16388 0 512 0 
251688964 0 0 0 
4
16384 262145 0 0 
251688964 262144 0 0 
4
16384 262144 2147483648 0 
251688964 262144 0 0 
4
16384 262144 8388608 0 
251688964 262144 0 0 
4
16384 262144 1048576 0 
251688964 262144 0 0 
4
16384 262144 512 0 
251688964 262144 0 0 
4
12352 0 0 0 
251672576 0 0 0 
4
12320 0 0 0 
251672576 0 0 0 
4
12304 0 0 0 
251672576 0 0 0 
4
12296 0 0 0 
251672576 0 0 0 
4
12288 16777216 0 0 
251672576 0 0 0 
4
12288 8388608 0 0 
251672576 0 0 0 
4
12288 4194304 0 0 
251672576 0 0 0 
4
12288 2097152 0 0 
251672576 0 0 0 
4
12288 1048576 0 0 
251672576 0 0 0 
4
12288 512 0 0 
251672576 0 0 0 
4
12288 256 0 0 
251672576 0 0 0 
4
12288 128 0 0 
251672576 0 0 0 
4
12288 64 0 0 
251672576 0 0 0 
4
12288 32 0 0 
251672576 0 0 0 
4
12288 0 268435456 0 
251672576 0 0 0 
4
12288 0 134217728 0 
251672576 0 0 0 
4
12288 0 67108864 0 
251672576 0 0 0 
4
12288 0 262144 0 
251672576 0 0 0 
4
12288 0 131072 0 
251672576 0 0 0 
4
12288 0 65536 0 
251672576 0 0 0 
4
12288 0 32768 0 
251672576 0 0 0 
4
12288 0 16384 0 
251672576 0 0 0 
4
12288 0 8192 0 
251672576 0 0 0 
4
12288 0 4096 0 
251672576 0 0 0 
4
12288 0 32 0 
251672576 0 0 0 
4
12288 0 8 0 
251672576 0 0 0 
4
12288 0 4 0 
251672576 0 0 0 
4
12288 0 2 0 
251672576 0 0 0 
4
12288 0 0 2147483648 
251672576 0 0 0 
4
12288 0 0 268435456 
251672576 0 0 0 
4
12288 0 0 67108864 
251672576 0 0 0 
4
12288 0 0 16777216 
251672576 0 0 0 
4
12288 0 0 8388608 
251672576 0 0 0 
4
12288 0 0 4194304 
251672576 0 0 0 
4
12288 0 0 2097152 
251672576 0 0 0 
4
12288 0 0 1048576 
251672576 0 0 0 
4
12288 0 0 524288 
251672576 0 0 0 
4
12288 0 0 262144 
251672576 0 0 0 
4
12288 0 0 131072 
251672576 0 0 0 
4
8260 0 0 0 
251672580 0 0 0 
4
8256 262144 0 0 
251672580 262144 0 0 
4
8228 0 0 0 
251672580 0 0 0 
4
8224 262144 0 0 
251672580 262144 0 0 
4
8212 0 0 0 
251672580 0 0 0 
4
8208 262144 0 0 
251672580 262144 0 0 
4
8204 0 0 0 
251672580 0 0 0 
4
8200 262144 0 0 
251672580 262144 0 0 
4
8196 16777216 0 0 
251672580 0 0 0 
4
8196 8388608 0 0 
251672580 0 0 0 
4
8196 4194304 0 0 
251672580 0 0 0 
4
8196 2097152 0 0 
251672580 0 0 0 
4
8196 1048576 0 0 
251672580 0 0 0 
4
8196 512 0 0 
251672580 0 0 0 
4
8196 256 0 0 
251672580 0 0 0 
4
8196 128 0 0 
251672580 0 0 0 
4
8196 64 0 0 
251672580 0 0 0 
4
8196 32 0 0 
251672580 0 0 0 
4
8196 0 268435456 0 
251672580 0 0 0 
4
8196 0 134217728 0 
251672580 0 0 0 
4
8196 0 67108864 0 
251672580 0 0 0 
4
8196 0 262144 0 
251672580 0 0 0 
4
8196 0 131072 0 
251672580 0 0 0 
4
8196 0 65536 0 
251672580 0 0 0 
4
8196 0 32768 0 
251672580 0 0 0 
4
8196 0 16384 0 
251672580 0 0 0 
4
8196 0 8192 0 
251672580 0 0 0 
4
8196 0 4096 0 
251672580 0 0 0 
4
8196 0 32 0 
251672580 0 0 0 
4
8196 0 8 0 
251672580 0 0 0 
4
8196 0 4 0 
251672580 0 0 0 
4
8196 0 2 0 
251672580 0 0 0 
4
8196 0 0 2147483648 
251672580 0 0 0 
4
8196 0 0 268435456 
251672580 0 0 0 
4
8196 0 0 67108864 
251672580 0 0 0 
4
8196 0 0 16777216 
251672580 0 0 0 
4
8196 0 0 8388608 
251672580 0 0 0 
4
8196 0 0 4194304 
251672580 0 0 0 
4
8196 0 0 2097152 
251672580 0 0 0 
4
8196 0 0 1048576 
251672580 0 0 0 
4
8196 0 0 524288 
251672580 0 0 0 
4
8196 0 0 262144 
251672580 0 0 0 
4
8196 0 0 131072 
251672580 0 0 0 
4
8192 17039360 0 0 
251672580 262144 0 0 
4
8192 8650752 0 0 
251672580 262144 0 0 
4
8192 4456448 0 0 
251672580 262144 0 0 
4
8192 2359296 0 0 
251672580 262144 0 0 
4
8192 1310720 0 0 
251672580 262144 0 0 
4
8192 262656 0 0 
251672580 262144 0 0 
4
8192 262400 0 0 
251672580 262144 0 0 
4
8192 262272 0 0 
251672580 262144 0 0 
4
8192 262208 0 0 
251672580 262144 0 0 
4
8192 262176 0 0 
251672580 262144 0 0 
4
8192 262144 268435456 0 
251672580 262144 0 0 
4
8192 262144 134217728 0 
251672580 262144 0 0 
4
8192 262144 67108864 0 
251672580 262144 0 0 
4
8192 262144 262144 0 
251672580 262144 0 0 
4
8192 262144 131072 0 
251672580 262144 0 0 
4
8192 262144 65536 0 
251672580 262144 0 0 
4
8192 262144 32768 0 
251672580 262144 0 0 
4
8192 262144 16384 0 
251672580 262144 0 0 
4
8192 262144 8192 0 
251672580 262144 0 0 
4
8192 262144 4096 0 
251672580 262144 0 0 
4
8192 262144 32 0 
251672580 262144 0 0 
4
8192 262144 8 0 
251672580 262144 0 0 
4
8192 262144 4 0 
251672580 262144 0 0 
4
8192 262144 2 0 
251672580 262144 0 0 
4
8192 262144 0 2147483648 
251672580 262144 0 0 
4
8192 262144 0 268435456 
251672580 262144 0 0 
4
8192 262144 0 67108864 
251672580 262144 0 0 
4
8192 262144 0 16777216 
251672580 262144 0 0 
4
8192 262144 0 8388608 
251672580 262144 0 0 
4
8192 262144 0 4194304 
251672580 262144 0 0 
4
8192 262144 0 2097152 
251672580 262144 0 0 
4
8192 262144 0 1048576 
251672580 262144 0 0 
4
8192 262144 0 524288 
251672580 262144 0 0 
4
8192 262144 0 262144 
251672580 262144 0 0 
4
8192 262144 0 131072 
251672580 262144 0 0 
4
513 65536 0 0 
15729152 0 0 0 
4
512 98304 0 0 
15729152 0 0 0 
4
512 24576 0 0 
15729152 0 0 0 
4
1 2147549184 0 0 
15730177 2147483648 0 0 
4
1 24576 0 0 
4294967295 4294967295 4294967295 4294967264 
4
0 2147581952 0 0 
15730179 2147581952 0 0 
4
0 2147508224 0 0 
4294967295 4294967295 4294967295 4294967264 
4
0 1073823744 0 0 
4279237116 2147450855 4278190079 4294967264 
4
0 537010176 0 0 
15730179 3758350360 16777216 0 
4
0 537006080 0 0 
15730179 3758354456 16777216 0 
4
0 16777216 131072 4194304 
4294967295 4261411839 3220438991 4034855904 
4
0 262144 256 268435456 
15730563 4228380703 2179989952 268435456 
4
0 131072 4 524288 
15730563 4228118559 2179990464 4027515360 
4
0 131072 2 524288 
15730563 4228118559 2179990464 4027515360 
4
0 131072 0 3221225472 
15730563 4228118559 2179990464 1879048192 
4
0 131072 0 2147549184 
15730563 4228118559 2179990464 4026597376 
4
0 131072 0 1074266112 
15730563 4228118559 2179990464 1879048192 
4
0 131072 0 1073807360 
15730563 4228118559 2179990464 1879048192 
4
0 131072 0 2621440 
15730563 4228118559 2179990464 4027515360 
4
0 131072 0 196608 
15730563 4228118559 2179990464 4026728448 
4
0 98304 0 524288 
15730563 4227987487 2179990464 4027515360 
4
0 65536 4 524288 
15730563 4227987487 2179990464 4027515360 
4
0 65536 2 524288 
15730563 4227987487 2179990464 4027515360 
4
0 65536 0 1074266112 
15730563 4227987487 2179990464 1879048192 
4
393216 1 0 0 
4294967295 4294967295 2147483647 4294967264 
2
393216 0 2147483648 0 
4294967295 4294967295 4294967295 4294967264 
2
393216 0 8388608 0 
4294967295 4294967295 4294967295 4294967264 
2
393216 0 512 0 
4294967295 4294967295 4294967295 4294967264 
2
282624 0 0 0 
251688960 0 0 0 
2
278532 0 0 0 
251688964 0 0 0 
2
278528 262144 0 0 
251688964 262144 0 0 
2
262144 262144 0 1073741824 
15730563 4228380703 2179990464 1879048192 
2
262144 131072 0 1073741824 
15730563 4228118559 2179990464 1879048192 
2
262144 65536 0 1073741824 
15730563 4227987487 2179990464 1879048192 
2
262144 2 1048576 0 
0 3 2148532224 0 
2
196608 1 0 0 
805502976 0 0 0 
2
196608 0 2147483648 0 
805502976 0 0 0 
2
196608 0 8388608 0 
805502976 0 0 0 
2
196608 0 512 0 
805502976 0 0 0 
2
131136 1 0 0 
1072955391 4294967295 2147483647 4294967264 
2
131136 0 2147483648 0 
1072955391 4294967295 4294967295 4294967264 
2
131136 0 8388608 0 
1072955391 4294967295 4294967295 4294967264 
2
131136 0 1048576 0 
1072955391 4294967295 4294967295 4294967264 
2
131136 0 512 0 
1072955391 4294967295 4294967295 4294967264 
2
131136 0 0 2147483648 
1072955391 4294967295 4294967295 4294967264 
2
131072 262144 0 1073741824 
15730563 4228380703 2179990464 1879048192 
2
131072 131072 0 1073741824 
15730563 4228118559 2179990464 1879048192 
2
131072 65536 0 1073741824 
15730563 4227987487 2179990464 1879048192 
2
131072 2 1048576 0 
0 3 2148532224 0 
2
98304 1 0 0 
4294967295 4294967295 2147483647 4294967264 
2
98304 0 2147483648 0 
4294967295 4294967295 4294967295 4294967264 
2
98304 0 8388608 0 
4294967295 4294967295 4294967295 4294967264 
2
98304 0 512 0 
4294967295 4294967295 4294967295 4294967264 
2
65536 262144 0 1073741824 
15730563 4228380703 2179990464 1879048192 
2
65536 131072 0 1073741824 
15730563 4228118559 2179990464 1879048192 
2
65536 65536 0 1073741824 
15730563 4227987487 2179990464 1879048192 
2
65536 2 1048576 0 
0 3 2148532224 0 
2
36864 1 0 0 
251721728 0 0 0 
2
36864 0 2147483648 0 
251721728 0 0 0 
2
36864 0 8388608 0 
251721728 0 0 0 
2
36864 0 1048576 0 
251721728 0 0 0 
2
36864 0 512 0 
251721728 0 0 0 
2
32772 1 0 0 
251721732 0 0 0 
2
32772 0 2147483648 0 
251721732 0 0 0 
2
32772 0 8388608 0 
251721732 0 0 0 
2
32772 0 1048576 0 
251721732 0 0 0 
2
32772 0 512 0 
251721732 0 0 0 
2
32768 655360 0 0 
4043278331 4294705151 4294967295 4294967264 
2
32768 589824 0 0 
4043278331 4294574079 4294967295 4294967264 
2
32768 262145 0 0 
251721732 262144 0 0 
2
32768 262144 2147483648 0 
251721732 262144 0 0 
2
32768 262144 8388608 0 
251721732 262144 0 0 
2
32768 262144 1048576 0 
251721732 262144 0 0 
2
32768 262144 512 0 
251721732 262144 0 0 
2
32768 262144 0 1073741824 
15730563 4228380703 2179990464 1879048192 
2
32768 131072 0 1073741824 
15730563 4228118559 2179990464 1879048192 
2
32768 65536 0 1073741824 
15730563 4227987487 2179990464 1879048192 
2
32768 2 1048576 0 
0 3 2148532224 0 
2
20544 0 0 0 
251688960 0 0 0 
2
20512 0 0 0 
251688960 0 0 0 
2
20496 0 0 0 
251688960 0 0 0 
2
20488 0 0 0 
251688960 0 0 0 
2
20480 16777216 0 0 
251688960 0 0 0 
2
20480 8388608 0 0 
251688960 0 0 0 
2
20480 4194304 0 0 
251688960 0 0 0 
2
20480 2097152 0 0 
251688960 0 0 0 
2
20480 1048576 0 0 
251688960 0 0 0 
2
20480 512 0 0 
251688960 0 0 0 
2
20480 256 0 0 
251688960 0 0 0 
2
20480 128 0 0 
251688960 0 0 0 
2
20480 64 0 0 
251688960 0 0 0 
2
20480 32 0 0 
251688960 0 0 0 
2
20480 0 268435456 0 
251688960 0 0 0 
2
20480 0 134217728 0 
251688960 0 0 0 
2
20480 0 67108864 0 
251688960 0 0 0 
2
20480 0 262144 0 
251688960 0 0 0 
2
20480 0 131072 0 
251688960 0 0 0 
2
20480 0 65536 0 
251688960 0 0 0 
2
20480 0 32768 0 
251688960 0 0 0 
2
20480 0 16384 0 
251688960 0 0 0 
2
20480 0 8192 0 
251688960 0 0 0 
2
20480 0 4096 0 
251688960 0 0 0 
2
20480 0 32 0 
251688960 0 0 0 
2
20480 0 8 0 
251688960 0 0 0 
2
20480 0 4 0 
251688960 0 0 0 
2
20480 0 2 0 
251688960 0 0 0 
2
20480 0 0 2147483648 
251688960 0 0 0 
2
20480 0 0 268435456 
251688960 0 0 0 
2
20480 0 0 67108864 
251688960 0 0 0 
2
20480 0 0 16777216 
251688960 0 0 0 
2
20480 0 0 8388608 
251688960 0 0 0 
2
20480 0 0 4194304 
251688960 0 0 0 
2
20480 0 0 2097152 
251688960 0 0 0 
2
20480 0 0 1048576 
251688960 0 0 0 
2
20480 0 0 524288 
251688960 0 0 0 
2
20480 0 0 262144 
251688960 0 0 0 
2
20480 0 0 131072 
251688960 0 0 0 
2
16452 0 0 0 
251688964 0 0 0 
2
16448 262144 0 0 
251688964 262144 0 0 
2
16420 0 0 0 
251688964 0 0 0 
2
16416 262144 0 0 
251688964 262144 0 0 
2
16404 0 0 0 
251688964 0 0 0 
2
16400 262144 0 0 
251688964 262144 0 0 
2
16396 0 0 0 
251688964 0 0 0 
2
16392 262144 0 0 
251688964 262144 0 0 
2
16388 16777216 0 0 
251688964 0 0 0 
2
16388 8388608 0 0 
251688964 0 0 0 
2
16388 4194304 0 0 
251688964 0 0 0 
2
16388 2097152 0 0 
251688964 0 0 0 
2
16388 1048576 0 0 
251688964 0 0 0 
2
16388 512 0 0 
251688964 0 0 0 
2
16388 256 0 0 
251688964 0 0 0 
2
16388 128 0 0 
251688964 0 0 0 
2
16388 64 0 0 
251688964 0 0 0 
2
16388 32 0 0 
251688964 0 0 0 
2
16388 0 268435456 0 
251688964 0 0 0 
2
16388 0 134217728 0 
251688964 0 0 0 
2
16388 0 67108864 0 
251688964 0 0 0 
2
16388 0 262144 0 
251688964 0 0 0 
2
16388 0 131072 0 
251688964 0 0 0 
2
16388 0 65536 0 
251688964 0 0 0 
2
16388 0 32768 0 
251688964 0 0 0 
2
16388 0 16384 0 
251688964 0 0 0 
2
16388 0 8192 0 
251688964 0 0 0 
2
16388 0 4096 0 
251688964 0 0 0 
2
16388 0 32 0 
251688964 0 0 0 
2
16388 0 8 0 
251688964 0 0 0 
2
16388 0 4 0 
251688964 0 0 0 
2
16388 0 2 0 
251688964 0 0 0 
2
16388 0 0 2147483648 
251688964 0 0 0 
2
16388 0 0 268435456 
251688964 0 0 0 
2
16388 0 0 67108864 
251688964 0 0 0 
2
16388 0 0 16777216 
251688964 0 0 0 
2
16388 0 0 8388608 
251688964 0 0 0 
2
16388 0 0 4194304 
251688964 0 0 0 
2
16388 0 0 2097152 
251688964 0 0 0 
2
16388 0 0 1048576 
251688964 0 0 0 
2
16388 0 0 524288 
251688964 0 0 0 
2
16388 0 0 262144 
251688964 0 0 0 
2
16388 0 0 131072 
251688964 0 0 0 
2
16384 17039360 0 0 
251688964 262144 0 0 
2
16384 8650752 0 0 
251688964 262144 0 0 
2
16384 4456448 0 0 
251688964 262144 0 0 
2
16384 2359296 0 0 
251688964 262144 0 0 
2
16384 1310720 0 0 
251688964 262144 0 0 
2
16384 655360 0 0 
4043294715 4294705151 4294967295 4294967264 
2
16384 589824 0 0 
4043294715 4294574079 4294967295 4294967264 
2
16384 524288 0 524288 
267419527 4228904991 2179990464 4027515360 
2
16384 262656 0 0 
251688964 262144 0 0 
2
16384 262400 0 0 
251688964 262144 0 0 
2
16384 262272 0 0 
251688964 262144 0 0 
2
16384 262208 0 0 
251688964 262144 0 0 
2
16384 262176 0 0 
251688964 262144 0 0 
2
16384 262144 268435456 0 
251688964 262144 0 0 
2
16384 262144 134217728 0 
251688964 262144 0 0 
2
16384 262144 67108864 0 
251688964 262144 0 0 
2
16384 262144 262144 0 
251688964 262144 0 0 
2
16384 262144 131072 0 
251688964 262144 0 0 
2
16384 262144 65536 0 
251688964 262144 0 0 
2
16384 262144 32768 0 
251688964 262144 0 0 
2
16384 262144 16384 0 
251688964 262144 0 0 
2
16384 262144 8192 0 
251688964 262144 0 0 
2
16384 262144 4096 0 
251688964 262144 0 0 
2
16384 262144 32 0 
251688964 262144 0 0 
2
16384 262144 8 0 
251688964 262144 0 0 
2
16384 262144 4 0 
251688964 262144 0 0 
2
16384 262144 2 0 
251688964 262144 0 0 
2
16384 262144 0 2147483648 
251688964 262144 0 0 
2
16384 262144 0 268435456 
251688964 262144 0 0 
2
16384 262144 0 67108864 
251688964 262144 0 0 
2
16384 262144 0 16777216 
251688964 262144 0 0 
2
16384 262144 0 8388608 
251688964 262144 0 0 
2
16384 262144 0 4194304 
251688964 262144 0 0 
2
16384 262144 0 2097152 
251688964 262144 0 0 
2
16384 262144 0 1048576 
251688964 262144 0 0 
2
16384 262144 0 524288 
251688964 262144 0 0 
2
16384 262144 0 262144 
251688964 262144 0 0 
2
16384 262144 0 131072 
251688964 262144 0 0 
2
16384 2 1048576 0 
0 3 2148532224 0 
2
8192 655360 0 0 
4043302907 4294705151 4294967295 4294967264 
2
8192 589824 0 0 
4043302907 4294574079 4294967295 4294967264 
2
8192 524288 0 524288 
267403143 4228904991 2179990464 4027515360 
2
8192 2 1048576 0 
0 3 2148532224 0 
2
4096 655360 0 0 
4294967291 4294705151 4294967295 4294967264 
2
4096 589824 0 0 
4294967291 4294574079 4294967295 4294967264 
2
4096 524288 0 524288 
15734663 4228904991 2179990464 4027515360 
2
4096 2 1048576 0 
0 3 2148532224 0 
2
513 8192 0 0 
15729152 0 0 0 
2
512 40960 0 0 
15729152 0 0 0 
2
64 262144 0 1073741824 
15730563 4228380703 2179990464 1879048192 
2
64 131072 0 1073741824 
15730563 4228118559 2179990464 1879048192 
2
64 65536 0 1073741824 
15730563 4227987487 2179990464 1879048192 
2
64 2 1048576 0 
0 3 2148532224 0 
2
32 262144 0 1073741824 
15730563 4228380703 2179990464 1879048192 
2
32 131072 0 1073741824 
15730563 4228118559 2179990464 1879048192 
2
32 65536 0 1073741824 
15730563 4227987487 2179990464 1879048192 
2
32 2 1048576 0 
0 3 2148532224 0 
2
16 262144 0 1073741824 
15730563 4228380703 2179990464 1879048192 
2
16 131072 0 1073741824 
15730563 4228118559 2179990464 1879048192 
2
16 65536 0 1073741824 
15730563 4227987487 2179990464 1879048192 
2
16 2 1048576 0 
0 3 2148532224 0 
2
8 262144 0 1073741824 
15730563 4228380703 2179990464 1879048192 
2
8 131072 0 1073741824 
15730563 4228118559 2179990464 1879048192 
2
8 65536 0 1073741824 
15730563 4227987487 2179990464 1879048192 
2
8 2 1048576 0 
0 3 2148532224 0 
2
4 524288 0 524288 
15730567 4228904991 2179990464 4027515360 
2
4 2 1048576 0 
0 3 2148532224 0 
2
1 2147491840 0 0 
15730177 2147483648 0 0 
2
1 1073758208 0 0 
15730177 3221241856 0 0 
2
1 32768 0 524288 
15730561 4227921951 2179990464 4027515360 
2
1 16384 0 524288 
15730561 4227889159 2163213248 4027515360 
2
1 2 1048576 0 
0 3 2148532224 0 
2
0 2147753984 0 0 
4279237116 4294721511 4278190079 4294967264 
2
0 2147622912 0 0 
4279237116 4294852583 4278190079 4294967264 
2
0 2147557376 0 0 
4279237116 4294918119 4278190079 4294967264 
2
0 2147524608 0 0 
4294967295 4294950887 4278190079 4294967264 
2
0 2147516416 0 524288 
384 4227921951 2179990464 4027515360 
2
0 2147500032 0 524288 
384 4227889159 2163213248 4027515360 
2
0 2147491840 0 524288 
384 4227872775 2163213248 4027515360 
2
0 2147483650 1048576 0 
0 3 2148532224 0 
2
0 1074020352 0 0 
4279237116 2147254247 4278190079 4294967264 
2
0 1073889280 0 0 
4279237116 2147385319 4278190079 4294967264 
2
0 1073758208 0 524288 
384 2080405511 2163213248 4027515360 
2
0 1073750016 0 524288 
384 2080389127 2163213248 4027515360 
2
0 1073741826 1048576 0 
0 3 2148532224 0 
2
0 537149440 0 0 
4294967295 4294967295 4294967295 4294967264 
2
0 537141248 0 0 
15730179 3758612504 16777216 0 
2
0 537137152 0 0 
15730179 3758616600 16777216 0 
2
0 537018368 0 0 
4294967295 4294967295 4294967295 4294967264 
2
0 536952832 0 0 
4294967295 4294967295 4294967295 4294967264 
2
0 536879104 0 524288 
384 1006647303 2163213248 4027515360 
2
0 536870914 1048576 0 
0 3 2148532224 0 
2
0 268713984 0 0 
384 469762048 0 0 
2
0 268582912 0 0 
384 469762048 0 0 
2
0 268517376 0 0 
384 469762048 0 0 
2
0 268443648 0 524288 
384 469762048 0 0 
2
0 134496256 0 0 
384 201326592 0 0 
2
0 134365184 0 0 
384 201326592 0 0 
2
0 134299648 0 0 
384 201326592 0 0 
2
0 134225920 0 524288 
384 201326592 0 0 
2
0 17039360 0 1073741824 
15730563 4228380703 2179990464 1879048192 
2
0 16908288 0 1073741824 
15730563 4228118559 2179990464 1879048192 
2
0 16842752 0 1073741824 
15730563 4227987487 2179990464 1879048192 
2
0 16777218 1048576 0 
0 3 2148532224 0 
2
0 16777216 131072 8388608 
4294967295 4261411839 3220438991 4043244512 
2
0 8650752 0 1073741824 
15730563 4228380703 2179990464 1879048192 
2
0 8519680 0 1073741824 
15730563 4228118559 2179990464 1879048192 
2
0 8454144 0 1073741824 
15730563 4227987487 2179990464 1879048192 
2
0 8388610 1048576 0 
0 3 2148532224 0 
2
0 4456448 0 1073741824 
15730563 4228380703 2179990464 1879048192 
2
0 4325376 0 1073741824 
15730563 4228118559 2179990464 1879048192 
2
0 4259840 0 1073741824 
15730563 4227987487 2179990464 1879048192 
2
0 4194306 1048576 0 
0 3 2148532224 0 
2
0 2359296 0 1073741824 
15730563 4228380703 2179990464 1879048192 
2
0 2228224 0 1073741824 
15730563 4228118559 2179990464 1879048192 
2
0 2162688 0 1073741824 
15730563 4227987487 2179990464 1879048192 
2
0 2097154 1048576 0 
0 3 2148532224 0 
2
0 1310720 0 1073741824 
15730563 4228380703 2179990464 1879048192 
2
0 1179648 0 1073741824 
15730563 4228118559 2179990464 1879048192 
2
0 1114112 0 1073741824 
15730563 4227987487 2179990464 1879048192 
2
0 1048578 1048576 0 
0 3 2148532224 0 
2
0 524290 1048576 0 
0 3 2148532224 0 
2
0 262656 0 1073741824 
15730563 4228380703 2179990464 1879048192 
2
0 262400 0 1073741824 
15730563 4228380703 2179990464 1879048192 
2
0 262272 0 1073741824 
15730563 4228380703 2179990464 1879048192 
2
0 262208 0 1073741824 
15730563 4228380703 2179990464 1879048192 
2
0 262176 0 1073741824 
15730563 4228380703 2179990464 1879048192 
2
0 262146 1048576 0 
0 3 2148532224 0 
2
0 262144 268435456 1073741824 
15730563 4228380703 2179990464 1879048192 
2
0 262144 134217728 1073741824 
15730563 4228380703 2179990464 1879048192 
2
0 262144 67108864 1073741824 
15730563 4228380703 2179990464 1879048192 
2
0 262144 8388736 0 
15730563 4228380703 2179989696 0 
2
0 262144 1048576 1073741824 
15730563 4228380703 2179990464 1879048192 
2
0 262144 262144 1073741824 
15730563 4228380703 2179990464 1879048192 
2
0 262144 131072 1073741824 
15730563 4228380703 2179990464 1879048192 
2
0 262144 65536 1073741824 
15730563 4228380703 2179990464 1879048192 
2
0 262144 32768 1073741824 
15730563 4228380703 2179990464 1879048192 
2
0 262144 16384 1073741824 
15730563 4228380703 2179990464 1879048192 
2
0 262144 8192 1073741824 
15730563 4228380703 2179990464 1879048192 
2
0 262144 4096 1073741824 
15730563 4228380703 2179990464 1879048192 
2
0 262144 32 1073741824 
15730563 4228380703 2179990464 1879048192 
2
0 262144 8 1073741824 
15730563 4228380703 2179990464 1879048192 
2
0 262144 4 1073741824 
15730563 4228380703 2179990464 1879048192 
2
0 262144 4 2097152 
15730563 4228380703 2213547975 4030661088 
2
0 262144 4 1048576 
15730563 4228380703 2213547975 4028563936 
2
0 262144 2 1073741824 
15730563 4228380703 2179990464 1879048192 
2
0 262144 2 2097152 
15730563 4228380703 2213547971 4030661088 
2
0 262144 2 1048576 
15730563 4228380703 2213547971 4028563936 
2
0 262144 0 3221225472 
15730563 4228380703 2179990464 1879048192 
2
0 262144 0 2147549184 
15730563 4228380703 2179990464 4026597376 
2
0 262144 0 1610612736 
15730563 4228380703 2179990464 1879048192 
2
0 262144 0 1342177280 
15730563 4228380703 2179990464 1879048192 
2
0 262144 0 1140850688 
15730563 4228380703 2179990464 1879048192 
2
0 262144 0 1090519040 
15730563 4228380703 2179990464 1879048192 
2
0 262144 0 1082130432 
15730563 4228380703 2179990464 1879048192 
2
0 262144 0 1077936128 
15730563 4228380703 2179990464 1879048192 
2
0 262144 0 1075838976 
15730563 4228380703 2179990464 1879048192 
2
0 262144 0 1074790400 
15730563 4228380703 2179990464 1879048192 
2
0 262144 0 1074003968 
15730563 4228380703 2179990464 1879048192 
2
0 262144 0 1073872896 
15730563 4228380703 2179990464 1879048192 
2
0 262144 0 1073807360 
15730563 4228380703 2179990464 1879048192 
2
0 262144 0 196608 
15730563 4228380703 2179990464 4026728448 
2
0 131584 0 1073741824 
15730563 4228118559 2179990464 1879048192 
2
0 131328 0 1073741824 
15730563 4228118559 2179990464 1879048192 
2
0 131200 0 1073741824 
15730563 4228118559 2179990464 1879048192 
2
0 131136 0 1073741824 
15730563 4228118559 2179990464 1879048192 
2
0 131104 0 1073741824 
15730563 4228118559 2179990464 1879048192 
2
0 131074 1048576 0 
0 3 2148532224 0 
2
0 131072 268435456 1073741824 
15730563 4228118559 2179990464 1879048192 
2
0 131072 134217728 1073741824 
15730563 4228118559 2179990464 1879048192 
2
0 131072 67108864 1073741824 
15730563 4228118559 2179990464 1879048192 
2
0 131072 8388736 0 
15730563 4228118559 2179989696 0 
2
0 131072 1048576 1073741824 
15730563 4228118559 2179990464 1879048192 
2
0 131072 262144 1073741824 
15730563 4228118559 2179990464 1879048192 
2
0 131072 131072 1073741824 
15730563 4228118559 2179990464 1879048192 
2
0 131072 65536 1073741824 
15730563 4228118559 2179990464 1879048192 
2
0 131072 32768 1073741824 
15730563 4228118559 2179990464 1879048192 
2
0 131072 16384 1073741824 
15730563 4228118559 2179990464 1879048192 
2
0 131072 8192 1073741824 
15730563 4228118559 2179990464 1879048192 
2
0 131072 4096 1073741824 
15730563 4228118559 2179990464 1879048192 
2
0 131072 32 1073741824 
15730563 4228118559 2179990464 1879048192 
2
0 131072 8 1073741824 
15730563 4228118559 2179990464 1879048192 
2
0 131072 4 1073741824 
15730563 4228118559 2179990464 1879048192 
2
0 131072 4 2097152 
15730563 4228118559 2213547975 4030661088 
2
0 131072 4 1048576 
15730563 4228118559 2213547975 4028563936 
2
0 131072 2 1073741824 
15730563 4228118559 2179990464 1879048192 
2
0 131072 2 2097152 
15730563 4228118559 2213547971 4030661088 
2
0 131072 2 1048576 
15730563 4228118559 2213547971 4028563936 
2
0 131072 0 1610612736 
15730563 4228118559 2179990464 1879048192 
2
0 131072 0 1342177280 
15730563 4228118559 2179990464 1879048192 
2
0 131072 0 1140850688 
15730563 4228118559 2179990464 1879048192 
2
0 131072 0 1090519040 
15730563 4228118559 2179990464 1879048192 
2
0 131072 0 1082130432 
15730563 4228118559 2179990464 1879048192 
2
0 131072 0 1077936128 
15730563 4228118559 2179990464 1879048192 
2
0 131072 0 1075838976 
15730563 4228118559 2179990464 1879048192 
2
0 131072 0 1074790400 
15730563 4228118559 2179990464 1879048192 
2
0 131072 0 1074003968 
15730563 4228118559 2179990464 1879048192 
2
0 131072 0 1073872896 
15730563 4228118559 2179990464 1879048192 
2
0 66048 0 1073741824 
15730563 4227987487 2179990464 1879048192 
2
0 65792 0 1073741824 
15730563 4227987487 2179990464 1879048192 
2
0 65664 0 1073741824 
15730563 4227987487 2179990464 1879048192 
2
0 65600 0 1073741824 
15730563 4227987487 2179990464 1879048192 
2
0 65568 0 1073741824 
15730563 4227987487 2179990464 1879048192 
2
0 65538 1048576 0 
0 3 2148532224 0 
2
0 65536 268435456 1073741824 
15730563 4227987487 2179990464 1879048192 
2
0 65536 134217728 1073741824 
15730563 4227987487 2179990464 1879048192 
2
0 65536 67108864 1073741824 
15730563 4227987487 2179990464 1879048192 
2
0 65536 8388736 0 
15730563 4227987487 2179989696 0 
2
0 65536 1048576 1073741824 
15730563 4227987487 2179990464 1879048192 
2
0 65536 262144 1073741824 
15730563 4227987487 2179990464 1879048192 
2
0 65536 131072 1073741824 
15730563 4227987487 2179990464 1879048192 
2
0 65536 65536 1073741824 
15730563 4227987487 2179990464 1879048192 
2
0 65536 32768 1073741824 
15730563 4227987487 2179990464 1879048192 
2
0 65536 16384 1073741824 
15730563 4227987487 2179990464 1879048192 
2
0 65536 8192 1073741824 
15730563 4227987487 2179990464 1879048192 
2
0 65536 4096 1073741824 
15730563 4227987487 2179990464 1879048192 
2
0 65536 32 1073741824 
15730563 4227987487 2179990464 1879048192 
2
0 65536 8 1073741824 
15730563 4227987487 2179990464 1879048192 
2
0 65536 4 1073741824 
15730563 4227987487 2179990464 1879048192 
2
0 65536 4 2097152 
15730563 4227987487 2213547975 4030661088 
2
0 65536 4 1048576 
15730563 4227987487 2213547975 4028563936 
2
0 65536 2 1073741824 
15730563 4227987487 2179990464 1879048192 
2
0 65536 2 2097152 
15730563 4227987487 2213547971 4030661088 
2
0 65536 2 1048576 
15730563 4227987487 2213547971 4028563936 
2
0 65536 0 1610612736 
15730563 4227987487 2179990464 1879048192 
2
0 65536 0 1342177280 
15730563 4227987487 2179990464 1879048192 
2
0 65536 0 1140850688 
15730563 4227987487 2179990464 1879048192 
2
0 65536 0 1090519040 
15730563 4227987487 2179990464 1879048192 
2
0 65536 0 1082130432 
15730563 4227987487 2179990464 1879048192 
2
0 65536 0 1077936128 
15730563 4227987487 2179990464 1879048192 
2
0 65536 0 1075838976 
15730563 4227987487 2179990464 1879048192 
2
0 65536 0 1074790400 
15730563 4227987487 2179990464 1879048192 
2
0 65536 0 1074003968 
15730563 4227987487 2179990464 1879048192 
2
0 65536 0 1073872896 
15730563 4227987487 2179990464 1879048192 
2
0 32770 1048576 0 
0 3 2148532224 0 
2
0 16386 1048576 0 
0 3 2148532224 0 
2
0 8194 1048576 0 
0 3 2148532224 0 
2
0 6144 0 524288 
0 6151 2163213248 4027515360 
2
0 4098 1048576 0 
0 3 2148532224 0 
2
0 4098 0 524288 
0 4103 2163213248 4027515360 
2
0 2052 0 524288 
0 2055 2163213248 4027515360 
2
0 514 1048576 0 
0 3 2148532224 0 
2
0 258 1048576 0 
0 3 2148532224 0 
2
0 130 1048576 0 
0 3 2148532224 0 
2
0 66 1048576 0 
0 3 2148532224 0 
2
0 34 1048576 0 
0 3 2148532224 0 
2
0 32 8196 0 
4294967295 4294967295 4227854335 4294967264 
2
0 6 0 524288 
0 7 2163213248 4027515360 
2
0 2 269484032 0 
0 3 2148532224 0 
2
0 2 135266304 0 
0 3 2148532224 0 
2
0 2 68157440 0 
0 3 2148532224 0 
2
0 2 1310720 0 
0 3 2148532224 0 
2
0 2 1179648 0 
0 3 2148532224 0 
2
0 2 1114112 0 
0 3 2148532224 0 
2
0 2 1081344 0 
0 3 2148532224 0 
2
0 2 1064960 0 
0 3 2148532224 0 
2
0 2 1056768 0 
0 3 2148532224 0 
2
0 2 1052672 0 
0 3 2148532224 0 
2
0 2 1048608 0 
0 3 2148532224 0 
2
0 2 1048584 0 
0 3 2148532224 0 
2
0 2 1048580 0 
0 3 2148532224 0 
2
0 2 1048578 0 
0 3 2148532224 0 
2
0 2 1048576 67108864 
0 3 2148532224 0 
2
0 2 1048576 16777216 
0 3 2148532224 0 
2
0 2 1048576 8388608 
0 3 2148532224 0 
2
0 2 1048576 4194304 
0 3 2148532224 0 
2
0 2 1048576 2097152 
0 3 2148532224 0 
2
0 2 1048576 1048576 
0 3 2148532224 0 
2
0 2 1048576 524288 
0 3 2148532224 0 
2
0 2 1048576 262144 
0 3 2148532224 0 
2
0 2 1048576 131072 
0 3 2148532224 0 
2
0 2 1048576 65536 
0 3 2148532224 0 
2
0 0 67117060 0 
4294967295 4294967295 4294963199 4294967264 
2
0 0 6291456 524288 
0 0 14681024 4027515360 
2
0 0 4099 0 
0 0 33557505 0 
2
0 0 4098 524288 
0 0 33557507 524288 
2
0 0 256 268959744 
0 0 768 4027515360 
2
0 0 4 5242880 
4294967295 4294967295 4294967295 4292869600 
2
0 0 4 4718592 
4294967295 4294967295 4261409788 4291821024 
2
0 0 0 1611137024 
0 0 0 3222208992 
2
