4
0 1 2 3 
345
98304 0 0 0 0 0 
4093640703 4294967295 4294967295 4294967295 4294967295 4261412864 
2147483647
96 0 0 0 0 0 
4291821567 4294967295 4294967295 4294967295 4294967295 4261412864 
2147483647
48 0 0 0 0 0 
4294967295 4294967295 4294967295 4294967295 4294967295 4261412864 
2147483647
40 0 0 0 0 0 
4294967279 4294967295 4294967295 4294967295 4294967295 4261412864 
2147483647
24 0 0 0 0 0 
4294967295 4294967295 4294967295 4294967295 4294967295 4261412864 
2147483647
12 0 0 0 0 0 
4294967295 4291821567 4294967295 4294967295 4294967295 4261412864 
2147483647
2 262144 0 0 0 0 
4294967295 4294443007 4294967295 4294967295 4294967295 4261412864 
2147483647
0 1088 0 0 0 0 
4294967295 4294967295 4294967295 4294967295 4294967295 4261412864 
2147483647
0 64 67108864 0 0 0 
4294967295 4294967295 4294967295 4294967295 4294967295 4261412864 
2147483647
0 0 0 0 83886080 0 
4294967295 4294967295 4294967295 4294967295 4261412863 4261412864 
2147483647
0 0 0 0 75497472 0 
4294967295 4294967295 4294967295 4294967295 4244635647 4261412864 
2147483647
0 0 0 0 41943040 0 
4294967295 4294967295 4294967295 4294967295 4278190079 4261412864 
2147483647
0 0 0 0 33792 0 
4294967295 4294967295 4294967295 4294967295 4294950399 0 
2147483647
0 0 0 0 12288 0 
4294967295 4294967295 4294967295 4294967295 4294966784 4261412864 
2147483647
262176 0 0 0 0 0 
4294442979 4291821567 4294967295 4294967295 4294967295 4261412864 
14
131104 0 0 0 0 0 
4294180835 4291821567 4294967295 4294967295 4294967295 4261412864 
14
262160 0 0 0 0 0 
4294442995 4291821567 4294967295 4294967295 4294967295 4261412864 
12
131088 0 0 0 0 0 
4294180851 4291821567 4294967295 4294967295 4294967295 4261412864 
12
262152 0 0 0 0 0 
4294443003 4291821567 4294967295 4294967295 4294967295 4261412864 
10
131080 0 0 0 0 0 
4294180859 4291821567 4294967295 4294967295 4294967295 4261412864 
10
32 0 268435456 0 0 0 
4092596192 264257023 4294967295 4294967295 4294967295 4261412864 
6
16 0 268435456 0 0 0 
4092596208 264257023 4294967295 4294967295 4294967295 4261412864 
6
8 0 268435456 0 0 0 
4092596216 264257023 4294967295 4294967295 4294967295 4261412864 
6
32 512 0 0 0 0 
4092596192 264257535 4294967295 4294967295 4294967295 4261412864 
4
16 512 0 0 0 0 
4092596208 264257535 4294967295 4294967295 4294967295 4261412864 
4
8 512 0 0 0 0 
4092596216 264257535 4294967295 4294967295 4294967295 4261412864 
4
4194560 0 0 0 0 0 
4294967295 4294967295 4294967295 4294967295 4294967295 4261412864 
2
327680 0 0 0 0 0 
4294836223 4294967295 4294967295 4294967295 4294967295 4261412864 
2
196608 0 0 0 0 0 
4294967295 4294967295 4294967295 4294967295 4294967295 4261412864 
2
65568 0 0 0 0 0 
4294049763 4291821567 4294967295 4294967295 4294967295 4261412864 
2
65552 0 0 0 0 0 
4294049779 4291821567 4294967295 4294967295 4294967295 4261412864 
2
65544 0 0 0 0 0 
4294049787 4291821567 4294967295 4294967295 4294967295 4261412864 
2
256 33554432 0 0 0 0 
4294967295 4294967295 4294967295 4294967295 4294967295 4261412864 
2
32 32768 0 0 0 0 
4092596192 264290303 4294967295 4294967295 4294967295 4261412864 
2
16 32768 0 0 0 0 
4092596208 264290303 4294967295 4294967295 4294967295 4261412864 
2
8 32768 0 0 0 0 
4092596216 264290303 4294967295 4294967295 4294967295 4261412864 
2
0 1073774592 0 0 0 0 
4294938623 3489644543 4294967295 4294967295 4294967295 4261412864 
2
0 536903680 0 0 0 0 
4294967295 4294967295 4294967295 4294967295 4294967295 4261412864 
2
0 33555456 0 0 0 0 
4294967295 4294967295 4294967295 4294967295 4294967295 4261412864 
2
0 33280 0 0 0 0 
4294967295 4294967295 4294967295 4294967295 4294967295 4261412864 
2
0 32768 268435456 0 0 0 
4294967295 4294966783 4294967295 4294967295 4294967295 4261412864 
2
0 6144 0 0 0 0 
4294967295 4294967295 4294967295 4294967295 4294967295 4261412864 
2
0 0 12288 0 0 0 
4294967295 4294967295 4294967295 4294967295 4294967295 4261412864 
2
0 0 8192 2147483648 0 0 
4294967295 4294967295 4294950911 4294967295 4294967295 4261412864 
2
0 0 6144 0 0 0 
4294967295 4294967295 4294967295 4294967295 4294967295 4261412864 
2
0 0 12 0 0 0 
4294967295 4294967295 4294967295 4294967295 4294967295 4261412864 
2
0 0 0 393216 0 0 
4294967295 4294967295 4294967295 4294967295 4294967295 4261412864 
2
0 0 0 16416 0 0 
4294967295 4294967295 4294967295 4294967295 4294967295 4261412864 
2
0 0 0 32 2097152 0 
4294967295 4294967295 4294967295 4294967295 4294967295 4261412864 
2
0 0 0 0 71303168 0 
4294967295 4294967295 4294967295 4294967295 4236247039 4261412864 
2
0 0 0 0 37748736 0 
4294967295 4294967295 4294967295 4294967295 4269801471 4261412864 
2
0 0 0 0 20971520 0 
4294967295 4294967295 4294967295 4294967295 4286578687 4261412864 
2
0 0 0 0 12582912 0 
4294967295 4294967295 4294967295 4294967295 4294967295 4261412864 
2
327682 0 0 0 0 0 
4294836223 4294967295 4294967295 4294967295 4294967295 4261412864 
2147483647
294914 0 0 0 0 0 
4093444095 4294967295 4294967295 4294967295 4294967295 4261412864 
2147483647
294914 0 0 0 0 0 
201818114 0 0 0 0 0 
2147483647
262180 0 0 0 0 0 
4294442979 4291821567 4294967295 4294967295 4294967295 4261412864 
2147483647
262164 0 0 0 0 0 
4294442995 4291821567 4294967295 4294967295 4294967295 4261412864 
2147483647
262156 0 0 0 0 0 
12 3145728 0 0 0 0 
2147483647
262147 0 0 0 0 0 
201818115 0 0 0 0 0 
2147483647
262144 512 65536 0 0 0 
201846787 4027564544 0 0 0 0 
2147483647
262144 512 2 0 0 0 
201846787 4027564544 0 0 0 0 
2147483647
262144 0 268435458 0 0 0 
201846787 4027564544 268435456 0 0 0 
2147483647
163842 0 0 0 0 0 
4093575167 4294967295 4294967295 4294967295 4294967295 4261412864 
2147483647
163842 0 0 0 0 0 
201555970 0 0 0 0 0 
2147483647
131108 0 0 0 0 0 
4294180835 4291821567 4294967295 4294967295 4294967295 4261412864 
2147483647
131092 0 0 0 0 0 
4294180851 4291821567 4294967295 4294967295 4294967295 4261412864 
2147483647
131084 0 0 0 0 0 
12 3145728 0 0 0 0 
2147483647
131075 0 0 0 0 0 
201555971 0 0 0 0 0 
2147483647
131072 512 65536 0 0 0 
201584643 4027564544 0 0 0 0 
2147483647
131072 512 2 0 0 0 
201584643 4027564544 0 0 0 0 
2147483647
131072 0 268435458 0 0 0 
201584643 4027564544 268435456 0 0 0 
2147483647
98306 0 0 0 0 0 
201424896 0 0 0 0 0 
2147483647
98305 0 0 0 0 0 
201424896 0 0 0 0 0 
2147483647
65539 0 0 0 0 0 
4093607935 4294967295 4294967295 4294967295 4294967295 4261412864 
2147483647
65539 0 0 0 0 0 
201424897 0 0 0 0 0 
2147483647
65537 2147483648 0 0 0 0 
4093607935 4294967295 4294967295 4294967295 4294967295 4261412864 
2147483647
32771 0 0 0 0 0 
4294967295 4294967295 4294967295 4294967295 4294967295 4261412864 
2147483647
96 16777216 0 0 0 0 
3145824 0 0 0 0 0 
2147483647
96 8388608 0 0 0 0 
3145824 0 0 0 0 0 
2147483647
80 16777216 0 0 0 0 
4291821535 4282384383 4294967295 4294967295 4294967295 4261412864 
2147483647
80 8388608 0 0 0 0 
4291821535 4290772991 4294967295 4294967295 4294967295 4261412864 
2147483647
72 16777216 0 0 0 0 
4291821519 4282384383 4294967295 4294967295 4294967295 4261412864 
2147483647
72 8388608 0 0 0 0 
4291821519 4290772991 4294967295 4294967295 4294967295 4261412864 
2147483647
3 131072 0 0 0 0 
4294967295 4294180863 4294967295 4294967295 4294967295 4261412864 
2147483647
0 1610645504 0 0 0 0 
4294938623 3489644543 4294967295 4294967295 4294967295 4261412864 
2147483647
0 98304 268435456 0 0 0 
4294967295 4294966783 4294967295 4294967295 4294967295 4261412864 
2147483647
0 512 196608 0 0 0 
4294967295 4294967295 3489660927 4294967295 4294967295 4261412864 
2147483647
0 512 131074 0 0 0 
4294967295 4294967295 3489595391 4294967295 4294967295 4261412864 
2147483647
0 0 268566530 0 0 0 
4294967295 4294967295 3758030847 4294967295 4294967295 4261412864 
2147483647
0 0 268435462 0 0 0 
4294967295 4294967295 3757899775 4294967295 4294967295 4261412864 
2147483647
0 0 67117056 2147483648 0 0 
4294967295 4294967295 4294950911 4294967295 4294967295 4261412864 
2147483647
0 0 8192 3221225472 0 0 
4294967295 4294967295 4294950911 4294967295 4294967295 4261412864 
2147483647
0 0 0 128 167772160 0 
4294967295 4294967295 4294967295 4294967295 4227858431 4261412864 
2147483647
0 0 0 128 150994944 0 
4294967295 4294967295 4294967295 4294967295 4194303999 4261412864 
2147483647
0 0 0 128 142606336 0 
4294967295 4294967295 4294967295 4294967295 4177526783 4261412864 
2147483647
0 0 0 32 6291456 0 
4294967295 4294967295 4294967295 4294967231 4294967295 4261412864 
2147483647
0 0 0 0 2147550208 0 
4294967295 4294967295 4294967295 4294967295 4294917631 0 
2147483647
0 0 0 0 805310464 0 
4294967295 4294967295 4294967295 4294967295 4294958592 4261412864 
2147483647
0 0 0 0 71307264 0 
4294967295 4294967295 4294967295 4294967295 4236247039 4261412864 
2147483647
0 0 0 0 37752832 0 
4294967295 4294967295 4294967295 4294967295 4269801471 4261412864 
2147483647
0 0 0 0 20975616 0 
4294967295 4294967295 4294967295 4294967295 4286578687 4261412864 
2147483647
262176 16 0 0 0 0 
4294442979 4291821567 4294967295 4294967295 4294967295 4261412864 
20
262176 0 1073741824 0 0 0 
4294442979 4291821567 4294967295 4294967295 4294967295 4261412864 
20
131104 16 0 0 0 0 
4294180835 4291821567 4294967295 4294967295 4294967295 4261412864 
20
131104 0 1073741824 0 0 0 
4294180835 4291821567 4294967295 4294967295 4294967295 4261412864 
20
262272 16777216 0 0 0 0 
4291297155 4279238655 4294967295 4294967295 4294967295 4261412864 
18
262272 8388608 0 0 0 0 
4291297155 4287627263 4294967295 4294967295 4294967295 4261412864 
18
262176 0 0 268435456 0 0 
4294442979 4291821567 4294967295 4294967295 4294967295 4261412864 
18
262160 16 0 0 0 0 
4294442995 4291821567 4294967295 4294967295 4294967295 4261412864 
18
262160 0 1073741824 0 0 0 
4294442995 4291821567 4294967295 4294967295 4294967295 4261412864 
18
131200 16777216 0 0 0 0 
4291035011 4279238655 4294967295 4294967295 4294967295 4261412864 
18
131200 8388608 0 0 0 0 
4291035011 4287627263 4294967295 4294967295 4294967295 4261412864 
18
131104 0 0 268435456 0 0 
4294180835 4291821567 4294967295 4294967295 4294967295 4261412864 
18
131088 16 0 0 0 0 
4294180851 4291821567 4294967295 4294967295 4294967295 4261412864 
18
131088 0 1073741824 0 0 0 
4294180851 4291821567 4294967295 4294967295 4294967295 4261412864 
18
327712 0 0 0 0 0 
4294049763 4291821567 4294967295 4294967295 4294967295 4261412864 
16
262208 16777216 0 0 0 0 
4291297219 4279238655 4294967295 4294967295 4294967295 4261412864 
16
262208 8388608 0 0 0 0 
4291297219 4287627263 4294967295 4294967295 4294967295 4261412864 
16
262176 8 0 0 0 0 
4294442979 4291821567 4294967295 4294967295 4294967295 4261412864 
16
262176 4 0 0 0 0 
4294442979 4291821567 4294967295 4294967295 4294967295 4261412864 
16
262176 2 0 0 0 0 
4294442979 4291821567 4294967295 4294967295 4294967295 4261412864 
16
262176 1 0 0 0 0 
4294442979 4291821567 4294967295 4294967295 4294967295 4261412864 
16
262176 0 2147483648 0 0 0 
4294442979 4291821567 4294967295 4294967295 4294967295 4261412864 
16
262160 0 0 268435456 0 0 
4294442995 4291821567 4294967295 4294967295 4294967295 4261412864 
16
262152 16 0 0 0 0 
4294443003 4291821567 4294967295 4294967295 4294967295 4261412864 
16
262152 0 1073741824 0 0 0 
4294443003 4291821567 4294967295 4294967295 4294967295 4261412864 
16
196640 0 0 0 0 0 
4294049763 4291821567 4294967295 4294967295 4294967295 4261412864 
16
131136 16777216 0 0 0 0 
4291035075 4279238655 4294967295 4294967295 4294967295 4261412864 
16
131136 8388608 0 0 0 0 
4291035075 4287627263 4294967295 4294967295 4294967295 4261412864 
16
131104 8 0 0 0 0 
4294180835 4291821567 4294967295 4294967295 4294967295 4261412864 
16
131104 4 0 0 0 0 
4294180835 4291821567 4294967295 4294967295 4294967295 4261412864 
16
131104 2 0 0 0 0 
4294180835 4291821567 4294967295 4294967295 4294967295 4261412864 
16
131104 1 0 0 0 0 
4294180835 4291821567 4294967295 4294967295 4294967295 4261412864 
16
131104 0 2147483648 0 0 0 
4294180835 4291821567 4294967295 4294967295 4294967295 4261412864 
16
131088 0 0 268435456 0 0 
4294180851 4291821567 4294967295 4294967295 4294967295 4261412864 
16
131080 16 0 0 0 0 
4294180859 4291821567 4294967295 4294967295 4294967295 4261412864 
16
131080 0 1073741824 0 0 0 
4294180859 4291821567 4294967295 4294967295 4294967295 4261412864 
16
32 536903680 0 0 0 0 
4092596192 264290303 4294967295 4294967295 4294967295 4261412864 
16
32 33280 0 0 0 0 
4092596192 264257535 4294967295 4294967295 4294967295 4261412864 
16
32 32768 268435456 0 0 0 
4092596192 264257023 4294967295 4294967295 4294967295 4261412864 
16
327696 0 0 0 0 0 
4294049779 4291821567 4294967295 4294967295 4294967295 4261412864 
14
262160 8 0 0 0 0 
4294442995 4291821567 4294967295 4294967295 4294967295 4261412864 
14
262160 4 0 0 0 0 
4294442995 4291821567 4294967295 4294967295 4294967295 4261412864 
14
262160 2 0 0 0 0 
4294442995 4291821567 4294967295 4294967295 4294967295 4261412864 
14
262160 1 0 0 0 0 
4294442995 4291821567 4294967295 4294967295 4294967295 4261412864 
14
262160 0 2147483648 0 0 0 
4294442995 4291821567 4294967295 4294967295 4294967295 4261412864 
14
262152 0 0 268435456 0 0 
4294443003 4291821567 4294967295 4294967295 4294967295 4261412864 
14
196624 0 0 0 0 0 
4294049779 4291821567 4294967295 4294967295 4294967295 4261412864 
14
131088 8 0 0 0 0 
4294180851 4291821567 4294967295 4294967295 4294967295 4261412864 
14
131088 4 0 0 0 0 
4294180851 4291821567 4294967295 4294967295 4294967295 4261412864 
14
131088 2 0 0 0 0 
4294180851 4291821567 4294967295 4294967295 4294967295 4261412864 
14
131088 1 0 0 0 0 
4294180851 4291821567 4294967295 4294967295 4294967295 4261412864 
14
131088 0 2147483648 0 0 0 
4294180851 4291821567 4294967295 4294967295 4294967295 4261412864 
14
131080 0 0 268435456 0 0 
4294180859 4291821567 4294967295 4294967295 4294967295 4261412864 
14
65570 0 0 0 0 0 
4294049763 4291821567 4294967295 4294967295 4294967295 4261412864 
14
32802 0 0 0 0 0 
4092657635 4291821567 4294967295 4294967295 4294967295 4261412864 
14
33 262144 0 0 0 0 
4092624865 4291297279 4294967295 4294967295 4294967295 4261412864 
14
32 2147745792 0 0 0 0 
4092624864 4291297279 4294967295 4294967295 4294967295 4261412864 
14
32 536871424 0 0 0 0 
4092596192 264257535 4294967295 4294967295 4294967295 4261412864 
14
32 536870912 268435456 0 0 0 
4092596192 264257023 4294967295 4294967295 4294967295 4261412864 
14
16 536903680 0 0 0 0 
4092596208 264290303 4294967295 4294967295 4294967295 4261412864 
14
16 33280 0 0 0 0 
4092596208 264257535 4294967295 4294967295 4294967295 4261412864 
14
16 32768 268435456 0 0 0 
4092596208 264257023 4294967295 4294967295 4294967295 4261412864 
14
327688 0 0 0 0 0 
4294049787 4291821567 4294967295 4294967295 4294967295 4261412864 
12
262152 8 0 0 0 0 
4294443003 4291821567 4294967295 4294967295 4294967295 4261412864 
12
262152 4 0 0 0 0 
4294443003 4291821567 4294967295 4294967295 4294967295 4261412864 
12
262152 2 0 0 0 0 
4294443003 4291821567 4294967295 4294967295 4294967295 4261412864 
12
262152 1 0 0 0 0 
4294443003 4291821567 4294967295 4294967295 4294967295 4261412864 
12
262152 0 2147483648 0 0 0 
4294443003 4291821567 4294967295 4294967295 4294967295 4261412864 
12
196616 0 0 0 0 0 
4294049787 4291821567 4294967295 4294967295 4294967295 4261412864 
12
131080 8 0 0 0 0 
4294180859 4291821567 4294967295 4294967295 4294967295 4261412864 
12
131080 4 0 0 0 0 
4294180859 4291821567 4294967295 4294967295 4294967295 4261412864 
12
131080 2 0 0 0 0 
4294180859 4291821567 4294967295 4294967295 4294967295 4261412864 
12
131080 1 0 0 0 0 
4294180859 4291821567 4294967295 4294967295 4294967295 4261412864 
12
131080 0 2147483648 0 0 0 
4294180859 4291821567 4294967295 4294967295 4294967295 4261412864 
12
65554 0 0 0 0 0 
4294049779 4291821567 4294967295 4294967295 4294967295 4261412864 
12
32786 0 0 0 0 0 
4092657651 4291821567 4294967295 4294967295 4294967295 4261412864 
12
17 262144 0 0 0 0 
4092624881 4291297279 4294967295 4294967295 4294967295 4261412864 
12
16 2147745792 0 0 0 0 
4092624880 4291297279 4294967295 4294967295 4294967295 4261412864 
12
16 536871424 0 0 0 0 
4092596208 264257535 4294967295 4294967295 4294967295 4261412864 
12
16 536870912 268435456 0 0 0 
4092596208 264257023 4294967295 4294967295 4294967295 4261412864 
12
8 536903680 0 0 0 0 
4092596216 264290303 4294967295 4294967295 4294967295 4261412864 
12
8 33280 0 0 0 0 
4092596216 264257535 4294967295 4294967295 4294967295 4261412864 
12
8 32768 268435456 0 0 0 
4092596216 264257023 4294967295 4294967295 4294967295 4261412864 
12
65546 0 0 0 0 0 
4294049787 4291821567 4294967295 4294967295 4294967295 4261412864 
10
32778 0 0 0 0 0 
4092657659 4291821567 4294967295 4294967295 4294967295 4261412864 
10
32 0 131074 0 0 0 
4092596192 264257023 3489595391 4294967295 4294967295 4261412864 
10
16 0 131074 0 0 0 
4092596208 264257023 3489595391 4294967295 4294967295 4261412864 
10
9 262144 0 0 0 0 
4092624889 4291297279 4294967295 4294967295 4294967295 4261412864 
10
8 2147745792 0 0 0 0 
4092624888 4291297279 4294967295 4294967295 4294967295 4261412864 
10
8 536871424 0 0 0 0 
4092596216 264257535 4294967295 4294967295 4294967295 4261412864 
10
8 536870912 268435456 0 0 0 
4092596216 264257023 4294967295 4294967295 4294967295 4261412864 
10
8 0 131074 0 0 0 
4092596216 264257023 3489595391 4294967295 4294967295 4261412864 
10
327680 0 268435456 0 0 0 
4093382652 267402751 4294967295 4294967295 4294967295 4261412864 
8
196608 0 268435456 0 0 0 
4093513724 267402751 4294967295 4294967295 4294967295 4261412864 
8
65568 0 268435456 0 0 0 
4092596192 264257023 4294967295 4294967295 4294967295 4261412864 
8
65552 0 268435456 0 0 0 
4092596208 264257023 4294967295 4294967295 4294967295 4261412864 
8
65544 0 268435456 0 0 0 
4092596216 264257023 4294967295 4294967295 4294967295 4261412864 
8
32 0 196608 0 0 0 
4092596192 264257023 3489660927 4294967295 4294967295 4261412864 
8
16 0 196608 0 0 0 
4092596208 264257023 3489660927 4294967295 4294967295 4261412864 
8
8 0 196608 0 0 0 
4092596216 264257023 3489660927 4294967295 4294967295 4261412864 
8
327680 512 0 0 0 0 
4093382652 267403263 4294967295 4294967295 4294967295 4261412864 
6
294912 0 268435456 0 0 0 
4093382652 267402751 4294967295 4294967295 4294967295 4261412864 
6
262146 0 268435456 0 0 0 
4093382652 267402751 4294967295 4294967295 4294967295 4261412864 
6
196608 512 0 0 0 0 
4093513724 267403263 4294967295 4294967295 4294967295 4261412864 
6
163840 0 268435456 0 0 0 
4093513724 267402751 4294967295 4294967295 4294967295 4261412864 
6
131074 0 268435456 0 0 0 
4093513724 267402751 4294967295 4294967295 4294967295 4261412864 
6
65568 512 0 0 0 0 
4092596192 264257535 4294967295 4294967295 4294967295 4261412864 
6
65552 512 0 0 0 0 
4092596208 264257535 4294967295 4294967295 4294967295 4261412864 
6
65544 512 0 0 0 0 
4092596216 264257535 4294967295 4294967295 4294967295 4261412864 
6
65538 0 268435456 0 0 0 
4093579260 267402751 4294967295 4294967295 4294967295 4261412864 
6
32770 0 268435456 0 0 0 
4294938622 267402751 4294967295 4294967295 4294967295 4261412864 
6
128 16777216 268435456 0 0 0 
4089450368 251674111 4294967295 4294967295 4294967295 4261412864 
6
128 8388608 268435456 0 0 0 
4089450368 260062719 4294967295 4294967295 4294967295 4261412864 
6
64 16777216 268435456 0 0 0 
4089450432 251674111 4294967295 4294967295 4294967295 4261412864 
6
64 8388608 268435456 0 0 0 
4089450432 260062719 4294967295 4294967295 4294967295 4261412864 
6
32 2147614720 0 0 0 0 
4092624864 4291035135 4294967295 4294967295 4294967295 4261412864 
6
16 2147614720 0 0 0 0 
4092624880 4291035135 4294967295 4294967295 4294967295 4261412864 
6
8 2147614720 0 0 0 0 
4092624888 4291035135 4294967295 4294967295 4294967295 4261412864 
6
3 0 268435456 0 0 0 
4294938623 267402751 4294967295 4294967295 4294967295 4261412864 
6
327680 32768 0 0 0 0 
4093382652 267436031 4294967295 4294967295 4294967295 4261412864 
4
294912 512 0 0 0 0 
4093382652 267403263 4294967295 4294967295 4294967295 4261412864 
4
262146 512 0 0 0 0 
4093382652 267403263 4294967295 4294967295 4294967295 4261412864 
4
196608 32768 0 0 0 0 
4093513724 267436031 4294967295 4294967295 4294967295 4261412864 
4
163840 512 0 0 0 0 
4093513724 267403263 4294967295 4294967295 4294967295 4261412864 
4
131074 512 0 0 0 0 
4093513724 267403263 4294967295 4294967295 4294967295 4261412864 
4
65568 32768 0 0 0 0 
4092596192 264290303 4294967295 4294967295 4294967295 4261412864 
4
65552 32768 0 0 0 0 
4092596208 264290303 4294967295 4294967295 4294967295 4261412864 
4
65544 32768 0 0 0 0 
4092596216 264290303 4294967295 4294967295 4294967295 4261412864 
4
65538 512 0 0 0 0 
4093579260 267403263 4294967295 4294967295 4294967295 4261412864 
4
32770 512 0 0 0 0 
4294938622 267403263 4294967295 4294967295 4294967295 4261412864 
4
128 16777728 0 0 0 0 
4089450368 251674623 4294967295 4294967295 4294967295 4261412864 
4
128 8389120 0 0 0 0 
4089450368 260063231 4294967295 4294967295 4294967295 4261412864 
4
64 16777728 0 0 0 0 
4089450432 251674623 4294967295 4294967295 4294967295 4261412864 
4
64 8389120 0 0 0 0 
4089450432 260063231 4294967295 4294967295 4294967295 4261412864 
4
33 131072 0 0 0 0 
4092624865 4291035135 4294967295 4294967295 4294967295 4261412864 
4
32 1073807360 0 0 0 0 
4092624864 2143420415 4294967295 4294967295 4294967295 4261412864 
4
17 131072 0 0 0 0 
4092624881 4291035135 4294967295 4294967295 4294967295 4261412864 
4
16 1073807360 0 0 0 0 
4092624880 2143420415 4294967295 4294967295 4294967295 4261412864 
4
9 131072 0 0 0 0 
4092624889 4291035135 4294967295 4294967295 4294967295 4261412864 
4
8 1073807360 0 0 0 0 
4092624888 2143420415 4294967295 4294967295 4294967295 4261412864 
4
3 512 0 0 0 0 
4294938623 267403263 4294967295 4294967295 4294967295 4261412864 
4
0 164352 0 0 0 0 
4294967295 4294967295 4294967295 4294967295 4294967295 4261412864 
4
0 163840 268435456 0 0 0 
4294967295 4294966783 4294967295 4294967295 4294967295 4261412864 
4
0 0 2056 16384 0 0 
0 31 3254521848 532692992 0 0 
4
0 0 2052 16384 0 0 
0 31 3254521852 532692992 0 0 
4
12583936 0 0 0 0 0 
218101759 4294967295 4294967295 4294967295 4294967295 4261412864 
2
8389888 0 0 0 0 0 
213907455 4294967295 4294967295 4294967295 4294967295 4261412864 
2
4195840 0 0 0 0 0 
209713151 4294967295 4294967295 4294967295 4294967295 4261412864 
2
4194816 134217728 0 0 0 0 
209712127 4294967295 4294967295 4294967295 4294967295 4261412864 
2
294912 32768 0 0 0 0 
4093382652 267436031 4294967295 4294967295 4294967295 4261412864 
2
262147 0 0 0 0 0 
4093411327 4294967295 4294967295 4294967295 4294967295 4261412864 
2
262146 32768 0 0 0 0 
4093382652 267436031 4294967295 4294967295 4294967295 4261412864 
2
262144 32768 65536 0 0 0 
201846787 4027564032 0 0 0 0 
2
262144 32768 2 0 0 0 
201846787 4027564032 0 0 0 0 
2
163840 32768 0 0 0 0 
4093513724 267436031 4294967295 4294967295 4294967295 4261412864 
2
131075 0 0 0 0 0 
4093542399 4294967295 4294967295 4294967295 4294967295 4261412864 
2
131074 32768 0 0 0 0 
4093513724 267436031 4294967295 4294967295 4294967295 4261412864 
2
131072 32768 65536 0 0 0 
201584643 4027564032 0 0 0 0 
2
131072 32768 2 0 0 0 
201584643 4027564032 0 0 0 0 
2
98304 262144 0 0 0 0 
201424896 0 0 0 0 0 
2
98304 131072 0 0 0 0 
201424896 0 0 0 0 0 
2
65664 16777216 0 0 0 0 
4290903939 4279238655 4294967295 4294967295 4294967295 4261412864 
2
65664 8388608 0 0 0 0 
4290903939 4287627263 4294967295 4294967295 4294967295 4261412864 
2
65600 16777216 0 0 0 0 
4290904003 4279238655 4294967295 4294967295 4294967295 4261412864 
2
65600 8388608 0 0 0 0 
4290904003 4287627263 4294967295 4294967295 4294967295 4261412864 
2
65548 0 0 0 0 0 
12 3145728 0 0 0 0 
2
65538 32768 0 0 0 0 
4093579260 267436031 4294967295 4294967295 4294967295 4261412864 
2
65537 262144 0 0 0 0 
201424897 0 0 0 0 0 
2
65537 131072 0 0 0 0 
201424897 0 0 0 0 0 
2
65536 32768 65536 0 0 0 
201453571 4027564032 0 0 0 0 
2
65536 32768 2 0 0 0 
201453571 4027564032 0 0 0 0 
2
65536 512 65536 0 0 0 
201453571 4027564544 0 0 0 0 
2
65536 512 2 0 0 0 
201453571 4027564544 0 0 0 0 
2
65536 0 268435458 0 0 0 
201453571 4027564544 268435456 0 0 0 
2
32770 32768 0 0 0 0 
4294938622 267436031 4294967295 4294967295 4294967295 4261412864 
2
1792 0 0 0 0 0 
205518847 4294967295 4294967295 4294967295 4294967295 4261412864 
2
1280 67108864 0 0 0 0 
205518335 4294967295 4294967295 4294967295 4294967295 4261412864 
2
768 134217728 0 0 0 0 
205517823 4294967295 4294967295 4294967295 4294967295 4261412864 
2
288 16777216 0 0 0 0 
3146208 29360128 0 0 0 0 
2
272 16777216 0 0 0 0 
3146224 29360128 0 0 0 0 
2
264 16777216 0 0 0 0 
3146232 29360128 0 0 0 0 
2
256 201326592 0 0 0 0 
205517311 4294967295 4294967295 4294967295 4294967295 4261412864 
2
160 33554432 0 0 0 0 
3145952 62914560 0 0 0 0 
2
160 16777216 0 0 0 0 
3145952 29360128 0 0 0 0 
2
144 33554432 0 0 0 0 
3145968 62914560 0 0 0 0 
2
144 16777216 0 0 0 0 
3145968 29360128 0 0 0 0 
2
136 33554432 0 0 0 0 
3145976 62914560 0 0 0 0 
2
136 16777216 0 0 0 0 
3145976 29360128 0 0 0 0 
2
128 16809984 0 0 0 0 
4089450368 251707391 4294967295 4294967295 4294967295 4261412864 
2
128 8421376 0 0 0 0 
4089450368 260095999 4294967295 4294967295 4294967295 4261412864 
2
64 16809984 0 0 0 0 
4089450432 251707391 4294967295 4294967295 4294967295 4261412864 
2
64 8421376 0 0 0 0 
4089450432 260095999 4294967295 4294967295 4294967295 4261412864 
2
35 0 0 0 0 0 
4092624867 4291821567 4294967295 4294967295 4294967295 4261412864 
2
32 2147549184 0 0 0 0 
4092624864 4290904063 4294967295 4294967295 4294967295 4261412864 
2
32 1073872896 0 0 0 0 
4092624864 2143551487 4294967295 4294967295 4294967295 4261412864 
2
32 0 6 0 0 0 
4092596192 264257023 3489464319 4294967295 4294967295 4261412864 
2
32 0 4 1048576 0 0 
4092596192 264257023 3489464317 4294967295 4294967295 4261412864 
2
19 0 0 0 0 0 
4092624883 4291821567 4294967295 4294967295 4294967295 4261412864 
2
16 2147549184 0 0 0 0 
4092624880 4290904063 4294967295 4294967295 4294967295 4261412864 
2
16 1073872896 0 0 0 0 
4092624880 2143551487 4294967295 4294967295 4294967295 4261412864 
2
16 0 6 0 0 0 
4092596208 264257023 3489464319 4294967295 4294967295 4261412864 
2
16 0 4 1048576 0 0 
4092596208 264257023 3489464317 4294967295 4294967295 4261412864 
2
11 0 0 0 0 0 
4092624891 4291821567 4294967295 4294967295 4294967295 4261412864 
2
8 2147549184 0 0 0 0 
4092624888 4290904063 4294967295 4294967295 4294967295 4261412864 
2
8 1073872896 0 0 0 0 
4092624888 2143551487 4294967295 4294967295 4294967295 4261412864 
2
8 0 6 0 0 0 
4092596216 264257023 3489464319 4294967295 4294967295 4261412864 
2
8 0 4 1048576 0 0 
4092596216 264257023 3489464317 4294967295 4294967295 4261412864 
2
3 2147483648 0 0 0 0 
4294967295 4294967295 4294967295 4294967295 4294967295 4261412864 
2
3 32768 0 0 0 0 
4294938623 267436031 4294967295 4294967295 4294967295 4261412864 
2
0 3221356544 0 0 0 0 
4294967295 4294967295 4294967295 4294967295 4294967295 4261412864 
2
0 3221291008 0 0 0 0 
4294967295 4294967295 4294967295 4294967295 4294967295 4261412864 
2
0 2147778560 0 0 0 0 
4294938623 2415706111 4294967295 4294967295 4294967295 4261412864 
2
0 2147647488 0 0 0 0 
4294938623 2415837183 4294967295 4294967295 4294967295 4261412864 
2
0 2147581952 0 0 0 0 
4294938623 2415902719 4294967295 4294967295 4294967295 4261412864 
2
0 33556544 0 0 0 0 
4294967295 4294966143 4294967295 4294967295 4294967295 4261412864 
2
0 32768 196608 0 0 0 
4294967295 4294966783 3489660927 4294967295 4294967295 4261412864 
2
0 32768 131074 0 0 0 
4294967295 4294966783 3489595391 4294967295 4294967295 4261412864 
2
0 32768 6 0 0 0 
4294967295 4294966783 3489464319 4294967295 4294967295 4261412864 
2
0 32768 4 1048576 0 0 
4294967295 4294966783 3489464317 4294967295 4294967295 4261412864 
2
0 512 6 0 0 0 
4294967295 4294967295 3489464319 4294967295 4294967295 4261412864 
2
0 512 4 1048576 0 0 
4294967295 4294967295 3489464317 4294967295 4294967295 4261412864 
2
0 16 0 0 536879104 0 
4294967295 4294967295 4294967295 4294967295 4294967295 4261412864 
2
0 16 0 0 536875008 0 
4294967295 4294967295 4294967295 4294967295 4294958592 4261412864 
2
0 0 1073741824 0 536879104 0 
4294967295 4294967295 4294967295 4294967295 4294967295 4261412864 
2
0 0 1073741824 0 536875008 0 
4294967295 4294967295 4294967295 4294967295 4294958592 4261412864 
2
0 0 268435460 1048576 0 0 
4294967295 4294967295 3757899773 4294967295 4294967295 4261412864 
2
0 0 16782336 0 0 0 
4294967295 4294967295 4294965247 4294967295 4294967295 4261412864 
2
0 0 65540 1048576 0 0 
4294967295 4294967295 4294967293 4294967295 4294967295 4261412864 
2
0 0 5120 268435456 0 0 
4294967295 4294967295 4294965247 4294967295 4294967295 4261412864 
2
0 0 4104 16384 0 0 
0 31 3254525944 532692992 0 0 
2
0 0 4104 32 0 0 
0 31 3254525944 532693024 0 0 
2
0 0 4100 16384 0 0 
0 31 3254525948 532692992 0 0 
2
0 0 4100 32 0 0 
0 31 3254525948 532693024 0 0 
2
0 0 2056 32 0 0 
0 31 3254521848 532693024 0 0 
2
0 0 2052 32 0 0 
0 31 3254521852 532693024 0 0 
2
0 0 0 318767104 0 0 
4294967295 4294967295 4294967295 4294967295 4294967295 4261412864 
2
0 0 0 268435456 536875008 0 
4294967295 4294967295 4294967295 4294967295 4294958592 4261412864 
2
0 0 0 100663328 0 0 
4294967295 4294967295 4294967295 4294950911 4294967295 4261412864 
2
0 0 0 54525952 0 0 
4294967295 4294967295 4294967295 4294967295 4294967295 4261412864 
2
0 0 0 50331680 0 0 
4294967295 4294967295 4294967295 4294950911 4294967295 4261412864 
2
0 0 0 128 138412032 0 
4294967295 4294967295 4294967295 4294967295 4169138175 4261412864 
2
0 0 0 32 37748736 0 
0 0 0 0 62914560 0 
2
0 0 0 0 39845888 0 
0 0 0 0 62914560 0 
2
