4
0 1 2 3 
1333
0 33554432 0 0 0 
4294967295 4294934527 4294967295 4294967295 4294901760 
2147483647
2048 0 0 0 0 
134090750 268238337 4228380735 4030710015 3237937152 
6
4096 0 0 0 0 
134094846 268238337 4228380735 4030710015 3237937152 
4
8192 0 0 0 0 
134103038 268238337 4228380735 4030710015 3237937152 
2
512 0 0 0 0 
33424382 33324545 4228380735 4030710015 3237937152 
2
24576 0 0 0 0 
134103038 268238337 4228380735 4030710015 3237937152 
2147483647
20480 0 0 0 0 
134094846 268238337 4228380735 4030710015 3237937152 
2147483647
18432 0 0 0 0 
134090750 268238337 4228380735 4030710015 3237937152 
2147483647
12288 0 0 0 0 
4160872449 4026728958 66586560 264257280 1056964608 
2147483647
12288 0 0 0 0 
134094846 268238337 4228380735 4030710015 3237937152 
2147483647
10240 0 0 0 0 
4160872449 4026728958 66586560 264257280 1056964608 
2147483647
10240 0 0 0 0 
134090750 268238337 4228380735 4030710015 3237937152 
2147483647
9216 0 0 0 0 
4160872449 4026728958 66586560 264257280 1056964608 
2147483647
8704 0 0 0 0 
4160872449 4026728958 66586560 264257280 1056964608 
2147483647
6144 0 0 0 0 
4160876545 4026728958 66586560 264257280 1056964608 
2147483647
6144 0 0 0 0 
134090750 268238337 4228380735 4030710015 3237937152 
2147483647
5120 0 0 0 0 
4160876545 4026728958 66586560 264257280 1056964608 
2147483647
4608 0 0 0 0 
4160876545 4026728958 66586560 264257280 1056964608 
2147483647
3072 0 0 0 0 
4160878593 4026728958 66586560 264257280 1056964608 
2147483647
3072 0 0 0 0 
100666368 0 0 0 0 
2147483647
3072 0 0 0 0 
33427454 268238337 4228380735 4030710015 3237937152 
2147483647
2560 0 0 0 0 
4160878593 4026728958 66586560 264257280 1056964608 
2147483647
2560 0 0 0 0 
33424382 33324545 4228380735 4030710015 3237937152 
2147483647
2304 0 0 0 0 
33423870 33324545 4228380735 4030710015 3237937152 
2147483647
1536 0 0 0 0 
4261543425 4261642750 66586560 264257280 1056964608 
2147483647
1536 0 0 0 0 
33424382 33324545 4228380735 4030710015 3237937152 
2147483647
1280 0 0 0 0 
33423870 33324545 4228380735 4030710015 3237937152 
2147483647
0 525312 0 0 0 
4294967295 4294967295 4294967295 4294967295 4294901760 
2147483647
0 8 1048576 0 0 
4294967295 4294967289 4294443007 4294967295 4294901760 
2147483647
0 4 1048576 0 0 
4294967295 4294967293 4294443007 4294967295 4294901760 
2147483647
0 0 393216 0 0 
4294967295 4294967294 2147483647 4294967295 4294901760 
2147483647
0 0 0 67112960 0 
4294967295 4294967295 4294967295 4160741375 3489595392 
2147483647
0 0 0 67110912 0 
4294967295 4294967295 4294967295 4160737279 3489595392 
2147483647
0 0 0 6 0 
4294967295 4294967295 4294967295 4294967295 4294115328 
2147483647
4352 0 0 0 0 
33423870 33324545 4228380735 4030710015 3237937152 
8
8448 0 0 0 0 
33423870 33324545 4228380735 4030710015 3237937152 
6
33024 0 0 0 0 
33423870 33324545 4228380735 4030710015 3237937152 
4
16640 0 0 0 0 
33423870 33324545 4228380735 4030710015 3237937152 
4
256 2147483648 0 0 0 
33423870 33324545 4228380735 4030710015 3237937152 
4
256 1073741824 0 0 0 
33423870 33324545 4228380735 4030710015 3237937152 
4
256 536870912 0 0 0 
33423870 33324545 4228380735 4030710015 3237937152 
4
256 65536 0 0 0 
33423870 33324545 4228380735 4030710015 3237937152 
4
256 128 0 0 0 
33423870 33324545 4228380735 4030710015 3237937152 
4
256 64 0 0 0 
33423870 33324545 4228380735 4030710015 3237937152 
4
256 32 0 0 0 
33423870 33324545 4228380735 4030710015 3237937152 
4
256 16 0 0 0 
33423870 33324545 4228380735 4030710015 3237937152 
4
256 8 0 0 0 
33423870 33324545 4228380735 4030710015 3237937152 
4
256 4 0 0 0 
33423870 33324545 4228380735 4030710015 3237937152 
4
256 0 16777216 0 0 
33423870 33324545 4228380735 4030710015 3237937152 
4
256 0 8388608 0 0 
33423870 33324545 4228380735 4030710015 3237937152 
4
256 0 4194304 0 0 
33423870 33324545 4228380735 4030710015 3237937152 
4
256 0 2097152 0 0 
33423870 33324545 4228380735 4030710015 3237937152 
4
256 0 1048576 0 0 
33423870 33324545 4228380735 4030710015 3237937152 
4
256 0 1024 0 0 
33423870 33324545 4228380735 4030710015 3237937152 
4
256 0 512 0 0 
33423870 33324545 4228380735 4030710015 3237937152 
4
256 0 256 0 0 
33423870 33324545 4228380735 4030710015 3237937152 
4
256 0 128 0 0 
33423870 33324545 4228380735 4030710015 3237937152 
4
256 0 64 0 0 
33423870 33324545 4228380735 4030710015 3237937152 
4
256 0 0 67108864 0 
33423870 33324545 4228380735 4030710015 3237937152 
4
256 0 0 33554432 0 
33423870 33324545 4228380735 4030710015 3237937152 
4
256 0 0 16777216 0 
33423870 33324545 4228380735 4030710015 3237937152 
4
256 0 0 8388608 0 
33423870 33324545 4228380735 4030710015 3237937152 
4
256 0 0 4194304 0 
33423870 33324545 4228380735 4030710015 3237937152 
4
256 0 0 4096 0 
33423870 33324545 4228380735 4030710015 3237937152 
4
256 0 0 2048 0 
33423870 33324545 4228380735 4030710015 3237937152 
4
256 0 0 1024 0 
33423870 33324545 4228380735 4030710015 3237937152 
4
256 0 0 512 0 
33423870 33324545 4228380735 4030710015 3237937152 
4
256 0 0 256 0 
33423870 33324545 4228380735 4030710015 3237937152 
4
0 0 2 8 0 
4294967295 4294967294 2147024835 4291034895 4279173120 
4
24576 0 0 0 0 
4160872449 4026728958 66586560 264257280 1056964608 
2
4 524288 0 0 0 
4294967295 4294967295 4294967295 4294967295 4294901760 
2
0 536936448 0 0 0 
4294967295 4294967295 4294967295 4294967295 4294901760 
2
0 536870944 0 0 0 
4294967295 4294901759 4294967295 4294967295 4294901760 
2
0 65568 0 0 0 
4294967295 4294967295 4294967295 4294967295 4294901760 
2
0 32 8388608 0 0 
4294967295 4294967265 4287100991 4030710015 3237937152 
2
0 32 4194304 0 0 
4294967295 4294967295 4294967295 4294967295 4294901760 
2
0 0 268468224 0 0 
4290904033 4293130750 1945667520 264257280 1056964608 
2
0 0 4194816 0 0 
4294967295 4294967295 4294967295 4294967295 4294901760 
2
0 0 131088 0 0 
0 1 2147876880 0 0 
2
0 0 49152 0 0 
4290904033 4293130750 1945683904 264257280 1056964608 
2
0 0 16385 0 0 
4290904033 4293130750 1945683905 264257280 1056964608 
2
0 0 12288 0 0 
4294967295 4294967295 4294967295 4294967295 4294901760 
2
0 0 512 16777216 0 
4294967295 4294967295 4294967295 4294967295 4294901760 
2
0 0 24 0 0 
4294967295 4294967295 4294967295 4294967295 4294901760 
2
0 0 12 0 0 
4294967295 4294967295 4294967295 4294967295 4294901760 
2
0 0 6 0 0 
4294967295 4294967295 4294967295 4294967295 4294901760 
2
0 0 4 16 0 
4294967295 4294967294 2147024839 4291034911 4279173120 
2
0 0 4 8 0 
4294967295 4294967294 2147024839 4291034895 4279173120 
2
0 0 2 16 0 
4294967295 4294967294 2147024835 4291034911 4279173120 
2
0 0 0 33556480 0 
4294967295 4294967295 4294967295 4093628415 3489595392 
2
4227200 0 0 0 0 
8257790 33324545 4228380735 4030710015 3237937152 
2147483647
4210816 0 0 0 0 
8257790 33324545 4228380735 4030710015 3237937152 
2147483647
4202624 0 0 0 0 
8257790 33324545 4228380735 4030710015 3237937152 
2147483647
4198528 0 0 0 0 
8257790 33324545 4228380735 4030710015 3237937152 
2147483647
4196480 0 0 0 0 
8257790 33324545 4228380735 4030710015 3237937152 
2147483647
4195456 0 0 0 0 
8257790 33324545 4228380735 4030710015 3237937152 
2147483647
4194944 0 0 0 0 
8257790 33324545 4228380735 4030710015 3237937152 
2147483647
4194824 0 0 0 0 
4261543425 4261642750 66586560 264257280 1056964608 
2147483647
4194820 0 0 0 0 
4261543425 4261642750 66586560 264257280 1056964608 
2147483647
4194816 524288 0 0 0 
4261543425 4261642750 66586560 264257280 1056964608 
2147483647
4194816 1024 0 0 0 
4261543425 4261642750 66586560 264257280 1056964608 
2147483647
4194816 0 134217728 0 0 
4261543425 4261642750 66586560 264257280 1056964608 
2147483647
4194816 0 262144 0 0 
4261543425 4261642750 66586560 264257280 1056964608 
2147483647
4194816 0 131072 0 0 
4261543425 4261642750 66586560 264257280 1056964608 
2147483647
4194816 0 32768 0 0 
4261543425 4261642750 66586560 264257280 1056964608 
2147483647
4194816 0 16384 0 0 
4261543425 4261642750 66586560 264257280 1056964608 
2147483647
4194816 0 8192 0 0 
4261543425 4261642750 66586560 264257280 1056964608 
2147483647
4194816 0 4096 0 0 
4261543425 4261642750 66586560 264257280 1056964608 
2147483647
4194816 0 16 0 0 
4261543425 4261642750 66586560 264257280 1056964608 
2147483647
4194816 0 8 0 0 
4261543425 4261642750 66586560 264257280 1056964608 
2147483647
4194816 0 4 0 0 
4261543425 4261642750 66586560 264257280 1056964608 
2147483647
4194816 0 2 0 0 
4261543425 4261642750 66586560 264257280 1056964608 
2147483647
4194816 0 1 0 0 
4261543425 4261642750 66586560 264257280 1056964608 
2147483647
4194816 0 0 2147483648 0 
4261543425 4261642750 66586560 264257280 1056964608 
2147483647
4194816 0 0 1073741824 0 
4261543425 4261642750 66586560 264257280 1056964608 
2147483647
4194816 0 0 536870912 0 
4261543425 4261642750 66586560 264257280 1056964608 
2147483647
4194816 0 0 1048576 0 
4261543425 4261642750 66586560 264257280 1056964608 
2147483647
4194816 0 0 524288 0 
4261543425 4261642750 66586560 264257280 1056964608 
2147483647
4194816 0 0 262144 0 
4261543425 4261642750 66586560 264257280 1056964608 
2147483647
4194816 0 0 131072 0 
4261543425 4261642750 66586560 264257280 1056964608 
2147483647
4194816 0 0 65536 0 
4261543425 4261642750 66586560 264257280 1056964608 
2147483647
4194816 0 0 32768 0 
4261543425 4261642750 66586560 264257280 1056964608 
2147483647
4194816 0 0 64 0 
4261543425 4261642750 66586560 264257280 1056964608 
2147483647
4194816 0 0 32 0 
4261543425 4261642750 66586560 264257280 1056964608 
2147483647
4194816 0 0 16 0 
4261543425 4261642750 66586560 264257280 1056964608 
2147483647
4194816 0 0 8 0 
4261543425 4261642750 66586560 264257280 1056964608 
2147483647
4194816 0 0 4 0 
4261543425 4261642750 66586560 264257280 1056964608 
2147483647
4194816 0 0 2 0 
4261543425 4261642750 66586560 264257280 1056964608 
2147483647
4194816 0 0 1 0 
4261543425 4261642750 66586560 264257280 1056964608 
2147483647
4194816 0 0 0 2147483648 
4261543425 4261642750 66586560 264257280 1056964608 
2147483647
4194568 0 0 0 0 
4261543681 4261642750 66586560 264257280 1056964608 
2147483647
4194564 0 0 0 0 
4261543681 4261642750 66586560 264257280 1056964608 
2147483647
4194560 524288 0 0 0 
4261543681 4261642750 66586560 264257280 1056964608 
2147483647
4194560 1024 0 0 0 
4261543681 4261642750 66586560 264257280 1056964608 
2147483647
4194560 0 134217728 0 0 
4261543681 4261642750 66586560 264257280 1056964608 
2147483647
4194560 0 262144 0 0 
4261543681 4261642750 66586560 264257280 1056964608 
2147483647
4194560 0 131072 0 0 
4261543681 4261642750 66586560 264257280 1056964608 
2147483647
4194560 0 32768 0 0 
4261543681 4261642750 66586560 264257280 1056964608 
2147483647
4194560 0 16384 0 0 
4261543681 4261642750 66586560 264257280 1056964608 
2147483647
4194560 0 8192 0 0 
4261543681 4261642750 66586560 264257280 1056964608 
2147483647
4194560 0 4096 0 0 
4261543681 4261642750 66586560 264257280 1056964608 
2147483647
4194560 0 16 0 0 
4261543681 4261642750 66586560 264257280 1056964608 
2147483647
4194560 0 8 0 0 
4261543681 4261642750 66586560 264257280 1056964608 
2147483647
4194560 0 4 0 0 
4261543681 4261642750 66586560 264257280 1056964608 
2147483647
4194560 0 2 0 0 
4261543681 4261642750 66586560 264257280 1056964608 
2147483647
4194560 0 1 0 0 
4261543681 4261642750 66586560 264257280 1056964608 
2147483647
4194560 0 0 2147483648 0 
4261543681 4261642750 66586560 264257280 1056964608 
2147483647
4194560 0 0 1073741824 0 
4261543681 4261642750 66586560 264257280 1056964608 
2147483647
4194560 0 0 536870912 0 
4261543681 4261642750 66586560 264257280 1056964608 
2147483647
4194560 0 0 1048576 0 
4261543681 4261642750 66586560 264257280 1056964608 
2147483647
4194560 0 0 524288 0 
4261543681 4261642750 66586560 264257280 1056964608 
2147483647
4194560 0 0 262144 0 
4261543681 4261642750 66586560 264257280 1056964608 
2147483647
4194560 0 0 131072 0 
4261543681 4261642750 66586560 264257280 1056964608 
2147483647
4194560 0 0 65536 0 
4261543681 4261642750 66586560 264257280 1056964608 
2147483647
4194560 0 0 32768 0 
4261543681 4261642750 66586560 264257280 1056964608 
2147483647
4194560 0 0 64 0 
4261543681 4261642750 66586560 264257280 1056964608 
2147483647
4194560 0 0 32 0 
4261543681 4261642750 66586560 264257280 1056964608 
2147483647
4194560 0 0 16 0 
4261543681 4261642750 66586560 264257280 1056964608 
2147483647
4194560 0 0 8 0 
4261543681 4261642750 66586560 264257280 1056964608 
2147483647
4194560 0 0 4 0 
4261543681 4261642750 66586560 264257280 1056964608 
2147483647
4194560 0 0 2 0 
4261543681 4261642750 66586560 264257280 1056964608 
2147483647
4194560 0 0 1 0 
4261543681 4261642750 66586560 264257280 1056964608 
2147483647
4194560 0 0 0 2147483648 
4261543681 4261642750 66586560 264257280 1056964608 
2147483647
4194440 0 0 0 0 
4290903937 4261642750 66586560 264257280 1056964608 
2147483647
4194436 0 0 0 0 
4290903937 4261642750 66586560 264257280 1056964608 
2147483647
4194432 2147483648 0 0 0 
8257790 33324545 4228380735 4030710015 3237937152 
2147483647
4194432 1073741824 0 0 0 
8257790 33324545 4228380735 4030710015 3237937152 
2147483647
4194432 536870912 0 0 0 
8257790 33324545 4228380735 4030710015 3237937152 
2147483647
4194432 524288 0 0 0 
4290903937 4261642750 66586560 264257280 1056964608 
2147483647
4194432 65536 0 0 0 
8257790 33324545 4228380735 4030710015 3237937152 
2147483647
4194432 1024 0 0 0 
4290903937 4261642750 66586560 264257280 1056964608 
2147483647
4194432 128 0 0 0 
8257790 33324545 4228380735 4030710015 3237937152 
2147483647
4194432 64 0 0 0 
8257790 33324545 4228380735 4030710015 3237937152 
2147483647
4194432 32 0 0 0 
8257790 33324545 4228380735 4030710015 3237937152 
2147483647
4194432 16 0 0 0 
8257790 33324545 4228380735 4030710015 3237937152 
2147483647
4194432 8 0 0 0 
8257790 33324545 4228380735 4030710015 3237937152 
2147483647
4194432 4 0 0 0 
8257790 33324545 4228380735 4030710015 3237937152 
2147483647
4194432 0 134217728 0 0 
4290903937 4261642750 66586560 264257280 1056964608 
2147483647
4194432 0 16777216 0 0 
8257790 33324545 4228380735 4030710015 3237937152 
2147483647
4194432 0 8388608 0 0 
8257790 33324545 4228380735 4030710015 3237937152 
2147483647
4194432 0 4194304 0 0 
8257790 33324545 4228380735 4030710015 3237937152 
2147483647
4194432 0 2097152 0 0 
8257790 33324545 4228380735 4030710015 3237937152 
2147483647
4194432 0 1048576 0 0 
8257790 33324545 4228380735 4030710015 3237937152 
2147483647
4194432 0 262144 0 0 
4290903937 4261642750 66586560 264257280 1056964608 
2147483647
4194432 0 131072 0 0 
4290903937 4261642750 66586560 264257280 1056964608 
2147483647
4194432 0 32768 0 0 
4290903937 4261642750 66586560 264257280 1056964608 
2147483647
4194432 0 16384 0 0 
4290903937 4261642750 66586560 264257280 1056964608 
2147483647
4194432 0 8192 0 0 
4290903937 4261642750 66586560 264257280 1056964608 
2147483647
4194432 0 4096 0 0 
4290903937 4261642750 66586560 264257280 1056964608 
2147483647
4194432 0 1024 0 0 
8257790 33324545 4228380735 4030710015 3237937152 
2147483647
4194432 0 512 0 0 
8257790 33324545 4228380735 4030710015 3237937152 
2147483647
4194432 0 256 0 0 
8257790 33324545 4228380735 4030710015 3237937152 
2147483647
4194432 0 128 0 0 
8257790 33324545 4228380735 4030710015 3237937152 
2147483647
4194432 0 64 0 0 
8257790 33324545 4228380735 4030710015 3237937152 
2147483647
4194432 0 16 0 0 
4290903937 4261642750 66586560 264257280 1056964608 
2147483647
4194432 0 8 0 0 
4290903937 4261642750 66586560 264257280 1056964608 
2147483647
4194432 0 4 0 0 
4290903937 4261642750 66586560 264257280 1056964608 
2147483647
4194432 0 2 0 0 
4290903937 4261642750 66586560 264257280 1056964608 
2147483647
4194432 0 1 0 0 
4290903937 4261642750 66586560 264257280 1056964608 
2147483647
4194432 0 0 2147483648 0 
4290903937 4261642750 66586560 264257280 1056964608 
2147483647
4194432 0 0 1073741824 0 
4290903937 4261642750 66586560 264257280 1056964608 
2147483647
4194432 0 0 536870912 0 
4290903937 4261642750 66586560 264257280 1056964608 
2147483647
4194432 0 0 67108864 0 
8257790 33324545 4228380735 4030710015 3237937152 
2147483647
4194432 0 0 33554432 0 
8257790 33324545 4228380735 4030710015 3237937152 
2147483647
4194432 0 0 16777216 0 
8257790 33324545 4228380735 4030710015 3237937152 
2147483647
4194432 0 0 8388608 0 
8257790 33324545 4228380735 4030710015 3237937152 
2147483647
4194432 0 0 4194304 0 
8257790 33324545 4228380735 4030710015 3237937152 
2147483647
4194432 0 0 1048576 0 
4290903937 4261642750 66586560 264257280 1056964608 
2147483647
4194432 0 0 524288 0 
4290903937 4261642750 66586560 264257280 1056964608 
2147483647
4194432 0 0 262144 0 
4290903937 4261642750 66586560 264257280 1056964608 
2147483647
4194432 0 0 131072 0 
4290903937 4261642750 66586560 264257280 1056964608 
2147483647
4194432 0 0 65536 0 
4290903937 4261642750 66586560 264257280 1056964608 
2147483647
4194432 0 0 32768 0 
4290903937 4261642750 66586560 264257280 1056964608 
2147483647
4194432 0 0 4096 0 
8257790 33324545 4228380735 4030710015 3237937152 
2147483647
4194432 0 0 2048 0 
8257790 33324545 4228380735 4030710015 3237937152 
2147483647
4194432 0 0 1024 0 
8257790 33324545 4228380735 4030710015 3237937152 
2147483647
4194432 0 0 512 0 
8257790 33324545 4228380735 4030710015 3237937152 
2147483647
4194432 0 0 256 0 
8257790 33324545 4228380735 4030710015 3237937152 
2147483647
4194432 0 0 64 0 
4290903937 4261642750 66586560 264257280 1056964608 
2147483647
4194432 0 0 32 0 
4290903937 4261642750 66586560 264257280 1056964608 
2147483647
4194432 0 0 16 0 
4290903937 4261642750 66586560 264257280 1056964608 
2147483647
4194432 0 0 8 0 
4290903937 4261642750 66586560 264257280 1056964608 
2147483647
4194432 0 0 4 0 
4290903937 4261642750 66586560 264257280 1056964608 
2147483647
4194432 0 0 2 0 
4290903937 4261642750 66586560 264257280 1056964608 
2147483647
4194432 0 0 1 0 
4290903937 4261642750 66586560 264257280 1056964608 
2147483647
4194432 0 0 0 2147483648 
4290903937 4261642750 66586560 264257280 1056964608 
2147483647
4194304 0 536887296 0 0 
4290904033 4293130750 1945651136 264257280 1056964608 
2147483647
33408 0 0 0 0 
4261543425 4261642750 66586560 264257280 1056964608 
2147483647
33152 0 0 0 0 
4261543681 4261642750 66586560 264257280 1056964608 
2147483647
24576 536870912 0 0 0 
4160872449 3758293502 66586560 264257280 1056964608 
2147483647
17024 0 0 0 0 
4261543425 4261642750 66586560 264257280 1056964608 
2147483647
16768 0 0 0 0 
4261543681 4261642750 66586560 264257280 1056964608 
2147483647
8832 0 0 0 0 
100679168 234913792 0 0 0 
2147483647
8576 0 0 0 0 
4160872449 4026728958 66586560 264257280 1056964608 
2147483647
8576 0 0 0 0 
100679424 234913792 0 0 0 
2147483647
4736 0 0 0 0 
100670976 234913792 0 0 0 
2147483647
4480 0 0 0 0 
4160876545 4026728958 66586560 264257280 1056964608 
2147483647
4480 0 0 0 0 
100671232 234913792 0 0 0 
2147483647
2688 0 0 0 0 
100666880 234913792 0 0 0 
2147483647
2432 0 0 0 0 
4160878593 4026728958 66586560 264257280 1056964608 
2147483647
2432 0 0 0 0 
100667136 234913792 0 0 0 
2147483647
1408 0 0 0 0 
4261543681 4261642750 66586560 264257280 1056964608 
2147483647
648 0 0 0 0 
4261543425 4261642750 66586560 264257280 1056964608 
2147483647
644 0 0 0 0 
4261543425 4261642750 66586560 264257280 1056964608 
2147483647
640 2147483648 0 0 0 
4261543425 4261642750 66586560 264257280 1056964608 
2147483647
640 1073741824 0 0 0 
4261543425 4261642750 66586560 264257280 1056964608 
2147483647
640 536870912 0 0 0 
4261543425 4261642750 66586560 264257280 1056964608 
2147483647
640 524288 0 0 0 
4261543425 4261642750 66586560 264257280 1056964608 
2147483647
640 65536 0 0 0 
4261543425 4261642750 66586560 264257280 1056964608 
2147483647
640 1024 0 0 0 
4261543425 4261642750 66586560 264257280 1056964608 
2147483647
640 128 0 0 0 
4261543425 4261642750 66586560 264257280 1056964608 
2147483647
640 64 0 0 0 
4261543425 4261642750 66586560 264257280 1056964608 
2147483647
640 32 0 0 0 
4261543425 4261642750 66586560 264257280 1056964608 
2147483647
640 16 0 0 0 
4261543425 4261642750 66586560 264257280 1056964608 
2147483647
640 8 0 0 0 
4261543425 4261642750 66586560 264257280 1056964608 
2147483647
640 4 0 0 0 
4261543425 4261642750 66586560 264257280 1056964608 
2147483647
640 0 134217728 0 0 
4261543425 4261642750 66586560 264257280 1056964608 
2147483647
640 0 16777216 0 0 
4261543425 4261642750 66586560 264257280 1056964608 
2147483647
640 0 8388608 0 0 
4261543425 4261642750 66586560 264257280 1056964608 
2147483647
640 0 4194304 0 0 
4261543425 4261642750 66586560 264257280 1056964608 
2147483647
640 0 2097152 0 0 
4261543425 4261642750 66586560 264257280 1056964608 
2147483647
640 0 1048576 0 0 
4261543425 4261642750 66586560 264257280 1056964608 
2147483647
640 0 262144 0 0 
4261543425 4261642750 66586560 264257280 1056964608 
2147483647
640 0 131072 0 0 
4261543425 4261642750 66586560 264257280 1056964608 
2147483647
640 0 32768 0 0 
4261543425 4261642750 66586560 264257280 1056964608 
2147483647
640 0 16384 0 0 
4261543425 4261642750 66586560 264257280 1056964608 
2147483647
640 0 8192 0 0 
4261543425 4261642750 66586560 264257280 1056964608 
2147483647
640 0 4096 0 0 
4261543425 4261642750 66586560 264257280 1056964608 
2147483647
640 0 1024 0 0 
4261543425 4261642750 66586560 264257280 1056964608 
2147483647
640 0 512 0 0 
4261543425 4261642750 66586560 264257280 1056964608 
2147483647
640 0 256 0 0 
4261543425 4261642750 66586560 264257280 1056964608 
2147483647
640 0 128 0 0 
4261543425 4261642750 66586560 264257280 1056964608 
2147483647
640 0 64 0 0 
4261543425 4261642750 66586560 264257280 1056964608 
2147483647
640 0 16 0 0 
4261543425 4261642750 66586560 264257280 1056964608 
2147483647
640 0 8 0 0 
4261543425 4261642750 66586560 264257280 1056964608 
2147483647
640 0 4 0 0 
4261543425 4261642750 66586560 264257280 1056964608 
2147483647
640 0 2 0 0 
4261543425 4261642750 66586560 264257280 1056964608 
2147483647
640 0 1 0 0 
4261543425 4261642750 66586560 264257280 1056964608 
2147483647
640 0 0 2147483648 0 
4261543425 4261642750 66586560 264257280 1056964608 
2147483647
640 0 0 1073741824 0 
4261543425 4261642750 66586560 264257280 1056964608 
2147483647
640 0 0 536870912 0 
4261543425 4261642750 66586560 264257280 1056964608 
2147483647
640 0 0 67108864 0 
4261543425 4261642750 66586560 264257280 1056964608 
2147483647
640 0 0 33554432 0 
4261543425 4261642750 66586560 264257280 1056964608 
2147483647
640 0 0 16777216 0 
4261543425 4261642750 66586560 264257280 1056964608 
2147483647
640 0 0 8388608 0 
4261543425 4261642750 66586560 264257280 1056964608 
2147483647
640 0 0 4194304 0 
4261543425 4261642750 66586560 264257280 1056964608 
2147483647
640 0 0 1048576 0 
4261543425 4261642750 66586560 264257280 1056964608 
2147483647
640 0 0 524288 0 
4261543425 4261642750 66586560 264257280 1056964608 
2147483647
640 0 0 262144 0 
4261543425 4261642750 66586560 264257280 1056964608 
2147483647
640 0 0 131072 0 
4261543425 4261642750 66586560 264257280 1056964608 
2147483647
640 0 0 65536 0 
4261543425 4261642750 66586560 264257280 1056964608 
2147483647
640 0 0 32768 0 
4261543425 4261642750 66586560 264257280 1056964608 
2147483647
640 0 0 4096 0 
4261543425 4261642750 66586560 264257280 1056964608 
2147483647
640 0 0 2048 0 
4261543425 4261642750 66586560 264257280 1056964608 
2147483647
640 0 0 1024 0 
4261543425 4261642750 66586560 264257280 1056964608 
2147483647
640 0 0 512 0 
4261543425 4261642750 66586560 264257280 1056964608 
2147483647
640 0 0 256 0 
4261543425 4261642750 66586560 264257280 1056964608 
2147483647
640 0 0 64 0 
4261543425 4261642750 66586560 264257280 1056964608 
2147483647
640 0 0 32 0 
4261543425 4261642750 66586560 264257280 1056964608 
2147483647
640 0 0 16 0 
4261543425 4261642750 66586560 264257280 1056964608 
2147483647
640 0 0 8 0 
4261543425 4261642750 66586560 264257280 1056964608 
2147483647
640 0 0 4 0 
4261543425 4261642750 66586560 264257280 1056964608 
2147483647
640 0 0 2 0 
4261543425 4261642750 66586560 264257280 1056964608 
2147483647
640 0 0 1 0 
4261543425 4261642750 66586560 264257280 1056964608 
2147483647
640 0 0 0 2147483648 
4261543425 4261642750 66586560 264257280 1056964608 
2147483647
392 0 0 0 0 
4261543681 4261642750 66586560 264257280 1056964608 
2147483647
388 0 0 0 0 
4261543681 4261642750 66586560 264257280 1056964608 
2147483647
384 2147483648 0 0 0 
4261543681 4261642750 66586560 264257280 1056964608 
2147483647
384 1073741824 0 0 0 
4261543681 4261642750 66586560 264257280 1056964608 
2147483647
384 536870912 0 0 0 
4261543681 4261642750 66586560 264257280 1056964608 
2147483647
384 524288 0 0 0 
4261543681 4261642750 66586560 264257280 1056964608 
2147483647
384 65536 0 0 0 
4261543681 4261642750 66586560 264257280 1056964608 
2147483647
384 1024 0 0 0 
4261543681 4261642750 66586560 264257280 1056964608 
2147483647
384 128 0 0 0 
4261543681 4261642750 66586560 264257280 1056964608 
2147483647
384 64 0 0 0 
4261543681 4261642750 66586560 264257280 1056964608 
2147483647
384 32 0 0 0 
4261543681 4261642750 66586560 264257280 1056964608 
2147483647
384 16 0 0 0 
4261543681 4261642750 66586560 264257280 1056964608 
2147483647
384 8 0 0 0 
4261543681 4261642750 66586560 264257280 1056964608 
2147483647
384 4 0 0 0 
4261543681 4261642750 66586560 264257280 1056964608 
2147483647
384 0 134217728 0 0 
4261543681 4261642750 66586560 264257280 1056964608 
2147483647
384 0 16777216 0 0 
4261543681 4261642750 66586560 264257280 1056964608 
2147483647
384 0 8388608 0 0 
4261543681 4261642750 66586560 264257280 1056964608 
2147483647
384 0 4194304 0 0 
4261543681 4261642750 66586560 264257280 1056964608 
2147483647
384 0 2097152 0 0 
4261543681 4261642750 66586560 264257280 1056964608 
2147483647
384 0 1048576 0 0 
4261543681 4261642750 66586560 264257280 1056964608 
2147483647
384 0 262144 0 0 
4261543681 4261642750 66586560 264257280 1056964608 
2147483647
384 0 131072 0 0 
4261543681 4261642750 66586560 264257280 1056964608 
2147483647
384 0 32768 0 0 
4261543681 4261642750 66586560 264257280 1056964608 
2147483647
384 0 16384 0 0 
4261543681 4261642750 66586560 264257280 1056964608 
2147483647
384 0 8192 0 0 
4261543681 4261642750 66586560 264257280 1056964608 
2147483647
384 0 4096 0 0 
4261543681 4261642750 66586560 264257280 1056964608 
2147483647
384 0 1024 0 0 
4261543681 4261642750 66586560 264257280 1056964608 
2147483647
384 0 512 0 0 
4261543681 4261642750 66586560 264257280 1056964608 
2147483647
384 0 256 0 0 
4261543681 4261642750 66586560 264257280 1056964608 
2147483647
384 0 128 0 0 
4261543681 4261642750 66586560 264257280 1056964608 
2147483647
384 0 64 0 0 
4261543681 4261642750 66586560 264257280 1056964608 
2147483647
384 0 16 0 0 
4261543681 4261642750 66586560 264257280 1056964608 
2147483647
384 0 8 0 0 
4261543681 4261642750 66586560 264257280 1056964608 
2147483647
384 0 4 0 0 
4261543681 4261642750 66586560 264257280 1056964608 
2147483647
384 0 2 0 0 
4261543681 4261642750 66586560 264257280 1056964608 
2147483647
384 0 1 0 0 
4261543681 4261642750 66586560 264257280 1056964608 
2147483647
384 0 0 2147483648 0 
4261543681 4261642750 66586560 264257280 1056964608 
2147483647
384 0 0 1073741824 0 
4261543681 4261642750 66586560 264257280 1056964608 
2147483647
384 0 0 536870912 0 
4261543681 4261642750 66586560 264257280 1056964608 
2147483647
384 0 0 67108864 0 
4261543681 4261642750 66586560 264257280 1056964608 
2147483647
384 0 0 33554432 0 
4261543681 4261642750 66586560 264257280 1056964608 
2147483647
384 0 0 16777216 0 
4261543681 4261642750 66586560 264257280 1056964608 
2147483647
384 0 0 8388608 0 
4261543681 4261642750 66586560 264257280 1056964608 
2147483647
384 0 0 4194304 0 
4261543681 4261642750 66586560 264257280 1056964608 
2147483647
384 0 0 1048576 0 
4261543681 4261642750 66586560 264257280 1056964608 
2147483647
384 0 0 524288 0 
4261543681 4261642750 66586560 264257280 1056964608 
2147483647
384 0 0 262144 0 
4261543681 4261642750 66586560 264257280 1056964608 
2147483647
384 0 0 131072 0 
4261543681 4261642750 66586560 264257280 1056964608 
2147483647
384 0 0 65536 0 
4261543681 4261642750 66586560 264257280 1056964608 
2147483647
384 0 0 32768 0 
4261543681 4261642750 66586560 264257280 1056964608 
2147483647
384 0 0 4096 0 
4261543681 4261642750 66586560 264257280 1056964608 
2147483647
384 0 0 2048 0 
4261543681 4261642750 66586560 264257280 1056964608 
2147483647
384 0 0 1024 0 
4261543681 4261642750 66586560 264257280 1056964608 
2147483647
384 0 0 512 0 
4261543681 4261642750 66586560 264257280 1056964608 
2147483647
384 0 0 256 0 
4261543681 4261642750 66586560 264257280 1056964608 
2147483647
384 0 0 64 0 
4261543681 4261642750 66586560 264257280 1056964608 
2147483647
384 0 0 32 0 
4261543681 4261642750 66586560 264257280 1056964608 
2147483647
384 0 0 16 0 
4261543681 4261642750 66586560 264257280 1056964608 
2147483647
384 0 0 8 0 
4261543681 4261642750 66586560 264257280 1056964608 
2147483647
384 0 0 4 0 
4261543681 4261642750 66586560 264257280 1056964608 
2147483647
384 0 0 2 0 
4261543681 4261642750 66586560 264257280 1056964608 
2147483647
384 0 0 1 0 
4261543681 4261642750 66586560 264257280 1056964608 
2147483647
384 0 0 0 2147483648 
4261543681 4261642750 66586560 264257280 1056964608 
2147483647
12 524288 0 0 0 
4294967295 4293918719 4294967295 4294967295 4294901760 
2147483647
8 2048 536870912 0 0 
4290904033 4293130750 1677199296 264257280 1056964608 
2147483647
4 2048 536870912 0 0 
4290904033 4293130750 1677199296 264257280 1056964608 
2147483647
0 2684420096 0 0 0 
4294967295 4294967295 4294967295 4294967295 4294901760 
2147483647
0 526336 536870912 0 0 
4290904033 4293130750 1677199296 264257280 1056964608 
2147483647
0 65576 0 0 0 
4294967295 4294967279 4294967295 4294967295 4294901760 
2147483647
0 4096 1073774592 0 0 
4290904033 4293128702 1140328384 264257280 1056964608 
2147483647
0 3072 536870912 0 0 
4290904033 4293130750 1677199296 264257280 1056964608 
2147483647
0 2048 671088640 0 0 
4290904033 4293130750 1677199296 264257280 1056964608 
2147483647
0 2048 536903680 0 0 
4290904033 4293130750 1677199296 264257280 1056964608 
2147483647
0 2048 536887296 0 0 
4290904033 4293130750 1677199296 264257280 1056964608 
2147483647
0 2048 536879104 0 0 
4290904033 4293130750 1677199296 264257280 1056964608 
2147483647
0 2048 536875008 0 0 
4290904033 4293130750 1677199296 264257280 1056964608 
2147483647
0 2048 536870912 2147483648 0 
4290904033 4293130750 1677199296 264257280 1056964608 
2147483647
0 2048 536870912 1073741824 0 
4290904033 4293130750 1677199296 264257280 1056964608 
2147483647
0 2048 536870912 536870912 0 
4290904033 4293130750 1677199296 264257280 1056964608 
2147483647
0 2048 536870912 65536 0 
4290904033 4293130750 1677199296 264257280 1056964608 
2147483647
0 2048 536870912 32768 0 
4290904033 4293130750 1677199296 264257280 1056964608 
2147483647
0 2048 536870912 2 0 
4290904033 4293130750 1677199296 264257280 1056964608 
2147483647
0 2048 536870912 1 0 
4290904033 4293130750 1677199296 264257280 1056964608 
2147483647
0 2048 536870912 0 2147483648 
4290904033 4293130750 1677199296 264257280 1056964608 
2147483647
0 96 4194304 0 0 
4294967295 4294967295 4294967295 4294967295 4294901760 
2147483647
0 40 4194304 0 0 
4294967295 4294967279 4294967295 4294967295 4294901760 
2147483647
0 20 2097152 0 0 
4294967295 4294967287 4294967295 4294967295 4294901760 
2147483647
0 20 1048576 0 0 
0 6 1572864 0 0 
2147483647
0 16 3145728 0 0 
4294967295 4294967281 4294443007 4294967295 4294901760 
2147483647
0 0 805339136 0 0 
4063262 1836545 2617767999 4030710015 3237937152 
2147483647
0 0 536920064 0 0 
4063262 1836545 2349332543 4030710015 3237937152 
2147483647
0 0 262156 0 0 
4294967295 4294967294 2147287039 4294967295 4294901760 
2147483647
0 0 131084 0 0 
4294967295 4294967295 4294901759 4294967295 4294901760 
2147483647
0 0 8192 1073741825 0 
4290904033 4293130751 4093634559 3489611775 1073479680 
2147483647
0 0 8192 1073741824 2147483648 
4290904033 4293130751 4093634559 3489611775 3220963328 
2147483647
0 0 8192 536870913 0 
4290904033 4293130751 4093634559 4026482687 1073479680 
2147483647
0 0 8192 536870912 2147483648 
4290904033 4293130751 4093634559 4026482687 3220963328 
2147483647
0 0 4096 1073741825 0 
4290904033 4293130751 4093638655 3489611775 1073479680 
2147483647
0 0 4096 1073741824 2147483648 
4290904033 4293130751 4093638655 3489611775 3220963328 
2147483647
0 0 4096 536870913 0 
4290904033 4293130751 4093638655 4026482687 1073479680 
2147483647
0 0 4096 536870912 2147483648 
4290904033 4293130751 4093638655 4026482687 3220963328 
2147483647
0 0 1024 33558528 0 
4294967295 4294967295 4294967295 4093632511 3489595392 
2147483647
0 0 1024 33556480 0 
4294967295 4294967295 4294967295 4093628415 3489595392 
2147483647
0 0 1024 33555456 0 
0 0 0 234896384 805306368 
2147483647
0 0 0 83888128 0 
0 0 0 201340928 805306368 
2147483647
0 0 0 67111936 0 
0 0 0 201340928 805306368 
2147483647
0 0 0 50333696 0 
0 0 0 234895360 805306368 
2147483647
0 0 0 33560576 0 
4294967295 4294967295 4294967295 4093628415 3489595392 
2147483647
0 0 0 33557504 0 
0 0 0 234895360 805306368 
2147483647
0 0 0 12583936 0 
4294967295 4294967295 4294967295 4294966527 4043243520 
2147483647
0 0 0 8389888 0 
4294967295 4294967295 4294967295 4294966783 4043243520 
2147483647
0 0 0 4195840 0 
4294967295 4294967295 4294967295 4294967039 4043243520 
2147483647
0 0 0 131082 0 
4294967295 4294967295 4294967295 4294967291 4294115328 
2147483647
0 0 0 65541 0 
4294967295 4294967295 4294967295 4294967293 4294115328 
2147483647
0 0 0 1792 0 
4294967295 4294967295 4294967295 4294967295 4043243520 
2147483647
2048 4096 1073741824 0 0 
4063262 1842689 4228380735 4030710015 3237937152 
12
4096 4096 1073741824 0 0 
4063262 1842689 4228380735 4030710015 3237937152 
10
8192 4096 1073741824 0 0 
4063262 1842689 4228380735 4030710015 3237937152 
8
2240 0 0 0 0 
4063486 33324545 4228380735 4030710015 3237937152 
8
2112 16777216 0 0 0 
4063358 33324545 4228380735 4030710015 3237937152 
8
2112 8388608 0 0 0 
4063358 16547329 4228380735 4030710015 3237937152 
8
2080 8388608 0 0 0 
4063294 16547329 4228380735 4030710015 3237937152 
8
2048 12582912 0 0 0 
4063262 16547329 4228380735 4030710015 3237937152 
8
2048 4210688 0 0 0 
4063262 8158721 4228380735 4030710015 3237937152 
8
2048 0 536887296 0 0 
130027488 266401792 1879064576 0 0 
8
512 4096 1073741824 0 0 
4063262 1842689 4228380735 4030710015 3237937152 
8
0 16 2097216 0 0 
4294967295 4294967281 4293394431 4294967295 4294901760 
8
32768 4096 1073741824 0 0 
4063262 1842689 4228380735 4030710015 3237937152 
6
16384 4096 1073741824 0 0 
4063262 1842689 4228380735 4030710015 3237937152 
6
4288 0 0 0 0 
4063486 33324545 4228380735 4030710015 3237937152 
6
4160 16777216 0 0 0 
4063358 33324545 4228380735 4030710015 3237937152 
6
4160 8388608 0 0 0 
4063358 16547329 4228380735 4030710015 3237937152 
6
4128 8388608 0 0 0 
4063294 16547329 4228380735 4030710015 3237937152 
6
4096 12582912 0 0 0 
4063262 16547329 4228380735 4030710015 3237937152 
6
4096 4210688 0 0 0 
4063262 8158721 4228380735 4030710015 3237937152 
6
4096 0 536887296 0 0 
130031584 266401792 1879064576 0 0 
6
1024 4096 1073741824 0 0 
4063262 1842689 4228380735 4030710015 3237937152 
6
256 536936448 0 0 0 
33423870 33324545 4228380735 4030710015 3237937152 
6
256 536870944 0 0 0 
33423870 33324545 4228380735 4030710015 3237937152 
6
256 65568 0 0 0 
33423870 33324545 4228380735 4030710015 3237937152 
6
256 32 8388608 0 0 
33423870 33324545 4228380735 4030710015 3237937152 
6
256 32 4194304 0 0 
33423870 33324545 4228380735 4030710015 3237937152 
6
256 0 4194816 0 0 
33423870 33324545 4228380735 4030710015 3237937152 
6
256 0 512 16777216 0 
33423870 33324545 4228380735 4030710015 3237937152 
6
256 0 0 33556480 0 
33423870 33324545 4228380735 4030710015 3237937152 
6
0 2147487744 1073741824 0 0 
4063262 1842689 4228380735 4030710015 3237937152 
6
0 1073745920 1073741824 0 0 
4063262 1842689 4228380735 4030710015 3237937152 
6
0 536875008 1073741824 0 0 
4063262 1842689 4228380735 4030710015 3237937152 
6
0 69632 1073741824 0 0 
4063262 1842689 4228380735 4030710015 3237937152 
6
0 4224 1073741824 0 0 
4063262 1842689 4228380735 4030710015 3237937152 
6
0 4160 1073741824 0 0 
4063262 1842689 4228380735 4030710015 3237937152 
6
0 4128 1073741824 0 0 
4063262 1842689 4228380735 4030710015 3237937152 
6
0 4112 1073741824 0 0 
4063262 1842689 4228380735 4030710015 3237937152 
6
0 4104 1073741824 0 0 
4063262 1842689 4228380735 4030710015 3237937152 
6
0 4100 1073741824 0 0 
4063262 1842689 4228380735 4030710015 3237937152 
6
0 4096 1090519040 0 0 
4063262 1842689 4228380735 4030710015 3237937152 
6
0 4096 1082130432 0 0 
4063262 1842689 4228380735 4030710015 3237937152 
6
0 4096 1077936128 0 0 
4063262 1842689 4228380735 4030710015 3237937152 
6
0 4096 1075838976 0 0 
4063262 1842689 4228380735 4030710015 3237937152 
6
0 4096 1074790400 0 0 
4063262 1842689 4228380735 4030710015 3237937152 
6
0 4096 1073742848 0 0 
4063262 1842689 4228380735 4030710015 3237937152 
6
0 4096 1073742336 0 0 
4063262 1842689 4228380735 4030710015 3237937152 
6
0 4096 1073742080 0 0 
4063262 1842689 4228380735 4030710015 3237937152 
6
0 4096 1073741952 0 0 
4063262 1842689 4228380735 4030710015 3237937152 
6
0 4096 1073741888 0 0 
4063262 1842689 4228380735 4030710015 3237937152 
6
0 4096 1073741824 67108864 0 
4063262 1842689 4228380735 4030710015 3237937152 
6
0 4096 1073741824 33554432 0 
4063262 1842689 4228380735 4030710015 3237937152 
6
0 4096 1073741824 16777216 0 
4063262 1842689 4228380735 4030710015 3237937152 
6
0 4096 1073741824 8388608 0 
4063262 1842689 4228380735 4030710015 3237937152 
6
0 4096 1073741824 4194304 0 
4063262 1842689 4228380735 4030710015 3237937152 
6
0 4096 1073741824 4096 0 
4063262 1842689 4228380735 4030710015 3237937152 
6
0 4096 1073741824 2048 0 
4063262 1842689 4228380735 4030710015 3237937152 
6
0 4096 1073741824 1024 0 
4063262 1842689 4228380735 4030710015 3237937152 
6
0 4096 1073741824 512 0 
4063262 1842689 4228380735 4030710015 3237937152 
6
0 4096 1073741824 256 0 
4063262 1842689 4228380735 4030710015 3237937152 
6
0 4096 536887296 0 0 
4290904033 4293128702 1677199296 264257280 1056964608 
6
0 32 12582912 0 0 
4294967295 4294967265 4287100991 4030710015 3237937152 
6
0 8 2097216 0 0 
4294967295 4294967289 4293394431 4294967295 4294901760 
6
0 0 805322752 0 0 
4290904033 4293130750 1945634752 264257280 1056964608 
6
0 0 12 8 0 
4294967295 4294967294 2147024839 4291034895 4279173120 
6
0 0 6 8 0 
4294967295 4294967294 2147024835 4291034895 4279173120 
6
0 0 1 131076 0 
4294967295 4294967294 2147024833 4291034887 4279173120 
6
0 0 1 131074 0 
4294967295 4294967294 2147024833 4291034883 4278386688 
6
24576 65536 0 0 0 
4160872449 4026728958 66586560 264257280 1056964608 
4
24576 32 0 0 0 
4160872449 4026728958 66586560 264257280 1056964608 
4
8384 0 0 0 0 
4063486 33324545 4228380735 4030710015 3237937152 
4
8256 16777216 0 0 0 
4063358 33324545 4228380735 4030710015 3237937152 
4
8256 8388608 0 0 0 
4063358 16547329 4228380735 4030710015 3237937152 
4
8224 8388608 0 0 0 
4063294 16547329 4228380735 4030710015 3237937152 
4
8192 12582912 0 0 0 
4063262 16547329 4228380735 4030710015 3237937152 
4
8192 4210688 0 0 0 
4063262 8158721 4228380735 4030710015 3237937152 
4
8192 0 536887296 0 0 
130039776 266401792 1879064576 0 0 
4
704 0 0 0 0 
4063486 33324545 4228380735 4030710015 3237937152 
4
576 16777216 0 0 0 
4063358 33324545 4228380735 4030710015 3237937152 
4
576 8388608 0 0 0 
4063358 16547329 4228380735 4030710015 3237937152 
4
544 8388608 0 0 0 
4063294 16547329 4228380735 4030710015 3237937152 
4
512 12582912 0 0 0 
4063262 16547329 4228380735 4030710015 3237937152 
4
512 4210688 0 0 0 
4063262 8158721 4228380735 4030710015 3237937152 
4
512 0 536887296 0 0 
29361120 31488000 1879064576 0 0 
4
8 4096 536870912 0 0 
4290904033 4293128702 1677199296 264257280 1056964608 
4
4 4096 536870912 0 0 
4290904033 4293128702 1677199296 264257280 1056964608 
4
0 536936480 0 0 0 
4294967295 4294901759 4294967295 4294967295 4294901760 
4
0 528384 536870912 0 0 
4290904033 4293128702 1677199296 264257280 1056964608 
4
0 12288 32768 0 0 
4290904033 4293128702 66586560 264257280 1056964608 
4
0 5120 536870912 0 0 
4290904033 4293128702 1677199296 264257280 1056964608 
4
0 4096 671088640 0 0 
4290904033 4293128702 1677199296 264257280 1056964608 
4
0 4096 536903680 0 0 
4290904033 4293128702 1677199296 264257280 1056964608 
4
0 4096 536879104 0 0 
4290904033 4293128702 1677199296 264257280 1056964608 
4
0 4096 536875008 0 0 
4290904033 4293128702 1677199296 264257280 1056964608 
4
0 4096 536870912 2147483648 0 
4290904033 4293128702 1677199296 264257280 1056964608 
4
0 4096 536870912 1073741824 0 
4290904033 4293128702 1677199296 264257280 1056964608 
4
0 4096 536870912 536870912 0 
4290904033 4293128702 1677199296 264257280 1056964608 
4
0 4096 536870912 65536 0 
4290904033 4293128702 1677199296 264257280 1056964608 
4
0 4096 536870912 32768 0 
4290904033 4293128702 1677199296 264257280 1056964608 
4
0 4096 536870912 2 0 
4290904033 4293128702 1677199296 264257280 1056964608 
4
0 4096 536870912 1 0 
4290904033 4293128702 1677199296 264257280 1056964608 
4
0 4096 536870912 0 2147483648 
4290904033 4293128702 1677199296 264257280 1056964608 
4
0 32 4195328 0 0 
4294967295 4294967265 4291296319 4030710015 3237937152 
4
0 32 4194816 0 0 
4294967295 4294967295 4294967295 4294967295 4294901760 
4
0 16 12582912 0 0 
4294967295 4294967281 4291295295 4030710015 3237937152 
4
0 16 256 1024 0 
4294967295 4294967281 4291297087 4282383615 4043243520 
4
0 8 192 0 0 
4294967295 4294967289 4291297279 4294967295 4294901760 
4
0 4 2097216 0 0 
4294967295 4294967293 4293394431 4294967295 4294901760 
4
0 0 805339136 0 0 
4290904033 4293130750 1945634752 264257280 1056964608 
4
0 0 805322752 0 0 
4063262 1836545 2886203455 4030710015 3237937152 
4
0 0 268484608 0 0 
4290904033 4293130750 1945667520 264257280 1056964608 
4
0 0 268484608 0 0 
4063262 1836545 2349332543 4030710015 3237937152 
4
0 0 268468225 0 0 
4290904033 4293130750 1945667520 264257280 1056964608 
4
0 0 131096 0 0 
4294967295 4294967294 2147221503 4294967295 4294901760 
4
0 0 57344 0 0 
4290904033 4293130750 1945683904 264257280 1056964608 
4
0 0 49153 0 0 
4290904033 4293130750 1945683904 264257280 1056964608 
4
0 0 49152 2147483648 0 
4290904033 4293130750 1945683904 264257280 1056964608 
4
0 0 32769 8 0 
4294967295 4294967294 2147024833 4291034895 4279173120 
4
0 0 16385 131072 0 
4290904033 4293130750 1945683905 264257280 1056964608 
4
0 0 20 8 0 
4294967295 4294967294 2147024839 4291034895 4279173120 
4
0 0 12 16 0 
4294967295 4294967294 2147024839 4291034911 4279173120 
4
0 0 6 16 0 
4294967295 4294967294 2147024835 4291034911 4279173120 
4
0 0 2 131076 0 
4294967295 4294967294 2147024835 4291034887 4279173120 
4
0 0 2 131074 0 
4294967295 4294967294 2147024835 4291034883 4278386688 
4
0 0 2 48 0 
4294967295 4294967294 2147024835 4291034911 4279173120 
4
0 0 1 131080 0 
4294967295 4294967294 2147024833 4291034895 4279173120 
4
16777736 0 0 0 0 
4261543425 4261642750 66586560 264257280 1056964608 
2
16777732 0 0 0 0 
4261543425 4261642750 66586560 264257280 1056964608 
2
16777728 524288 0 0 0 
4261543425 4261642750 66586560 264257280 1056964608 
2
16777728 1024 0 0 0 
4261543425 4261642750 66586560 264257280 1056964608 
2
16777728 0 134217728 0 0 
4261543425 4261642750 66586560 264257280 1056964608 
2
16777728 0 262144 0 0 
4261543425 4261642750 66586560 264257280 1056964608 
2
16777728 0 131072 0 0 
4261543425 4261642750 66586560 264257280 1056964608 
2
16777728 0 32768 0 0 
4261543425 4261642750 66586560 264257280 1056964608 
2
16777728 0 16384 0 0 
4261543425 4261642750 66586560 264257280 1056964608 
2
16777728 0 8192 0 0 
4261543425 4261642750 66586560 264257280 1056964608 
2
16777728 0 4096 0 0 
4261543425 4261642750 66586560 264257280 1056964608 
2
16777728 0 16 0 0 
4261543425 4261642750 66586560 264257280 1056964608 
2
16777728 0 8 0 0 
4261543425 4261642750 66586560 264257280 1056964608 
2
16777728 0 4 0 0 
4261543425 4261642750 66586560 264257280 1056964608 
2
16777728 0 2 0 0 
4261543425 4261642750 66586560 264257280 1056964608 
2
16777728 0 1 0 0 
4261543425 4261642750 66586560 264257280 1056964608 
2
16777728 0 0 2147483648 0 
4261543425 4261642750 66586560 264257280 1056964608 
2
16777728 0 0 1073741824 0 
4261543425 4261642750 66586560 264257280 1056964608 
2
16777728 0 0 536870912 0 
4261543425 4261642750 66586560 264257280 1056964608 
2
16777728 0 0 1048576 0 
4261543425 4261642750 66586560 264257280 1056964608 
2
16777728 0 0 524288 0 
4261543425 4261642750 66586560 264257280 1056964608 
2
16777728 0 0 262144 0 
4261543425 4261642750 66586560 264257280 1056964608 
2
16777728 0 0 131072 0 
4261543425 4261642750 66586560 264257280 1056964608 
2
16777728 0 0 65536 0 
4261543425 4261642750 66586560 264257280 1056964608 
2
16777728 0 0 32768 0 
4261543425 4261642750 66586560 264257280 1056964608 
2
16777728 0 0 64 0 
4261543425 4261642750 66586560 264257280 1056964608 
2
16777728 0 0 32 0 
4261543425 4261642750 66586560 264257280 1056964608 
2
16777728 0 0 16 0 
4261543425 4261642750 66586560 264257280 1056964608 
2
16777728 0 0 8 0 
4261543425 4261642750 66586560 264257280 1056964608 
2
16777728 0 0 4 0 
4261543425 4261642750 66586560 264257280 1056964608 
2
16777728 0 0 2 0 
4261543425 4261642750 66586560 264257280 1056964608 
2
16777728 0 0 1 0 
4261543425 4261642750 66586560 264257280 1056964608 
2
16777728 0 0 0 2147483648 
4261543425 4261642750 66586560 264257280 1056964608 
2
16777480 0 0 0 0 
4261543681 4261642750 66586560 264257280 1056964608 
2
16777476 0 0 0 0 
4261543681 4261642750 66586560 264257280 1056964608 
2
16777472 524288 0 0 0 
4261543681 4261642750 66586560 264257280 1056964608 
2
16777472 1024 0 0 0 
4261543681 4261642750 66586560 264257280 1056964608 
2
16777472 0 134217728 0 0 
4261543681 4261642750 66586560 264257280 1056964608 
2
16777472 0 262144 0 0 
4261543681 4261642750 66586560 264257280 1056964608 
2
16777472 0 131072 0 0 
4261543681 4261642750 66586560 264257280 1056964608 
2
16777472 0 32768 0 0 
4261543681 4261642750 66586560 264257280 1056964608 
2
16777472 0 16384 0 0 
4261543681 4261642750 66586560 264257280 1056964608 
2
16777472 0 8192 0 0 
4261543681 4261642750 66586560 264257280 1056964608 
2
16777472 0 4096 0 0 
4261543681 4261642750 66586560 264257280 1056964608 
2
16777472 0 16 0 0 
4261543681 4261642750 66586560 264257280 1056964608 
2
16777472 0 8 0 0 
4261543681 4261642750 66586560 264257280 1056964608 
2
16777472 0 4 0 0 
4261543681 4261642750 66586560 264257280 1056964608 
2
16777472 0 2 0 0 
4261543681 4261642750 66586560 264257280 1056964608 
2
16777472 0 1 0 0 
4261543681 4261642750 66586560 264257280 1056964608 
2
16777472 0 0 2147483648 0 
4261543681 4261642750 66586560 264257280 1056964608 
2
16777472 0 0 1073741824 0 
4261543681 4261642750 66586560 264257280 1056964608 
2
16777472 0 0 536870912 0 
4261543681 4261642750 66586560 264257280 1056964608 
2
16777472 0 0 1048576 0 
4261543681 4261642750 66586560 264257280 1056964608 
2
16777472 0 0 524288 0 
4261543681 4261642750 66586560 264257280 1056964608 
2
16777472 0 0 262144 0 
4261543681 4261642750 66586560 264257280 1056964608 
2
16777472 0 0 131072 0 
4261543681 4261642750 66586560 264257280 1056964608 
2
16777472 0 0 65536 0 
4261543681 4261642750 66586560 264257280 1056964608 
2
16777472 0 0 32768 0 
4261543681 4261642750 66586560 264257280 1056964608 
2
16777472 0 0 64 0 
4261543681 4261642750 66586560 264257280 1056964608 
2
16777472 0 0 32 0 
4261543681 4261642750 66586560 264257280 1056964608 
2
16777472 0 0 16 0 
4261543681 4261642750 66586560 264257280 1056964608 
2
16777472 0 0 8 0 
4261543681 4261642750 66586560 264257280 1056964608 
2
16777472 0 0 4 0 
4261543681 4261642750 66586560 264257280 1056964608 
2
16777472 0 0 2 0 
4261543681 4261642750 66586560 264257280 1056964608 
2
16777472 0 0 1 0 
4261543681 4261642750 66586560 264257280 1056964608 
2
16777472 0 0 0 2147483648 
4261543681 4261642750 66586560 264257280 1056964608 
2
16777352 0 0 0 0 
4278321025 4261642750 66586560 264257280 1056964608 
2
16777348 0 0 0 0 
4278321025 4261642750 66586560 264257280 1056964608 
2
16777344 524288 0 0 0 
4278321025 4261642750 66586560 264257280 1056964608 
2
16777344 1024 0 0 0 
4278321025 4261642750 66586560 264257280 1056964608 
2
16777344 0 134217728 0 0 
4278321025 4261642750 66586560 264257280 1056964608 
2
16777344 0 262144 0 0 
4278321025 4261642750 66586560 264257280 1056964608 
2
16777344 0 131072 0 0 
4278321025 4261642750 66586560 264257280 1056964608 
2
16777344 0 32768 0 0 
4278321025 4261642750 66586560 264257280 1056964608 
2
16777344 0 16384 0 0 
4278321025 4261642750 66586560 264257280 1056964608 
2
16777344 0 8192 0 0 
4278321025 4261642750 66586560 264257280 1056964608 
2
16777344 0 4096 0 0 
4278321025 4261642750 66586560 264257280 1056964608 
2
16777344 0 16 0 0 
4278321025 4261642750 66586560 264257280 1056964608 
2
16777344 0 8 0 0 
4278321025 4261642750 66586560 264257280 1056964608 
2
16777344 0 4 0 0 
4278321025 4261642750 66586560 264257280 1056964608 
2
16777344 0 2 0 0 
4278321025 4261642750 66586560 264257280 1056964608 
2
16777344 0 1 0 0 
4278321025 4261642750 66586560 264257280 1056964608 
2
16777344 0 0 2147483648 0 
4278321025 4261642750 66586560 264257280 1056964608 
2
16777344 0 0 1073741824 0 
4278321025 4261642750 66586560 264257280 1056964608 
2
16777344 0 0 536870912 0 
4278321025 4261642750 66586560 264257280 1056964608 
2
16777344 0 0 1048576 0 
4278321025 4261642750 66586560 264257280 1056964608 
2
16777344 0 0 524288 0 
4278321025 4261642750 66586560 264257280 1056964608 
2
16777344 0 0 262144 0 
4278321025 4261642750 66586560 264257280 1056964608 
2
16777344 0 0 131072 0 
4278321025 4261642750 66586560 264257280 1056964608 
2
16777344 0 0 65536 0 
4278321025 4261642750 66586560 264257280 1056964608 
2
16777344 0 0 32768 0 
4278321025 4261642750 66586560 264257280 1056964608 
2
16777344 0 0 64 0 
4278321025 4261642750 66586560 264257280 1056964608 
2
16777344 0 0 32 0 
4278321025 4261642750 66586560 264257280 1056964608 
2
16777344 0 0 16 0 
4278321025 4261642750 66586560 264257280 1056964608 
2
16777344 0 0 8 0 
4278321025 4261642750 66586560 264257280 1056964608 
2
16777344 0 0 4 0 
4278321025 4261642750 66586560 264257280 1056964608 
2
16777344 0 0 2 0 
4278321025 4261642750 66586560 264257280 1056964608 
2
16777344 0 0 1 0 
4278321025 4261642750 66586560 264257280 1056964608 
2
16777344 0 0 0 2147483648 
4278321025 4261642750 66586560 264257280 1056964608 
2
16777216 0 536887296 0 0 
4290904033 4293130750 1945651136 264257280 1056964608 
2
8389128 0 0 0 0 
4261543425 4261642750 66586560 264257280 1056964608 
2
8389124 0 0 0 0 
4261543425 4261642750 66586560 264257280 1056964608 
2
8389120 524288 0 0 0 
4261543425 4261642750 66586560 264257280 1056964608 
2
8389120 1024 0 0 0 
4261543425 4261642750 66586560 264257280 1056964608 
2
8389120 0 134217728 0 0 
4261543425 4261642750 66586560 264257280 1056964608 
2
8389120 0 262144 0 0 
4261543425 4261642750 66586560 264257280 1056964608 
2
8389120 0 131072 0 0 
4261543425 4261642750 66586560 264257280 1056964608 
2
8389120 0 32768 0 0 
4261543425 4261642750 66586560 264257280 1056964608 
2
8389120 0 16384 0 0 
4261543425 4261642750 66586560 264257280 1056964608 
2
8389120 0 8192 0 0 
4261543425 4261642750 66586560 264257280 1056964608 
2
8389120 0 4096 0 0 
4261543425 4261642750 66586560 264257280 1056964608 
2
8389120 0 16 0 0 
4261543425 4261642750 66586560 264257280 1056964608 
2
8389120 0 8 0 0 
4261543425 4261642750 66586560 264257280 1056964608 
2
8389120 0 4 0 0 
4261543425 4261642750 66586560 264257280 1056964608 
2
8389120 0 2 0 0 
4261543425 4261642750 66586560 264257280 1056964608 
2
8389120 0 1 0 0 
4261543425 4261642750 66586560 264257280 1056964608 
2
8389120 0 0 2147483648 0 
4261543425 4261642750 66586560 264257280 1056964608 
2
8389120 0 0 1073741824 0 
4261543425 4261642750 66586560 264257280 1056964608 
2
8389120 0 0 536870912 0 
4261543425 4261642750 66586560 264257280 1056964608 
2
8389120 0 0 1048576 0 
4261543425 4261642750 66586560 264257280 1056964608 
2
8389120 0 0 524288 0 
4261543425 4261642750 66586560 264257280 1056964608 
2
8389120 0 0 262144 0 
4261543425 4261642750 66586560 264257280 1056964608 
2
8389120 0 0 131072 0 
4261543425 4261642750 66586560 264257280 1056964608 
2
8389120 0 0 65536 0 
4261543425 4261642750 66586560 264257280 1056964608 
2
8389120 0 0 32768 0 
4261543425 4261642750 66586560 264257280 1056964608 
2
8389120 0 0 64 0 
4261543425 4261642750 66586560 264257280 1056964608 
2
8389120 0 0 32 0 
4261543425 4261642750 66586560 264257280 1056964608 
2
8389120 0 0 16 0 
4261543425 4261642750 66586560 264257280 1056964608 
2
8389120 0 0 8 0 
4261543425 4261642750 66586560 264257280 1056964608 
2
8389120 0 0 4 0 
4261543425 4261642750 66586560 264257280 1056964608 
2
8389120 0 0 2 0 
4261543425 4261642750 66586560 264257280 1056964608 
2
8389120 0 0 1 0 
4261543425 4261642750 66586560 264257280 1056964608 
2
8389120 0 0 0 2147483648 
4261543425 4261642750 66586560 264257280 1056964608 
2
8388872 0 0 0 0 
4261543681 4261642750 66586560 264257280 1056964608 
2
8388868 0 0 0 0 
4261543681 4261642750 66586560 264257280 1056964608 
2
8388864 524288 0 0 0 
4261543681 4261642750 66586560 264257280 1056964608 
2
8388864 1024 0 0 0 
4261543681 4261642750 66586560 264257280 1056964608 
2
8388864 0 134217728 0 0 
4261543681 4261642750 66586560 264257280 1056964608 
2
8388864 0 262144 0 0 
4261543681 4261642750 66586560 264257280 1056964608 
2
8388864 0 131072 0 0 
4261543681 4261642750 66586560 264257280 1056964608 
2
8388864 0 32768 0 0 
4261543681 4261642750 66586560 264257280 1056964608 
2
8388864 0 16384 0 0 
4261543681 4261642750 66586560 264257280 1056964608 
2
8388864 0 8192 0 0 
4261543681 4261642750 66586560 264257280 1056964608 
2
8388864 0 4096 0 0 
4261543681 4261642750 66586560 264257280 1056964608 
2
8388864 0 16 0 0 
4261543681 4261642750 66586560 264257280 1056964608 
2
8388864 0 8 0 0 
4261543681 4261642750 66586560 264257280 1056964608 
2
8388864 0 4 0 0 
4261543681 4261642750 66586560 264257280 1056964608 
2
8388864 0 2 0 0 
4261543681 4261642750 66586560 264257280 1056964608 
2
8388864 0 1 0 0 
4261543681 4261642750 66586560 264257280 1056964608 
2
8388864 0 0 2147483648 0 
4261543681 4261642750 66586560 264257280 1056964608 
2
8388864 0 0 1073741824 0 
4261543681 4261642750 66586560 264257280 1056964608 
2
8388864 0 0 536870912 0 
4261543681 4261642750 66586560 264257280 1056964608 
2
8388864 0 0 1048576 0 
4261543681 4261642750 66586560 264257280 1056964608 
2
8388864 0 0 524288 0 
4261543681 4261642750 66586560 264257280 1056964608 
2
8388864 0 0 262144 0 
4261543681 4261642750 66586560 264257280 1056964608 
2
8388864 0 0 131072 0 
4261543681 4261642750 66586560 264257280 1056964608 
2
8388864 0 0 65536 0 
4261543681 4261642750 66586560 264257280 1056964608 
2
8388864 0 0 32768 0 
4261543681 4261642750 66586560 264257280 1056964608 
2
8388864 0 0 64 0 
4261543681 4261642750 66586560 264257280 1056964608 
2
8388864 0 0 32 0 
4261543681 4261642750 66586560 264257280 1056964608 
2
8388864 0 0 16 0 
4261543681 4261642750 66586560 264257280 1056964608 
2
8388864 0 0 8 0 
4261543681 4261642750 66586560 264257280 1056964608 
2
8388864 0 0 4 0 
4261543681 4261642750 66586560 264257280 1056964608 
2
8388864 0 0 2 0 
4261543681 4261642750 66586560 264257280 1056964608 
2
8388864 0 0 1 0 
4261543681 4261642750 66586560 264257280 1056964608 
2
8388864 0 0 0 2147483648 
4261543681 4261642750 66586560 264257280 1056964608 
2
8388744 0 0 0 0 
4286709633 4261642750 66586560 264257280 1056964608 
2
8388740 0 0 0 0 
4286709633 4261642750 66586560 264257280 1056964608 
2
8388736 524288 0 0 0 
4286709633 4261642750 66586560 264257280 1056964608 
2
8388736 1024 0 0 0 
4286709633 4261642750 66586560 264257280 1056964608 
2
8388736 0 134217728 0 0 
4286709633 4261642750 66586560 264257280 1056964608 
2
8388736 0 262144 0 0 
4286709633 4261642750 66586560 264257280 1056964608 
2
8388736 0 131072 0 0 
4286709633 4261642750 66586560 264257280 1056964608 
2
8388736 0 32768 0 0 
4286709633 4261642750 66586560 264257280 1056964608 
2
8388736 0 16384 0 0 
4286709633 4261642750 66586560 264257280 1056964608 
2
8388736 0 8192 0 0 
4286709633 4261642750 66586560 264257280 1056964608 
2
8388736 0 4096 0 0 
4286709633 4261642750 66586560 264257280 1056964608 
2
8388736 0 16 0 0 
4286709633 4261642750 66586560 264257280 1056964608 
2
8388736 0 8 0 0 
4286709633 4261642750 66586560 264257280 1056964608 
2
8388736 0 4 0 0 
4286709633 4261642750 66586560 264257280 1056964608 
2
8388736 0 2 0 0 
4286709633 4261642750 66586560 264257280 1056964608 
2
8388736 0 1 0 0 
4286709633 4261642750 66586560 264257280 1056964608 
2
8388736 0 0 2147483648 0 
4286709633 4261642750 66586560 264257280 1056964608 
2
8388736 0 0 1073741824 0 
4286709633 4261642750 66586560 264257280 1056964608 
2
8388736 0 0 536870912 0 
4286709633 4261642750 66586560 264257280 1056964608 
2
8388736 0 0 1048576 0 
4286709633 4261642750 66586560 264257280 1056964608 
2
8388736 0 0 524288 0 
4286709633 4261642750 66586560 264257280 1056964608 
2
8388736 0 0 262144 0 
4286709633 4261642750 66586560 264257280 1056964608 
2
8388736 0 0 131072 0 
4286709633 4261642750 66586560 264257280 1056964608 
2
8388736 0 0 65536 0 
4286709633 4261642750 66586560 264257280 1056964608 
2
8388736 0 0 32768 0 
4286709633 4261642750 66586560 264257280 1056964608 
2
8388736 0 0 64 0 
4286709633 4261642750 66586560 264257280 1056964608 
2
8388736 0 0 32 0 
4286709633 4261642750 66586560 264257280 1056964608 
2
8388736 0 0 16 0 
4286709633 4261642750 66586560 264257280 1056964608 
2
8388736 0 0 8 0 
4286709633 4261642750 66586560 264257280 1056964608 
2
8388736 0 0 4 0 
4286709633 4261642750 66586560 264257280 1056964608 
2
8388736 0 0 2 0 
4286709633 4261642750 66586560 264257280 1056964608 
2
8388736 0 0 1 0 
4286709633 4261642750 66586560 264257280 1056964608 
2
8388736 0 0 0 2147483648 
4286709633 4261642750 66586560 264257280 1056964608 
2
8388608 0 536887296 0 0 
4290904033 4293130750 1945651136 264257280 1056964608 
2
32960 0 0 0 0 
4063486 33324545 4228380735 4030710015 3237937152 
2
32832 16777216 0 0 0 
4063358 33324545 4228380735 4030710015 3237937152 
2
32832 8388608 0 0 0 
4063358 16547329 4228380735 4030710015 3237937152 
2
32800 8388608 0 0 0 
4063294 16547329 4228380735 4030710015 3237937152 
2
32768 12582912 0 0 0 
4063262 16547329 4228380735 4030710015 3237937152 
2
32768 4210688 0 0 0 
4063262 8158721 4228380735 4030710015 3237937152 
2
32768 0 536887296 0 0 
4290904033 4293130750 1945651136 264257280 1056964608 
2
16576 0 0 0 0 
4063486 33324545 4228380735 4030710015 3237937152 
2
16448 16777216 0 0 0 
4063358 33324545 4228380735 4030710015 3237937152 
2
16448 8388608 0 0 0 
4063358 16547329 4228380735 4030710015 3237937152 
2
16416 8388608 0 0 0 
4063294 16547329 4228380735 4030710015 3237937152 
2
16384 12582912 0 0 0 
4063262 16547329 4228380735 4030710015 3237937152 
2
16384 4210688 0 0 0 
4063262 8158721 4228380735 4030710015 3237937152 
2
16384 0 536887296 0 0 
4290904033 4293130750 1945651136 264257280 1056964608 
2
8192 0 536887296 0 0 
4160872449 4026728958 66586560 264257280 1056964608 
2
4096 0 536887296 0 0 
4160876545 4026728958 66586560 264257280 1056964608 
2
2048 0 536887296 0 0 
4160878593 4026728958 66586560 264257280 1056964608 
2
1216 0 0 0 0 
4063486 33324545 4228380735 4030710015 3237937152 
2
1088 16777216 0 0 0 
4063358 33324545 4228380735 4030710015 3237937152 
2
1088 8388608 0 0 0 
4063358 16547329 4228380735 4030710015 3237937152 
2
1056 8388608 0 0 0 
4063294 16547329 4228380735 4030710015 3237937152 
2
1024 12582912 0 0 0 
4063262 16547329 4228380735 4030710015 3237937152 
2
1024 4210688 0 0 0 
4063262 8158721 4228380735 4030710015 3237937152 
2
1024 0 536887296 0 0 
4290904033 4293130750 1945651136 264257280 1056964608 
2
512 0 1073774592 0 0 
4261543425 4261642750 66586560 264257280 1056964608 
2
512 0 536903680 0 0 
4261543425 4261642750 66586560 264257280 1056964608 
2
512 0 536887296 0 0 
4261543425 4261642750 66586560 264257280 1056964608 
2
256 0 1073774592 0 0 
4261543681 4261642750 66586560 264257280 1056964608 
2
256 0 536903680 0 0 
4261543681 4261642750 66586560 264257280 1056964608 
2
256 0 536887296 0 0 
4261543681 4261642750 66586560 264257280 1056964608 
2
256 0 536887296 0 0 
29360608 31488000 1879064576 0 0 
2
192 2147483648 0 0 0 
4063486 33324545 4228380735 4030710015 3237937152 
2
192 1073741824 0 0 0 
4063486 33324545 4228380735 4030710015 3237937152 
2
192 536870912 0 0 0 
4063486 33324545 4228380735 4030710015 3237937152 
2
192 65536 0 0 0 
4063486 33324545 4228380735 4030710015 3237937152 
2
192 128 0 0 0 
4063486 33324545 4228380735 4030710015 3237937152 
2
192 64 0 0 0 
4063486 33324545 4228380735 4030710015 3237937152 
2
192 32 0 0 0 
4063486 33324545 4228380735 4030710015 3237937152 
2
192 16 0 0 0 
4063486 33324545 4228380735 4030710015 3237937152 
2
192 8 0 0 0 
4063486 33324545 4228380735 4030710015 3237937152 
2
192 4 0 0 0 
4063486 33324545 4228380735 4030710015 3237937152 
2
192 0 16777216 0 0 
4063486 33324545 4228380735 4030710015 3237937152 
2
192 0 8388608 0 0 
4063486 33324545 4228380735 4030710015 3237937152 
2
192 0 4194304 0 0 
4063486 33324545 4228380735 4030710015 3237937152 
2
192 0 2097152 0 0 
4063486 33324545 4228380735 4030710015 3237937152 
2
192 0 1048576 0 0 
4063486 33324545 4228380735 4030710015 3237937152 
2
192 0 1024 0 0 
4063486 33324545 4228380735 4030710015 3237937152 
2
192 0 512 0 0 
4063486 33324545 4228380735 4030710015 3237937152 
2
192 0 256 0 0 
4063486 33324545 4228380735 4030710015 3237937152 
2
192 0 128 0 0 
4063486 33324545 4228380735 4030710015 3237937152 
2
192 0 64 0 0 
4063486 33324545 4228380735 4030710015 3237937152 
2
192 0 0 67108864 0 
4063486 33324545 4228380735 4030710015 3237937152 
2
192 0 0 33554432 0 
4063486 33324545 4228380735 4030710015 3237937152 
2
192 0 0 16777216 0 
4063486 33324545 4228380735 4030710015 3237937152 
2
192 0 0 8388608 0 
4063486 33324545 4228380735 4030710015 3237937152 
2
192 0 0 4194304 0 
4063486 33324545 4228380735 4030710015 3237937152 
2
192 0 0 4096 0 
4063486 33324545 4228380735 4030710015 3237937152 
2
192 0 0 2048 0 
4063486 33324545 4228380735 4030710015 3237937152 
2
192 0 0 1024 0 
4063486 33324545 4228380735 4030710015 3237937152 
2
192 0 0 512 0 
4063486 33324545 4228380735 4030710015 3237937152 
2
192 0 0 256 0 
4063486 33324545 4228380735 4030710015 3237937152 
2
128 0 536887296 0 0 
4290904033 4293130750 1945651136 264257280 1056964608 
2
64 2164260864 0 0 0 
4063358 33324545 4228380735 4030710015 3237937152 
2
64 2155872256 0 0 0 
4063358 16547329 4228380735 4030710015 3237937152 
2
64 1090519040 0 0 0 
4063358 33324545 4228380735 4030710015 3237937152 
2
64 1082130432 0 0 0 
4063358 16547329 4228380735 4030710015 3237937152 
2
64 553648128 0 0 0 
4063358 33324545 4228380735 4030710015 3237937152 
2
64 545259520 0 0 0 
4063358 16547329 4228380735 4030710015 3237937152 
2
64 16842752 0 0 0 
4063358 33324545 4228380735 4030710015 3237937152 
2
64 16777344 0 0 0 
4063358 33324545 4228380735 4030710015 3237937152 
2
64 16777280 0 0 0 
4063358 33324545 4228380735 4030710015 3237937152 
2
64 16777248 0 0 0 
4063358 33324545 4228380735 4030710015 3237937152 
2
64 16777232 0 0 0 
4063358 33324545 4228380735 4030710015 3237937152 
2
64 16777224 0 0 0 
4063358 33324545 4228380735 4030710015 3237937152 
2
64 16777220 0 0 0 
4063358 33324545 4228380735 4030710015 3237937152 
2
64 16777216 16777216 0 0 
4063358 33324545 4228380735 4030710015 3237937152 
2
64 16777216 8388608 0 0 
4063358 33324545 4228380735 4030710015 3237937152 
2
64 16777216 4194304 0 0 
4063358 33324545 4228380735 4030710015 3237937152 
2
64 16777216 2097152 0 0 
4063358 33324545 4228380735 4030710015 3237937152 
2
64 16777216 1048576 0 0 
4063358 33324545 4228380735 4030710015 3237937152 
2
64 16777216 1024 0 0 
4063358 33324545 4228380735 4030710015 3237937152 
2
64 16777216 512 0 0 
4063358 33324545 4228380735 4030710015 3237937152 
2
64 16777216 256 0 0 
4063358 33324545 4228380735 4030710015 3237937152 
2
64 16777216 128 0 0 
4063358 33324545 4228380735 4030710015 3237937152 
2
64 16777216 64 0 0 
4063358 33324545 4228380735 4030710015 3237937152 
2
64 16777216 0 67108864 0 
4063358 33324545 4228380735 4030710015 3237937152 
2
64 16777216 0 33554432 0 
4063358 33324545 4228380735 4030710015 3237937152 
2
64 16777216 0 16777216 0 
4063358 33324545 4228380735 4030710015 3237937152 
2
64 16777216 0 8388608 0 
4063358 33324545 4228380735 4030710015 3237937152 
2
64 16777216 0 4194304 0 
4063358 33324545 4228380735 4030710015 3237937152 
2
64 16777216 0 4096 0 
4063358 33324545 4228380735 4030710015 3237937152 
2
64 16777216 0 2048 0 
4063358 33324545 4228380735 4030710015 3237937152 
2
64 16777216 0 1024 0 
4063358 33324545 4228380735 4030710015 3237937152 
2
64 16777216 0 512 0 
4063358 33324545 4228380735 4030710015 3237937152 
2
64 16777216 0 256 0 
4063358 33324545 4228380735 4030710015 3237937152 
2
64 8454144 0 0 0 
4063358 16547329 4228380735 4030710015 3237937152 
2
64 8388736 0 0 0 
4063358 16547329 4228380735 4030710015 3237937152 
2
64 8388672 0 0 0 
4063358 16547329 4228380735 4030710015 3237937152 
2
64 8388640 0 0 0 
4063358 16547329 4228380735 4030710015 3237937152 
2
64 8388624 0 0 0 
4063358 16547329 4228380735 4030710015 3237937152 
2
64 8388616 0 0 0 
4063358 16547329 4228380735 4030710015 3237937152 
2
64 8388612 0 0 0 
4063358 16547329 4228380735 4030710015 3237937152 
2
64 8388608 16777216 0 0 
4063358 16547329 4228380735 4030710015 3237937152 
2
64 8388608 8388608 0 0 
4063358 16547329 4228380735 4030710015 3237937152 
2
64 8388608 4194304 0 0 
4063358 16547329 4228380735 4030710015 3237937152 
2
64 8388608 2097152 0 0 
4063358 16547329 4228380735 4030710015 3237937152 
2
64 8388608 1048576 0 0 
4063358 16547329 4228380735 4030710015 3237937152 
2
64 8388608 1024 0 0 
4063358 16547329 4228380735 4030710015 3237937152 
2
64 8388608 512 0 0 
4063358 16547329 4228380735 4030710015 3237937152 
2
64 8388608 256 0 0 
4063358 16547329 4228380735 4030710015 3237937152 
2
64 8388608 128 0 0 
4063358 16547329 4228380735 4030710015 3237937152 
2
64 8388608 64 0 0 
4063358 16547329 4228380735 4030710015 3237937152 
2
64 8388608 0 67108864 0 
4063358 16547329 4228380735 4030710015 3237937152 
2
64 8388608 0 33554432 0 
4063358 16547329 4228380735 4030710015 3237937152 
2
64 8388608 0 16777216 0 
4063358 16547329 4228380735 4030710015 3237937152 
2
64 8388608 0 8388608 0 
4063358 16547329 4228380735 4030710015 3237937152 
2
64 8388608 0 4194304 0 
4063358 16547329 4228380735 4030710015 3237937152 
2
64 8388608 0 4096 0 
4063358 16547329 4228380735 4030710015 3237937152 
2
64 8388608 0 2048 0 
4063358 16547329 4228380735 4030710015 3237937152 
2
64 8388608 0 1024 0 
4063358 16547329 4228380735 4030710015 3237937152 
2
64 8388608 0 512 0 
4063358 16547329 4228380735 4030710015 3237937152 
2
64 8388608 0 256 0 
4063358 16547329 4228380735 4030710015 3237937152 
2
64 0 536887296 0 0 
4290904033 4293130750 1945651136 264257280 1056964608 
2
40 8388608 0 0 0 
4290904033 4286808574 66586560 264257280 1056964608 
2
36 8388608 0 0 0 
4290904033 4286808574 66586560 264257280 1056964608 
2
32 2155872256 0 0 0 
4063294 16547329 4228380735 4030710015 3237937152 
2
32 1082130432 0 0 0 
4063294 16547329 4228380735 4030710015 3237937152 
2
32 545259520 0 0 0 
4063294 16547329 4228380735 4030710015 3237937152 
2
32 8912896 0 0 0 
4290904033 4286808574 66586560 264257280 1056964608 
2
32 8454144 0 0 0 
4063294 16547329 4228380735 4030710015 3237937152 
2
32 8389632 0 0 0 
4290904033 4286808574 66586560 264257280 1056964608 
2
32 8388736 0 0 0 
4063294 16547329 4228380735 4030710015 3237937152 
2
32 8388672 0 0 0 
4063294 16547329 4228380735 4030710015 3237937152 
2
32 8388640 0 0 0 
4063294 16547329 4228380735 4030710015 3237937152 
2
32 8388624 0 0 0 
4063294 16547329 4228380735 4030710015 3237937152 
2
32 8388616 0 0 0 
4063294 16547329 4228380735 4030710015 3237937152 
2
32 8388612 0 0 0 
4063294 16547329 4228380735 4030710015 3237937152 
2
32 8388608 134217728 0 0 
4290904033 4286808574 66586560 264257280 1056964608 
2
32 8388608 16777216 0 0 
4063294 16547329 4228380735 4030710015 3237937152 
2
32 8388608 8388608 0 0 
4063294 16547329 4228380735 4030710015 3237937152 
2
32 8388608 4194304 0 0 
4063294 16547329 4228380735 4030710015 3237937152 
2
32 8388608 2097152 0 0 
4063294 16547329 4228380735 4030710015 3237937152 
2
32 8388608 1048576 0 0 
4063294 16547329 4228380735 4030710015 3237937152 
2
32 8388608 262144 0 0 
4290904033 4286808574 66586560 264257280 1056964608 
2
32 8388608 131072 0 0 
4290904033 4286808574 66586560 264257280 1056964608 
2
32 8388608 32768 0 0 
4290904033 4286808574 66586560 264257280 1056964608 
2
32 8388608 16384 0 0 
4290904033 4286808574 66586560 264257280 1056964608 
2
32 8388608 8192 0 0 
4290904033 4286808574 66586560 264257280 1056964608 
2
32 8388608 4096 0 0 
4290904033 4286808574 66586560 264257280 1056964608 
2
32 8388608 1024 0 0 
4063294 16547329 4228380735 4030710015 3237937152 
2
32 8388608 512 0 0 
4063294 16547329 4228380735 4030710015 3237937152 
2
32 8388608 256 0 0 
4063294 16547329 4228380735 4030710015 3237937152 
2
32 8388608 128 0 0 
4063294 16547329 4228380735 4030710015 3237937152 
2
32 8388608 64 0 0 
4063294 16547329 4228380735 4030710015 3237937152 
2
32 8388608 16 0 0 
4290904033 4286808574 66586560 264257280 1056964608 
2
32 8388608 8 0 0 
4290904033 4286808574 66586560 264257280 1056964608 
2
32 8388608 4 0 0 
4290904033 4286808574 66586560 264257280 1056964608 
2
32 8388608 2 0 0 
4290904033 4286808574 66586560 264257280 1056964608 
2
32 8388608 1 0 0 
4290904033 4286808574 66586560 264257280 1056964608 
2
32 8388608 0 2147483648 0 
4290904033 4286808574 66586560 264257280 1056964608 
2
32 8388608 0 1073741824 0 
4290904033 4286808574 66586560 264257280 1056964608 
2
32 8388608 0 536870912 0 
4290904033 4286808574 66586560 264257280 1056964608 
2
32 8388608 0 67108864 0 
4063294 16547329 4228380735 4030710015 3237937152 
2
32 8388608 0 33554432 0 
4063294 16547329 4228380735 4030710015 3237937152 
2
32 8388608 0 16777216 0 
4063294 16547329 4228380735 4030710015 3237937152 
2
32 8388608 0 8388608 0 
4063294 16547329 4228380735 4030710015 3237937152 
2
32 8388608 0 4194304 0 
4063294 16547329 4228380735 4030710015 3237937152 
2
32 8388608 0 1048576 0 
4290904033 4286808574 66586560 264257280 1056964608 
2
32 8388608 0 524288 0 
4290904033 4286808574 66586560 264257280 1056964608 
2
32 8388608 0 262144 0 
4290904033 4286808574 66586560 264257280 1056964608 
2
32 8388608 0 131072 0 
4290904033 4286808574 66586560 264257280 1056964608 
2
32 8388608 0 65536 0 
4290904033 4286808574 66586560 264257280 1056964608 
2
32 8388608 0 32768 0 
4290904033 4286808574 66586560 264257280 1056964608 
2
32 8388608 0 4096 0 
4063294 16547329 4228380735 4030710015 3237937152 
2
32 8388608 0 2048 0 
4063294 16547329 4228380735 4030710015 3237937152 
2
32 8388608 0 1024 0 
4063294 16547329 4228380735 4030710015 3237937152 
2
32 8388608 0 512 0 
4063294 16547329 4228380735 4030710015 3237937152 
2
32 8388608 0 256 0 
4063294 16547329 4228380735 4030710015 3237937152 
2
32 8388608 0 64 0 
4290904033 4286808574 66586560 264257280 1056964608 
2
32 8388608 0 32 0 
4290904033 4286808574 66586560 264257280 1056964608 
2
32 8388608 0 16 0 
4290904033 4286808574 66586560 264257280 1056964608 
2
32 8388608 0 8 0 
4290904033 4286808574 66586560 264257280 1056964608 
2
32 8388608 0 4 0 
4290904033 4286808574 66586560 264257280 1056964608 
2
32 8388608 0 2 0 
4290904033 4286808574 66586560 264257280 1056964608 
2
32 8388608 0 1 0 
4290904033 4286808574 66586560 264257280 1056964608 
2
32 8388608 0 0 2147483648 
4290904033 4286808574 66586560 264257280 1056964608 
2
32 0 536887296 0 0 
4290904033 4293130750 1945651136 264257280 1056964608 
2
8 4210688 0 0 0 
4290904033 4291019262 66586560 264257280 1056964608 
2
8 2105344 0 0 0 
4290904033 4293124606 66586560 264257280 1056964608 
2
8 0 805306368 0 0 
4290904033 4293130750 1945634752 264257280 1056964608 
2
8 0 32769 0 0 
4294967295 4294967295 4294967295 4294967295 4294901760 
2
8 0 4 8 0 
0 1 2147942460 3932408 15728640 
2
8 0 4 4 0 
0 1 2147942460 3932412 15728640 
2
8 0 2 8 0 
0 1 2147942462 3932408 15728640 
2
8 0 2 4 0 
0 1 2147942462 3932412 15728640 
2
8 0 1 131072 0 
4294967295 4294967295 4294967295 4294967295 4294901760 
2
8 0 1 8 0 
0 1 2147942463 3932408 15728640 
2
8 0 1 4 0 
0 1 2147942463 3932412 15728640 
2
8 0 0 131076 0 
4294967295 4294967295 4294967295 4294967295 4294901760 
2
4 4210688 0 0 0 
4290904033 4291019262 66586560 264257280 1056964608 
2
4 2105344 0 0 0 
4290904033 4293124606 66586560 264257280 1056964608 
2
4 0 805306368 0 0 
4290904033 4293130750 1945634752 264257280 1056964608 
2
4 0 32769 0 0 
4294967295 4294967295 4294967295 4294967295 4294901760 
2
4 0 4 8 0 
0 1 2147942460 3932408 15728640 
2
4 0 4 4 0 
0 1 2147942460 3932412 15728640 
2
4 0 2 8 0 
0 1 2147942462 3932408 15728640 
2
4 0 2 4 0 
0 1 2147942462 3932412 15728640 
2
4 0 1 131072 0 
4294967295 4294967295 4294967295 4294967295 4294901760 
2
4 0 1 8 0 
0 1 2147942463 3932408 15728640 
2
4 0 1 4 0 
0 1 2147942463 3932412 15728640 
2
4 0 0 131076 0 
4294967295 4294967295 4294967295 4294967295 4294901760 
2
0 2160066560 0 0 0 
4063262 16547329 4228380735 4030710015 3237937152 
2
0 2151694336 0 0 0 
4063262 8158721 4228380735 4030710015 3237937152 
2
0 2147483648 536887296 0 0 
4290904033 4293130750 1945651136 264257280 1056964608 
2
0 1086324736 0 0 0 
4063262 16547329 4228380735 4030710015 3237937152 
2
0 1077952512 0 0 0 
4063262 8158721 4228380735 4030710015 3237937152 
2
0 1073741824 536887296 0 0 
4290904033 4293130750 1945651136 264257280 1056964608 
2
0 549453824 0 0 0 
4063262 16547329 4228380735 4030710015 3237937152 
2
0 541081600 0 0 0 
4063262 8158721 4228380735 4030710015 3237937152 
2
0 536870912 536887296 0 0 
4290904033 4293130750 1945651136 264257280 1056964608 
2
0 16777216 536887296 0 0 
4290904033 4293130750 1945651136 264257280 1056964608 
2
0 12648448 0 0 0 
4063262 16547329 4228380735 4030710015 3237937152 
2
0 12583040 0 0 0 
4063262 16547329 4228380735 4030710015 3237937152 
2
0 12582976 0 0 0 
4063262 16547329 4228380735 4030710015 3237937152 
2
0 12582944 0 0 0 
4063262 16547329 4228380735 4030710015 3237937152 
2
0 12582928 0 0 0 
4063262 16547329 4228380735 4030710015 3237937152 
2
0 12582920 0 0 0 
4063262 16547329 4228380735 4030710015 3237937152 
2
0 12582916 0 0 0 
4063262 16547329 4228380735 4030710015 3237937152 
2
0 12582912 16777216 0 0 
4063262 16547329 4228380735 4030710015 3237937152 
2
0 12582912 8388608 0 0 
4063262 16547329 4228380735 4030710015 3237937152 
2
0 12582912 4194304 0 0 
4063262 16547329 4228380735 4030710015 3237937152 
2
0 12582912 2097152 0 0 
4063262 16547329 4228380735 4030710015 3237937152 
2
0 12582912 1048576 0 0 
4063262 16547329 4228380735 4030710015 3237937152 
2
0 12582912 1024 0 0 
4063262 16547329 4228380735 4030710015 3237937152 
2
0 12582912 512 0 0 
4063262 16547329 4228380735 4030710015 3237937152 
2
0 12582912 256 0 0 
4063262 16547329 4228380735 4030710015 3237937152 
2
0 12582912 128 0 0 
4063262 16547329 4228380735 4030710015 3237937152 
2
0 12582912 64 0 0 
4063262 16547329 4228380735 4030710015 3237937152 
2
0 12582912 0 67108864 0 
4063262 16547329 4228380735 4030710015 3237937152 
2
0 12582912 0 33554432 0 
4063262 16547329 4228380735 4030710015 3237937152 
2
0 12582912 0 16777216 0 
4063262 16547329 4228380735 4030710015 3237937152 
2
0 12582912 0 8388608 0 
4063262 16547329 4228380735 4030710015 3237937152 
2
0 12582912 0 4194304 0 
4063262 16547329 4228380735 4030710015 3237937152 
2
0 12582912 0 4096 0 
4063262 16547329 4228380735 4030710015 3237937152 
2
0 12582912 0 2048 0 
4063262 16547329 4228380735 4030710015 3237937152 
2
0 12582912 0 1024 0 
4063262 16547329 4228380735 4030710015 3237937152 
2
0 12582912 0 512 0 
4063262 16547329 4228380735 4030710015 3237937152 
2
0 12582912 0 256 0 
4063262 16547329 4228380735 4030710015 3237937152 
2
0 8388608 536887296 0 0 
4290904033 4293130750 1945651136 264257280 1056964608 
2
0 4734976 0 0 0 
4290904033 4291019262 66586560 264257280 1056964608 
2
0 4276224 0 0 0 
4063262 8158721 4228380735 4030710015 3237937152 
2
0 4211712 0 0 0 
4290904033 4291019262 66586560 264257280 1056964608 
2
0 4210816 0 0 0 
4063262 8158721 4228380735 4030710015 3237937152 
2
0 4210752 0 0 0 
4063262 8158721 4228380735 4030710015 3237937152 
2
0 4210720 0 0 0 
4063262 8158721 4228380735 4030710015 3237937152 
2
0 4210704 0 0 0 
4063262 8158721 4228380735 4030710015 3237937152 
2
0 4210696 0 0 0 
4063262 8158721 4228380735 4030710015 3237937152 
2
0 4210692 0 0 0 
4063262 8158721 4228380735 4030710015 3237937152 
2
0 4210688 134217728 0 0 
4290904033 4291019262 66586560 264257280 1056964608 
2
0 4210688 16777216 0 0 
4063262 8158721 4228380735 4030710015 3237937152 
2
0 4210688 8388608 0 0 
4063262 8158721 4228380735 4030710015 3237937152 
2
0 4210688 4194304 0 0 
4063262 8158721 4228380735 4030710015 3237937152 
2
0 4210688 2097152 0 0 
4063262 8158721 4228380735 4030710015 3237937152 
2
0 4210688 1048576 0 0 
4063262 8158721 4228380735 4030710015 3237937152 
2
0 4210688 262144 0 0 
4290904033 4291019262 66586560 264257280 1056964608 
2
0 4210688 131072 0 0 
4290904033 4291019262 66586560 264257280 1056964608 
2
0 4210688 32768 0 0 
4290904033 4291019262 66586560 264257280 1056964608 
2
0 4210688 16384 0 0 
4290904033 4291019262 66586560 264257280 1056964608 
2
0 4210688 8192 0 0 
4290904033 4291019262 66586560 264257280 1056964608 
2
0 4210688 4096 0 0 
4290904033 4291019262 66586560 264257280 1056964608 
2
0 4210688 1024 0 0 
4063262 8158721 4228380735 4030710015 3237937152 
2
0 4210688 512 0 0 
4063262 8158721 4228380735 4030710015 3237937152 
2
0 4210688 256 0 0 
4063262 8158721 4228380735 4030710015 3237937152 
2
0 4210688 128 0 0 
4063262 8158721 4228380735 4030710015 3237937152 
2
0 4210688 64 0 0 
4063262 8158721 4228380735 4030710015 3237937152 
2
0 4210688 16 0 0 
4290904033 4291019262 66586560 264257280 1056964608 
2
0 4210688 8 0 0 
4290904033 4291019262 66586560 264257280 1056964608 
2
0 4210688 4 0 0 
4290904033 4291019262 66586560 264257280 1056964608 
2
0 4210688 2 0 0 
4290904033 4291019262 66586560 264257280 1056964608 
2
0 4210688 1 0 0 
4290904033 4291019262 66586560 264257280 1056964608 
2
0 4210688 0 2147483648 0 
4290904033 4291019262 66586560 264257280 1056964608 
2
0 4210688 0 1073741824 0 
4290904033 4291019262 66586560 264257280 1056964608 
2
0 4210688 0 536870912 0 
4290904033 4291019262 66586560 264257280 1056964608 
2
0 4210688 0 67108864 0 
4063262 8158721 4228380735 4030710015 3237937152 
2
0 4210688 0 33554432 0 
4063262 8158721 4228380735 4030710015 3237937152 
2
0 4210688 0 16777216 0 
4063262 8158721 4228380735 4030710015 3237937152 
2
0 4210688 0 8388608 0 
4063262 8158721 4228380735 4030710015 3237937152 
2
0 4210688 0 4194304 0 
4063262 8158721 4228380735 4030710015 3237937152 
2
0 4210688 0 1048576 0 
4290904033 4291019262 66586560 264257280 1056964608 
2
0 4210688 0 524288 0 
4290904033 4291019262 66586560 264257280 1056964608 
2
0 4210688 0 262144 0 
4290904033 4291019262 66586560 264257280 1056964608 
2
0 4210688 0 131072 0 
4290904033 4291019262 66586560 264257280 1056964608 
2
0 4210688 0 65536 0 
4290904033 4291019262 66586560 264257280 1056964608 
2
0 4210688 0 32768 0 
4290904033 4291019262 66586560 264257280 1056964608 
2
0 4210688 0 4096 0 
4063262 8158721 4228380735 4030710015 3237937152 
2
0 4210688 0 2048 0 
4063262 8158721 4228380735 4030710015 3237937152 
2
0 4210688 0 1024 0 
4063262 8158721 4228380735 4030710015 3237937152 
2
0 4210688 0 512 0 
4063262 8158721 4228380735 4030710015 3237937152 
2
0 4210688 0 256 0 
4063262 8158721 4228380735 4030710015 3237937152 
2
0 4210688 0 64 0 
4290904033 4291019262 66586560 264257280 1056964608 
2
0 4210688 0 32 0 
4290904033 4291019262 66586560 264257280 1056964608 
2
0 4210688 0 16 0 
4290904033 4291019262 66586560 264257280 1056964608 
2
0 4210688 0 8 0 
4290904033 4291019262 66586560 264257280 1056964608 
2
0 4210688 0 4 0 
4290904033 4291019262 66586560 264257280 1056964608 
2
0 4210688 0 2 0 
4290904033 4291019262 66586560 264257280 1056964608 
2
0 4210688 0 1 0 
4290904033 4291019262 66586560 264257280 1056964608 
2
0 4210688 0 0 2147483648 
4290904033 4291019262 66586560 264257280 1056964608 
2
0 4194304 536887296 0 0 
4290904033 4293130750 1945651136 264257280 1056964608 
2
0 2629632 0 0 0 
4290904033 4293124606 66586560 264257280 1056964608 
2
0 2106368 0 0 0 
4290904033 4293124606 66586560 264257280 1056964608 
2
0 2105344 134217728 0 0 
4290904033 4293124606 66586560 264257280 1056964608 
2
0 2105344 262144 0 0 
4290904033 4293124606 66586560 264257280 1056964608 
2
0 2105344 131072 0 0 
4290904033 4293124606 66586560 264257280 1056964608 
2
0 2105344 32768 0 0 
4290904033 4293124606 66586560 264257280 1056964608 
2
0 2105344 16384 0 0 
4290904033 4293124606 66586560 264257280 1056964608 
2
0 2105344 8192 0 0 
4290904033 4293124606 66586560 264257280 1056964608 
2
0 2105344 4096 0 0 
4290904033 4293124606 66586560 264257280 1056964608 
2
0 2105344 16 0 0 
4290904033 4293124606 66586560 264257280 1056964608 
2
0 2105344 8 0 0 
4290904033 4293124606 66586560 264257280 1056964608 
2
0 2105344 4 0 0 
4290904033 4293124606 66586560 264257280 1056964608 
2
0 2105344 2 0 0 
4290904033 4293124606 66586560 264257280 1056964608 
2
0 2105344 1 0 0 
4290904033 4293124606 66586560 264257280 1056964608 
2
0 2105344 0 2147483648 0 
4290904033 4293124606 66586560 264257280 1056964608 
2
0 2105344 0 1073741824 0 
4290904033 4293124606 66586560 264257280 1056964608 
2
0 2105344 0 536870912 0 
4290904033 4293124606 66586560 264257280 1056964608 
2
0 2105344 0 1048576 0 
4290904033 4293124606 66586560 264257280 1056964608 
2
0 2105344 0 524288 0 
4290904033 4293124606 66586560 264257280 1056964608 
2
0 2105344 0 262144 0 
4290904033 4293124606 66586560 264257280 1056964608 
2
0 2105344 0 131072 0 
4290904033 4293124606 66586560 264257280 1056964608 
2
0 2105344 0 65536 0 
4290904033 4293124606 66586560 264257280 1056964608 
2
0 2105344 0 32768 0 
4290904033 4293124606 66586560 264257280 1056964608 
2
0 2105344 0 64 0 
4290904033 4293124606 66586560 264257280 1056964608 
2
0 2105344 0 32 0 
4290904033 4293124606 66586560 264257280 1056964608 
2
0 2105344 0 16 0 
4290904033 4293124606 66586560 264257280 1056964608 
2
0 2105344 0 8 0 
4290904033 4293124606 66586560 264257280 1056964608 
2
0 2105344 0 4 0 
4290904033 4293124606 66586560 264257280 1056964608 
2
0 2105344 0 2 0 
4290904033 4293124606 66586560 264257280 1056964608 
2
0 2105344 0 1 0 
4290904033 4293124606 66586560 264257280 1056964608 
2
0 2105344 0 0 2147483648 
4290904033 4293124606 66586560 264257280 1056964608 
2
0 2097152 536887296 0 0 
4290904033 4293130750 1945651136 264257280 1056964608 
2
0 524288 805306368 0 0 
4290904033 4293130750 1945634752 264257280 1056964608 
2
0 524288 32769 0 0 
4294967295 4294967295 4294967295 4294967295 4294901760 
2
0 524288 4 8 0 
0 1 2147942460 3932408 15728640 
2
0 524288 4 4 0 
0 1 2147942460 3932412 15728640 
2
0 524288 2 8 0 
0 1 2147942462 3932408 15728640 
2
0 524288 2 4 0 
0 1 2147942462 3932412 15728640 
2
0 524288 1 131072 0 
4294967295 4294967295 4294967295 4294967295 4294901760 
2
0 524288 1 8 0 
0 1 2147942463 3932408 15728640 
2
0 524288 1 4 0 
0 1 2147942463 3932412 15728640 
2
0 524288 0 131076 0 
4294967295 4294967295 4294967295 4294967295 4294901760 
2
0 65536 536887296 0 0 
4290904033 4293130750 1945651136 264257280 1056964608 
2
0 16384 536887296 0 0 
4290904033 4293130750 1945651136 264257280 1056964608 
2
0 12288 16384 0 0 
4290904033 4293128702 66586560 264257280 1056964608 
2
0 8192 536887296 0 0 
4290904033 4293130750 871909312 264257280 1056964608 
2
0 4096 1073758208 0 0 
4290904033 4293128702 1140328384 264257280 1056964608 
2
0 4096 536887296 0 0 
0 6144 805322752 0 0 
2
0 1024 805306368 0 0 
4290904033 4293130750 1945634752 264257280 1056964608 
2
0 1024 32769 0 0 
4294967295 4294967295 4294967295 4294967295 4294901760 
2
0 1024 4 8 0 
0 1 2147942460 3932408 15728640 
2
0 1024 4 4 0 
0 1 2147942460 3932412 15728640 
2
0 1024 2 8 0 
0 1 2147942462 3932408 15728640 
2
0 1024 2 4 0 
0 1 2147942462 3932412 15728640 
2
0 1024 1 131072 0 
4294967295 4294967295 4294967295 4294967295 4294901760 
2
0 1024 1 8 0 
0 1 2147942463 3932408 15728640 
2
0 1024 1 4 0 
0 1 2147942463 3932412 15728640 
2
0 1024 0 131076 0 
4294967295 4294967295 4294967295 4294967295 4294901760 
2
0 160 16777216 0 0 
4294967295 4294967201 4278712383 4030710015 3237937152 
2
0 128 536887296 0 0 
4290904033 4293130750 1945651136 264257280 1056964608 
2
0 128 25165824 0 0 
4294967295 4294967295 4294967295 4294967295 4294901760 
2
0 96 16777216 0 0 
4294967295 4294967265 4278712383 4030710015 3237937152 
2
0 64 536887296 0 0 
4290904033 4293130750 1945651136 264257280 1056964608 
2
0 64 25165824 0 0 
4294967295 4294967295 4294967295 4294967295 4294901760 
2
0 36 2097152 0 0 
0 60 2097152 0 0 
2
0 32 536887296 0 0 
4290904033 4293130750 1945651136 264257280 1056964608 
2
0 32 3145728 0 0 
0 62 3670016 0 0 
2
0 32 2097216 0 0 
0 62 3670080 0 0 
2
0 32 512 1024 0 
0 62 3670976 12584704 251658240 
2
0 32 192 0 0 
0 62 3670208 0 0 
2
0 16 536887296 0 0 
4290904033 4293130750 1945651136 264257280 1056964608 
2
0 16 8389120 0 0 
4294967295 4294967281 4291295807 4030710015 3237937152 
2
0 16 4195328 0 0 
4294967295 4294967281 4291296319 4030710015 3237937152 
2
0 16 3145728 0 0 
0 30 3670016 0 0 
2
0 16 2097216 0 0 
0 30 3670080 0 0 
2
0 16 1536 0 0 
4294967295 4294967281 4291296831 4030710015 3237937152 
2
0 16 512 33554432 0 
4294967295 4294967281 4291296831 4064264447 3237937152 
2
0 16 512 1024 0 
0 30 3670976 12584704 251658240 
2
0 16 192 0 0 
0 30 3670208 0 0 
2
0 16 128 1024 0 
4294967295 4294967281 4291297215 4282383615 4043243520 
2
0 8 536887296 0 0 
4290904033 4293130750 1945651136 264257280 1056964608 
2
0 8 12582912 0 0 
4294967295 4294967289 4291295295 4030710015 3237937152 
2
0 8 8389120 0 0 
4294967295 4294967289 4291295807 4030710015 3237937152 
2
0 8 4195328 0 0 
4294967295 4294967289 4291296319 4030710015 3237937152 
2
0 8 3145728 0 0 
0 14 1572864 0 0 
2
0 8 2097216 0 0 
0 14 3670080 0 0 
2
0 8 1536 0 0 
4294967295 4294967289 4291296831 4030710015 3237937152 
2
0 8 512 33554432 0 
4294967295 4294967289 4291296831 4064264447 3237937152 
2
0 8 512 1024 0 
0 14 3670976 12584704 251658240 
2
0 8 256 1024 0 
4294967295 4294967289 4291297087 4282383615 4043243520 
2
0 8 192 0 0 
0 14 3670208 0 0 
2
0 8 128 1024 0 
4294967295 4294967289 4291297215 4282383615 4043243520 
2
0 4 536887296 0 0 
4290904033 4293130750 1945651136 264257280 1056964608 
2
0 4 3145728 0 0 
0 6 1572864 0 0 
2
0 4 2097216 0 0 
0 6 3670080 0 0 
2
0 4 192 0 0 
4294967295 4294967295 4294967295 4294967295 4294901760 
2
0 0 1610629120 0 0 
4290904033 4293130750 1945651136 264257280 1056964608 
2
0 0 939524096 0 0 
4290904033 4293130750 1945634752 264257280 1056964608 
2
0 0 805568512 0 0 
4290904033 4293130750 1945634752 264257280 1056964608 
2
0 0 805437440 0 0 
4290904033 4293130750 1945634752 264257280 1056964608 
2
0 0 805314560 0 0 
4290904033 4293130750 1945634752 264257280 1056964608 
2
0 0 805310464 0 0 
4290904033 4293130750 1945634752 264257280 1056964608 
2
0 0 805306384 0 0 
4290904033 4293130750 1945634752 264257280 1056964608 
2
0 0 805306376 0 0 
4290904033 4293130750 1945634752 264257280 1056964608 
2
0 0 805306372 0 0 
4290904033 4293130750 1945634752 264257280 1056964608 
2
0 0 805306370 0 0 
4290904033 4293130750 1945634752 264257280 1056964608 
2
0 0 805306369 0 0 
4290904033 4293130750 1945634752 264257280 1056964608 
2
0 0 805306368 2147483648 0 
4290904033 4293130750 1945634752 264257280 1056964608 
2
0 0 805306368 1073741824 0 
4290904033 4293130750 1945634752 264257280 1056964608 
2
0 0 805306368 536870912 0 
4290904033 4293130750 1945634752 264257280 1056964608 
2
0 0 805306368 1048576 0 
4290904033 4293130750 1945634752 264257280 1056964608 
2
0 0 805306368 524288 0 
4290904033 4293130750 1945634752 264257280 1056964608 
2
0 0 805306368 262144 0 
4290904033 4293130750 1945634752 264257280 1056964608 
2
0 0 805306368 131072 0 
4290904033 4293130750 1945634752 264257280 1056964608 
2
0 0 805306368 65536 0 
4290904033 4293130750 1945634752 264257280 1056964608 
2
0 0 805306368 32768 0 
4290904033 4293130750 1945634752 264257280 1056964608 
2
0 0 805306368 64 0 
4290904033 4293130750 1945634752 264257280 1056964608 
2
0 0 805306368 32 0 
4290904033 4293130750 1945634752 264257280 1056964608 
2
0 0 805306368 16 0 
4290904033 4293130750 1945634752 264257280 1056964608 
2
0 0 805306368 8 0 
4290904033 4293130750 1945634752 264257280 1056964608 
2
0 0 805306368 4 0 
4290904033 4293130750 1945634752 264257280 1056964608 
2
0 0 805306368 2 0 
4290904033 4293130750 1945634752 264257280 1056964608 
2
0 0 805306368 1 0 
4290904033 4293130750 1945634752 264257280 1056964608 
2
0 0 805306368 0 2147483648 
4290904033 4293130750 1945634752 264257280 1056964608 
2
0 0 553664512 0 0 
4290904033 4293130750 1945651136 264257280 1056964608 
2
0 0 545275904 0 0 
4290904033 4293130750 1945651136 264257280 1056964608 
2
0 0 541081600 0 0 
4290904033 4293130750 1945651136 264257280 1056964608 
2
0 0 538984448 0 0 
4290904033 4293130750 1945651136 264257280 1056964608 
2
0 0 537935872 0 0 
4290904033 4293130750 1945651136 264257280 1056964608 
2
0 0 536888320 0 0 
4290904033 4293130750 1945651136 264257280 1056964608 
2
0 0 536887808 0 0 
4290904033 4293130750 1945651136 264257280 1056964608 
2
0 0 536887552 0 0 
4290904033 4293130750 1945651136 264257280 1056964608 
2
0 0 536887424 0 0 
4290904033 4293130750 1945651136 264257280 1056964608 
2
0 0 536887360 0 0 
4290904033 4293130750 1945651136 264257280 1056964608 
2
0 0 536887296 67108864 0 
4290904033 4293130750 1945651136 264257280 1056964608 
2
0 0 536887296 33554432 0 
4290904033 4293130750 1945651136 264257280 1056964608 
2
0 0 536887296 16777216 0 
4290904033 4293130750 1945651136 264257280 1056964608 
2
0 0 536887296 8388608 0 
4290904033 4293130750 1945651136 264257280 1056964608 
2
0 0 536887296 4194304 0 
4290904033 4293130750 1945651136 264257280 1056964608 
2
0 0 536887296 4096 0 
4290904033 4293130750 1945651136 264257280 1056964608 
2
0 0 536887296 2048 0 
4290904033 4293130750 1945651136 264257280 1056964608 
2
0 0 536887296 1024 0 
4290904033 4293130750 1945651136 264257280 1056964608 
2
0 0 536887296 512 0 
4290904033 4293130750 1945651136 264257280 1056964608 
2
0 0 536887296 256 0 
4290904033 4293130750 1945651136 264257280 1056964608 
2
0 0 268468225 0 0 
4063262 1836545 2617767999 4030710015 3237937152 
2
0 0 268451841 0 0 
4063262 1836545 2349299775 4030710015 3237937152 
2
0 0 268435460 8 0 
0 1 2147942460 3932408 15728640 
2
0 0 268435460 4 0 
0 1 2147942460 3932412 15728640 
2
0 0 268435458 8 0 
0 1 2147942462 3932408 15728640 
2
0 0 268435458 4 0 
0 1 2147942462 3932412 15728640 
2
0 0 268435457 131072 0 
4294967295 4294967295 4294967295 4294967295 4294901760 
2
0 0 268435457 8 0 
0 1 2147942463 3932408 15728640 
2
0 0 268435457 4 0 
0 1 2147942463 3932412 15728640 
2
0 0 268435456 131076 0 
4294967295 4294967295 4294967295 4294967295 4294901760 
2
0 0 134250497 0 0 
4294967295 4294967295 4294967295 4294967295 4294901760 
2
0 0 134217732 8 0 
0 1 2147942460 3932408 15728640 
2
0 0 134217732 4 0 
0 1 2147942460 3932412 15728640 
2
0 0 134217730 8 0 
0 1 2147942462 3932408 15728640 
2
0 0 134217730 4 0 
0 1 2147942462 3932412 15728640 
2
0 0 134217729 131072 0 
4294967295 4294967295 4294967295 4294967295 4294901760 
2
0 0 134217729 8 0 
0 1 2147942463 3932408 15728640 
2
0 0 134217729 4 0 
0 1 2147942463 3932412 15728640 
2
0 0 134217728 131076 0 
4294967295 4294967295 4294967295 4294967295 4294901760 
2
0 0 8389120 1024 0 
4294967295 4294967295 4294966271 4043294719 3489595392 
2
0 0 3145792 0 0 
4294967295 4294967295 4294967295 4294967295 4294901760 
2
0 0 393224 0 0 
0 1 2147876864 0 0 
2
0 0 393220 0 0 
0 1 2147876864 0 0 
2
0 0 49153 0 0 
4063262 1836545 2349299775 4030710015 3237937152 
2
0 0 40961 0 0 
4294967295 4294967295 4294967295 4294967295 4294901760 
2
0 0 40960 2147483648 0 
4290904033 4293130750 1945692096 2411740928 1056964608 
2
0 0 36865 0 0 
4294967295 4294967295 4294967295 4294967295 4294901760 
2
0 0 32773 0 0 
4294967295 4294967295 4294967293 4294967295 4294901760 
2
0 0 32769 2147483648 0 
4294967295 4294967295 4294967295 4294967295 4294901760 
2
0 0 32769 1073741824 0 
4294967295 4294967295 4294967295 4294967295 4294901760 
2
0 0 32769 536870912 0 
4294967295 4294967295 4294967295 4294967295 4294901760 
2
0 0 32769 65536 0 
4294967295 4294967295 4294967295 4294967295 4294901760 
2
0 0 32769 32768 0 
4294967295 4294967295 4294967295 4294967295 4294901760 
2
0 0 32769 16 0 
4294967295 4294967294 2147024833 4291034911 4279173120 
2
0 0 32769 2 0 
4294967295 4294967295 4294967295 4294967295 4294901760 
2
0 0 32769 1 0 
4294967295 4294967295 4294967295 4294967295 4294901760 
2
0 0 32769 0 2147483648 
4294967295 4294967295 4294967295 4294967295 4294901760 
2
0 0 16388 8 0 
0 1 2147942460 3932408 15728640 
2
0 0 16388 4 0 
0 1 2147942460 3932412 15728640 
2
0 0 16386 8 0 
0 1 2147942462 3932408 15728640 
2
0 0 16386 4 0 
0 1 2147942462 3932412 15728640 
2
0 0 16385 131072 0 
4063262 1836545 2349299775 4030710015 3237937152 
2
0 0 16385 8 0 
0 1 2147942463 3932408 15728640 
2
0 0 16385 4 0 
0 1 2147942463 3932412 15728640 
2
0 0 16384 2147483649 0 
4290904033 4293130751 4093626367 2415869951 1073479680 
2
0 0 16384 2147483648 2147483648 
4290904033 4293130751 4093626367 2415869951 3220963328 
2
0 0 16384 131076 0 
4294967295 4294967295 4294967295 4294967295 4294901760 
2
0 0 8196 8 0 
0 1 2147942460 3932408 15728640 
2
0 0 8196 4 0 
0 1 2147942460 3932412 15728640 
2
0 0 8194 8 0 
0 1 2147942462 3932408 15728640 
2
0 0 8194 4 0 
0 1 2147942462 3932412 15728640 
2
0 0 8193 2147483648 0 
4290904033 4293130750 1945692097 2411740928 1056964608 
2
0 0 8193 131072 0 
4294967295 4294967295 4294967295 4294967295 4294901760 
2
0 0 8193 8 0 
0 1 2147942463 3932408 15728640 
2
0 0 8193 4 0 
0 1 2147942463 3932412 15728640 
2
0 0 8192 131076 0 
4294967295 4294967295 4294967295 4294967295 4294901760 
2
0 0 4100 8 0 
0 1 2147942460 3932408 15728640 
2
0 0 4100 4 0 
0 1 2147942460 3932412 15728640 
2
0 0 4098 8 0 
0 1 2147942462 3932408 15728640 
2
0 0 4098 4 0 
0 1 2147942462 3932412 15728640 
2
0 0 4097 131072 0 
4294967295 4294967295 4294967295 4294967295 4294901760 
2
0 0 4097 8 0 
0 1 2147942463 3932408 15728640 
2
0 0 4097 4 0 
0 1 2147942463 3932412 15728640 
2
0 0 4096 131076 0 
4294967295 4294967295 4294967295 4294967295 4294901760 
2
0 0 1536 1024 0 
4294967295 4294967295 4294967295 4043294719 3489595392 
2
0 0 512 33555456 0 
4294967295 4294967295 4294967295 4076849151 3489595392 
2
0 0 192 1024 0 
4294967295 4294967295 4294967295 4282383615 4043243520 
2
0 0 64 8389632 0 
4294967295 4294967295 4294967295 4290772223 4043243520 
2
0 0 16 524304 0 
4294967295 4294967295 4294967263 4291821343 4279173120 
2
0 0 5 131072 0 
4294967295 4294967295 4294967293 4294967295 4294901760 
2
0 0 4 2147483656 0 
0 1 2147942460 3932408 15728640 
2
0 0 4 2147483652 0 
0 1 2147942460 3932412 15728640 
2
0 0 4 1073741832 0 
0 1 2147942460 3932408 15728640 
2
0 0 4 1073741828 0 
0 1 2147942460 3932412 15728640 
2
0 0 4 536870920 0 
0 1 2147942460 3932408 15728640 
2
0 0 4 536870916 0 
0 1 2147942460 3932412 15728640 
2
0 0 4 131076 0 
4294967295 4294967294 2147024839 4291034887 4279173120 
2
0 0 4 131074 0 
4294967295 4294967294 2147024839 4291034883 4278386688 
2
0 0 4 65544 0 
0 1 2147942460 3932408 15728640 
2
0 0 4 65540 0 
0 1 2147942460 3932412 15728640 
2
0 0 4 32776 0 
0 1 2147942460 3932408 15728640 
2
0 0 4 32772 0 
0 1 2147942460 3932412 15728640 
2
0 0 4 10 0 
0 1 2147942460 3932408 15728640 
2
0 0 4 9 0 
0 1 2147942460 3932408 15728640 
2
0 0 4 8 2147483648 
0 1 2147942460 3932408 15728640 
2
0 0 4 5 0 
0 1 2147942460 3932412 15728640 
2
0 0 4 4 2147483648 
0 1 2147942460 3932412 15728640 
2
0 0 2 2147483656 0 
0 1 2147942462 3932408 15728640 
2
0 0 2 2147483652 0 
0 1 2147942462 3932412 15728640 
2
0 0 2 1073741832 0 
0 1 2147942462 3932408 15728640 
2
0 0 2 1073741828 0 
0 1 2147942462 3932412 15728640 
2
0 0 2 536870920 0 
0 1 2147942462 3932408 15728640 
2
0 0 2 536870916 0 
0 1 2147942462 3932412 15728640 
2
0 0 2 65544 0 
0 1 2147942462 3932408 15728640 
2
0 0 2 65540 0 
0 1 2147942462 3932412 15728640 
2
0 0 2 32776 0 
0 1 2147942462 3932408 15728640 
2
0 0 2 32772 0 
0 1 2147942462 3932412 15728640 
2
0 0 2 10 0 
0 1 2147942462 3932408 15728640 
2
0 0 2 9 0 
0 1 2147942462 3932408 15728640 
2
0 0 2 8 2147483648 
0 1 2147942462 3932408 15728640 
2
0 0 2 5 0 
0 1 2147942462 3932412 15728640 
2
0 0 2 4 2147483648 
0 1 2147942462 3932412 15728640 
2
0 0 1 2147614720 0 
4294967295 4294967295 4294967295 4294967295 4294901760 
2
0 0 1 2147483656 0 
0 1 2147942463 3932408 15728640 
2
0 0 1 2147483652 0 
0 1 2147942463 3932412 15728640 
2
0 0 1 1073872896 0 
4294967295 4294967295 4294967295 4294967295 4294901760 
2
0 0 1 1073741832 0 
0 1 2147942463 3932408 15728640 
2
0 0 1 1073741828 0 
0 1 2147942463 3932412 15728640 
2
0 0 1 537001984 0 
4294967295 4294967295 4294967295 4294967295 4294901760 
2
0 0 1 536870920 0 
0 1 2147942463 3932408 15728640 
2
0 0 1 536870916 0 
0 1 2147942463 3932412 15728640 
2
0 0 1 196608 0 
4294967295 4294967295 4294967295 4294967295 4294901760 
2
0 0 1 163840 0 
4294967295 4294967295 4294967295 4294967295 4294901760 
2
0 0 1 131088 0 
4294967295 4294967294 2147024833 4291034911 4279173120 
2
0 0 1 131076 0 
0 1 2147942463 3932412 15728640 
2
0 0 1 131074 0 
0 1 2147942463 4063486 16515072 
2
0 0 1 131073 0 
4294967295 4294967295 4294967295 4294967295 4294901760 
2
0 0 1 131072 2147483648 
4294967295 4294967295 4294967295 4294967295 4294901760 
2
0 0 1 65544 0 
0 1 2147942463 3932408 15728640 
2
0 0 1 65540 0 
0 1 2147942463 3932412 15728640 
2
0 0 1 32776 0 
0 1 2147942463 3932408 15728640 
2
0 0 1 32772 0 
0 1 2147942463 3932412 15728640 
2
0 0 1 10 0 
0 1 2147942463 3932408 15728640 
2
0 0 1 9 0 
0 1 2147942463 3932408 15728640 
2
0 0 1 8 2147483648 
0 1 2147942463 3932408 15728640 
2
0 0 1 5 0 
0 1 2147942463 3932412 15728640 
2
0 0 1 4 2147483648 
0 1 2147942463 3932412 15728640 
2
0 0 0 2147614724 0 
4294967295 4294967295 4294967295 4294967295 4294901760 
2
0 0 0 1073872900 0 
4294967295 4294967295 4294967295 4294967295 4294901760 
2
0 0 0 537001988 0 
4294967295 4294967295 4294967295 4294967295 4294901760 
2
0 0 0 196612 0 
4294967295 4294967295 4294967295 4294967295 4294901760 
2
0 0 0 163844 0 
4294967295 4294967295 4294967295 4294967295 4294901760 
2
0 0 0 131078 0 
0 0 0 6 786432 
2
0 0 0 131077 0 
4294967295 4294967295 4294967295 4294967295 4294901760 
2
0 0 0 131076 2147483648 
4294967295 4294967295 4294967295 4294967295 4294901760 
2
