4
0 1 2 3 
1242
67108864 0 0 0 
134217727 4294967295 4294967295 4294967264 
2147483647
0 16384 0 0 
4294967295 4294967231 4294967295 4294967264 
2147483647
67633152 0 0 0 
4227858432 0 0 0 
2147483647
67110912 0 0 0 
4227858432 0 0 0 
2147483647
524290 0 0 0 
7927935 4294967295 4294967295 4294967264 
2147483647
524288 8388608 0 0 
7927933 4294967295 4294967295 4294967264 
2147483647
524288 65536 0 0 
7927933 4286578687 4294967295 4294967264 
2147483647
524288 256 0 0 
7927933 4286513151 4294967295 4294967264 
2147483647
524288 2 0 0 
7927933 4286512895 4294967295 4294967264 
2147483647
524288 0 134217728 0 
7927933 4286512893 4294967295 4294967264 
2147483647
524288 0 1048576 0 
7927933 4286512893 4160749567 4294967264 
2147483647
2050 0 0 0 
7403647 4294967295 4294967295 4294967264 
2147483647
2048 8388608 0 0 
7403645 4294967295 4294967295 4294967264 
2147483647
2048 65536 0 0 
7403645 4286578687 4294967295 4294967264 
2147483647
2048 256 0 0 
7403645 4286513151 4294967295 4294967264 
2147483647
2048 2 0 0 
7403645 4286512895 4294967295 4294967264 
2147483647
2048 0 134217728 0 
7403645 4286512893 4294967295 4294967264 
2147483647
2048 0 1048576 0 
7403645 4286512893 4160749567 4294967264 
2147483647
2 65536 0 0 
4294967295 4286578687 4294967295 4294967264 
2147483647
2 256 0 0 
4294967295 4286513151 4294967295 4294967264 
2147483647
2 2 0 0 
4294967295 4286512895 4294967295 4294967264 
2147483647
2 0 134217728 0 
4294967295 4286512893 4294967295 4294967264 
2147483647
2 0 1048576 0 
4294967295 4286512893 4160749567 4294967264 
2147483647
0 167772160 0 0 
4294967295 4227858431 4294967295 4294967264 
2147483647
0 134348800 0 0 
4294967295 4177526783 4294967295 4294967264 
2147483647
0 134218240 0 0 
4294967295 4177395711 4294967295 4294967264 
2147483647
0 134217732 0 0 
4294967295 4177395199 4294967295 4294967264 
2147483647
0 67239936 0 0 
4294967295 4244635647 4294967295 4294967264 
2147483647
0 67109376 0 0 
4294967295 4244504575 4294967295 4294967264 
2147483647
0 67108868 0 0 
4294967295 4244504063 4294967295 4294967264 
2147483647
0 33685504 0 0 
4294967295 4278190079 4294967295 4294967264 
2147483647
0 33554944 0 0 
4294967295 4278059007 4294967295 4294967264 
2147483647
0 33554436 0 0 
4294967295 4278058495 4294967295 4294967264 
2147483647
0 8388864 0 0 
4294967295 4294901759 4294967295 4294967264 
2147483647
0 8388610 0 0 
4294967295 4294901503 4294967295 4294967264 
2147483647
0 8388608 134217728 0 
4294967295 4294901501 4294967295 4294967264 
2147483647
0 8388608 1048576 0 
4294967295 4294901501 4160749567 4294967264 
2147483647
0 4194432 0 0 
4294967295 4294934527 4294967295 4294967264 
2147483647
0 4194305 0 0 
4294967295 4294934399 4294967295 4294967264 
2147483647
0 131076 0 0 
4294967295 4294966783 4294967295 4294967264 
2147483647
0 65538 0 0 
4294967295 4294967039 4294967295 4294967264 
2147483647
0 65536 134217728 0 
4294967295 4294967037 4294967295 4294967264 
2147483647
0 65536 1048576 0 
4294967295 4294967037 4160749567 4294967264 
2147483647
0 32769 0 0 
4294967295 4294967167 4294967295 4294967264 
2147483647
0 256 134217728 0 
4294967295 4294967293 4294967295 4294967264 
2147483647
0 256 1048576 0 
4294967295 4294967293 4160749567 4294967264 
2147483647
0 4 2097152 0 
4294967295 4294967295 4026531839 4294967264 
2147483647
0 2 1048576 0 
4294967295 4294967295 4160749567 4294967264 
2147483647
0 0 33570816 0 
4294967295 4294967295 4227825663 4294967264 
2147483647
0 0 33562624 0 
4294967295 4294967295 4227809279 4294967264 
2147483647
0 0 640 0 
4294967295 4294967295 4294967039 4294967264 
2147483647
0 0 0 201326592 
4294967295 4294967295 4294967295 4294964192 
2147483647
1 2147483648 0 0 
4287569807 4294967295 4294967295 4294967264 
4
0 0 8 8388608 
0 0 983055 16253920 
4
16416 0 0 0 
4294967295 4294967295 4294967295 4294967264 
2
8224 0 0 0 
4287578047 4294967295 4294967295 4294967264 
2
48 0 0 0 
4287569855 4294967295 4294967295 4294967264 
2
33 0 0 0 
4294967295 4294967295 4294967295 4294967264 
2
32 2147483648 0 0 
4287569839 4294967295 4294967295 4294967264 
2
17 0 0 0 
4287569823 4294967295 4294967295 4294967264 
2
16 2147483648 0 0 
4294967295 4294967295 4294967295 4294967264 
2
0 2151677952 0 0 
4287569806 4294967295 4294967295 4294967264 
2
0 402653184 0 0 
4294967295 4294967295 4294967295 4294967264 
2
0 335544320 0 0 
4294967295 4160749567 4294967295 4294967264 
2
0 301989888 0 0 
4294967295 4093640703 4294967295 4294967264 
2
0 268566528 0 0 
4294967295 4043309055 4294967295 4294967264 
2
0 268435968 0 0 
4294967295 4043177983 4294967295 4294967264 
2
0 268435460 0 0 
4294967295 4043177471 4294967295 4294967264 
2
0 4194304 33554432 0 
4294967295 4294934398 4294967295 4294967264 
2
0 3145728 0 0 
4294967295 4294967295 4294967295 4294967264 
2
0 1572864 0 0 
4294967295 4294967295 4294967295 4294967264 
2
0 266240 0 0 
4294967295 4294967295 4294967295 4294967264 
2
0 32768 33554432 0 
4294967295 4294967166 4294967295 4294967264 
2
0 4128 0 0 
4294967295 4294967295 4294967295 4294967264 
2
0 4104 0 0 
4294967295 4294964175 536870911 4294967264 
2
0 128 33554432 0 
4294967295 4294967294 4294967295 4294967264 
2
0 1 33554432 0 
4294967295 4294967295 4294967295 4294967264 
2
0 0 12288 0 
4294967295 4294967295 4294967295 4294967264 
2
0 0 6144 0 
4294967295 4294967295 4294967295 4294967264 
2
0 0 3072 0 
4294967295 4294967295 4294967295 4294967264 
2
0 0 16 33554432 
0 0 983071 66585568 
2
0 0 16 16777216 
0 0 983071 33031136 
2
0 0 16 8388608 
0 0 983071 16253920 
2
0 0 8 16777216 
0 0 983055 33031136 
2
0 0 0 25165824 
4294967295 4294967295 4294967295 4294967264 
2
67108876 0 0 0 
4227858432 0 0 0 
2147483647
524300 0 0 0 
4294961151 4294967295 4294967295 4294967264 
2147483647
524288 0 262145 0 
0 0 458753 0 
2147483647
524288 0 262144 524288 
0 0 458753 524288 
2147483647
524288 0 131072 524288 
0 0 196609 524288 
2147483647
524288 0 48 0 
7927933 4286512893 4159700991 4294967264 
2147483647
524288 0 24 0 
7927933 4286512893 4159700991 4294967264 
2147483647
262144 0 262145 0 
0 0 458753 0 
2147483647
262144 0 262144 524288 
0 0 458753 524288 
2147483647
262144 0 131072 524288 
0 0 196609 524288 
2147483647
131072 0 262145 0 
0 0 458753 0 
2147483647
131072 0 262144 524288 
0 0 458753 524288 
2147483647
131072 0 131072 524288 
0 0 196609 524288 
2147483647
24608 0 0 0 
4287578047 4294967295 4294967295 4294967264 
2147483647
16432 0 0 0 
4287569855 4294967295 4294967295 4294967264 
2147483647
16384 0 262145 0 
0 0 458753 0 
2147483647
16384 0 262144 524288 
0 0 458753 524288 
2147483647
16384 0 131072 524288 
0 0 196609 524288 
2147483647
8225 0 0 0 
4287578047 4294967295 4294967295 4294967264 
2147483647
8192 0 262145 0 
0 0 458753 0 
2147483647
8192 0 262144 524288 
0 0 458753 524288 
2147483647
8192 0 131072 524288 
0 0 196609 524288 
2147483647
2048 0 262145 0 
0 0 458753 0 
2147483647
2048 0 262144 524288 
0 0 458753 524288 
2147483647
2048 0 131072 524288 
0 0 196609 524288 
2147483647
2048 0 48 0 
7403645 4286512893 4159700991 4294967264 
2147483647
2048 0 24 0 
7403645 4286512893 4159700991 4294967264 
2147483647
49 0 0 0 
4287569823 4294967295 4294967295 4294967264 
2147483647
33 2147483648 0 0 
4287569807 4294967295 4294967295 4294967264 
2147483647
32 0 262145 0 
0 0 458753 0 
2147483647
32 0 262144 524288 
0 0 458753 524288 
2147483647
32 0 131072 524288 
0 0 196609 524288 
2147483647
17 32768 0 0 
7397489 0 0 0 
2147483647
17 128 0 0 
7397489 0 0 0 
2147483647
17 1 0 0 
7397489 0 0 0 
2147483647
16 0 262145 0 
0 0 458753 0 
2147483647
16 0 262144 524288 
0 0 458753 524288 
2147483647
16 0 131072 524288 
0 0 196609 524288 
2147483647
14 0 0 0 
7397503 4294967295 4294967295 4294967264 
2147483647
12 8388608 0 0 
7397501 4294967295 4294967295 4294967264 
2147483647
12 65536 0 0 
7397501 4286578687 4294967295 4294967264 
2147483647
12 256 0 0 
7397501 4286513151 4294967295 4294967264 
2147483647
12 2 0 0 
7397501 4286512895 4294967295 4294967264 
2147483647
12 0 134217728 0 
7397501 4286512893 4294967295 4294967264 
2147483647
12 0 1048576 0 
7397501 4286512893 4160749567 4294967264 
2147483647
8 0 262145 0 
0 0 458753 0 
2147483647
8 0 262144 524288 
0 0 458753 524288 
2147483647
8 0 131072 524288 
0 0 196609 524288 
2147483647
4 335544320 0 0 
4294967295 4160749567 4294967295 4294967264 
2147483647
4 301989888 0 0 
4294967295 4093640703 4294967295 4294967264 
2147483647
4 268566528 0 0 
4294967295 4043309055 4294967295 4294967264 
2147483647
4 268435968 0 0 
4294967295 4043177983 4294967295 4294967264 
2147483647
4 268435460 0 0 
4294967295 4043177471 4294967295 4294967264 
2147483647
4 0 262145 0 
0 0 458753 0 
2147483647
4 0 262144 524288 
0 0 458753 524288 
2147483647
4 0 131072 524288 
0 0 196609 524288 
2147483647
2 256 16 0 
2 8454400 0 0 
2147483647
2 256 0 33554432 
2 8454400 0 0 
2147483647
2 256 0 16777216 
2 8454400 0 0 
2147483647
2 2 16 0 
2 8454402 0 0 
2147483647
2 2 0 33554432 
2 8454402 0 0 
2147483647
2 2 0 16777216 
2 8454402 0 0 
2147483647
2 0 134217744 0 
2 8454402 134217728 0 
2147483647
2 0 134217728 33554432 
2 8454402 134217728 0 
2147483647
2 0 134217728 16777216 
2 8454402 134217728 0 
2147483647
2 0 1048592 0 
2 8454402 135266304 0 
2147483647
2 0 1048576 33554432 
2 8454402 135266304 0 
2147483647
2 0 1048576 16777216 
2 8454402 135266304 0 
2147483647
2 0 262145 0 
0 0 458753 0 
2147483647
2 0 262144 524288 
0 0 458753 524288 
2147483647
2 0 131072 524288 
0 0 196609 524288 
2147483647
2 0 48 0 
4294967295 4286512893 4159700991 4294967264 
2147483647
2 0 24 0 
4294967295 4286512893 4159700991 4294967264 
2147483647
2 0 16 33554432 
2 8454402 135266320 0 
2147483647
2 0 16 16777216 
2 8454402 135266320 0 
2147483647
1 2147516416 0 0 
7397489 2147483648 0 0 
2147483647
1 2147483776 0 0 
7397489 2147483648 0 0 
2147483647
1 2147483649 0 0 
7397489 2147483648 0 0 
2147483647
1 2129920 0 0 
4294967295 4290772991 4294967295 4294967264 
2147483647
1 2097280 0 0 
4294967295 4290740223 4294967295 4294967264 
2147483647
1 2097153 0 0 
4294967295 4290740095 4294967295 4294967264 
2147483647
1 0 262145 0 
0 0 458753 0 
2147483647
1 0 262144 524288 
0 0 458753 524288 
2147483647
1 0 131072 524288 
0 0 196609 524288 
2147483647
0 2147483648 262145 0 
0 0 458753 0 
2147483647
0 2147483648 262144 524288 
0 0 458753 524288 
2147483647
0 2147483648 131072 524288 
0 0 196609 524288 
2147483647
0 1073741824 262145 0 
0 0 458753 0 
2147483647
0 1073741824 262144 524288 
0 0 458753 524288 
2147483647
0 1073741824 131072 524288 
0 0 196609 524288 
2147483647
0 838860800 0 0 
0 503316480 0 0 
2147483647
0 536870912 262145 0 
0 0 458753 0 
2147483647
0 536870912 262144 524288 
0 0 458753 524288 
2147483647
0 536870912 131072 524288 
0 0 196609 524288 
2147483647
0 335806464 0 0 
4294967295 4160749567 4294967295 4294967264 
2147483647
0 302252032 0 0 
4294967295 4093640703 4294967295 4294967264 
2147483647
0 268828672 0 0 
4294967295 4043309055 4294967295 4294967264 
2147483647
0 268698112 0 0 
4294967295 4043177983 4294967295 4294967264 
2147483647
0 268697604 0 0 
4294967295 4043177471 4294967295 4294967264 
2147483647
0 268435456 262145 0 
0 0 458753 0 
2147483647
0 268435456 262144 524288 
0 0 458753 524288 
2147483647
0 268435456 131072 524288 
0 0 196609 524288 
2147483647
0 134217736 268435456 0 
4294967295 4177395195 4294967295 4294967264 
2147483647
0 134217736 2097152 0 
4294967295 4177395195 4026531839 4294967264 
2147483647
0 134217728 262145 0 
0 0 458753 0 
2147483647
0 134217728 262144 524288 
0 0 458753 524288 
2147483647
0 134217728 131072 524288 
0 0 196609 524288 
2147483647
0 67108872 268435456 0 
4294967295 4244504059 4294967295 4294967264 
2147483647
0 67108872 2097152 0 
4294967295 4244504059 4026531839 4294967264 
2147483647
0 67108864 262145 0 
0 0 458753 0 
2147483647
0 67108864 262144 524288 
0 0 458753 524288 
2147483647
0 67108864 131072 524288 
0 0 196609 524288 
2147483647
0 33554440 268435456 0 
4294967295 4278058491 4294967295 4294967264 
2147483647
0 33554440 2097152 0 
4294967295 4278058491 4026531839 4294967264 
2147483647
0 33554432 262145 0 
0 0 458753 0 
2147483647
0 33554432 262144 524288 
0 0 458753 524288 
2147483647
0 33554432 131072 524288 
0 0 196609 524288 
2147483647
0 8388610 16 0 
0 8454402 0 0 
2147483647
0 8388610 0 33554432 
0 8454402 0 0 
2147483647
0 8388610 0 16777216 
0 8454402 0 0 
2147483647
0 8388608 134217744 0 
0 8454402 134217728 0 
2147483647
0 8388608 134217728 33554432 
0 8454402 134217728 0 
2147483647
0 8388608 134217728 16777216 
0 8454402 134217728 0 
2147483647
0 8388608 1048592 0 
0 8454402 135266304 0 
2147483647
0 8388608 1048576 33554432 
0 8454402 135266304 0 
2147483647
0 8388608 1048576 16777216 
0 8454402 135266304 0 
2147483647
0 8388608 262145 0 
0 0 458753 0 
2147483647
0 8388608 262144 524288 
0 0 458753 524288 
2147483647
0 8388608 131072 524288 
0 0 196609 524288 
2147483647
0 8388608 48 0 
4294967295 4294901501 4159700991 4294967264 
2147483647
0 8388608 24 0 
4294967295 4294901501 4159700991 4294967264 
2147483647
0 8388608 16 33554432 
0 8454402 135266320 0 
2147483647
0 8388608 16 16777216 
0 8454402 135266320 0 
2147483647
0 4194304 50331648 0 
4294967295 4294934398 4294967295 4294967264 
2147483647
0 4194304 41943040 0 
4294967295 4294934398 4294967295 4294967264 
2147483647
0 4194304 16793600 0 
4294967295 4294934398 4194271231 4294967264 
2147483647
0 4194304 16785408 0 
4294967295 4294934398 4194254847 4294967264 
2147483647
0 4194304 262145 0 
0 0 458753 0 
2147483647
0 4194304 262144 524288 
0 0 458753 524288 
2147483647
0 4194304 131072 524288 
0 0 196609 524288 
2147483647
0 3153920 0 0 
4294967295 4294950847 4294967295 4294967264 
2147483647
0 2097152 262145 0 
0 0 458753 0 
2147483647
0 2097152 262144 524288 
0 0 458753 524288 
2147483647
0 2097152 131072 524288 
0 0 196609 524288 
2147483647
0 1581056 0 0 
4294967295 4294950847 4294967295 4294967264 
2147483647
0 1048576 262145 0 
0 0 458753 0 
2147483647
0 1048576 262144 524288 
0 0 458753 524288 
2147483647
0 1048576 131072 524288 
0 0 196609 524288 
2147483647
0 524288 262145 0 
0 0 458753 0 
2147483647
0 524288 262144 524288 
0 0 458753 524288 
2147483647
0 524288 131072 524288 
0 0 196609 524288 
2147483647
0 274432 0 0 
4294967295 4294967295 4294967295 4294967264 
2147483647
0 262144 262145 0 
0 0 458753 0 
2147483647
0 262144 262144 524288 
0 0 458753 524288 
2147483647
0 262144 131072 524288 
0 0 196609 524288 
2147483647
0 131080 268435456 0 
4294967295 4294966779 4294967295 4294967264 
2147483647
0 131080 2097152 0 
4294967295 4294966779 4026531839 4294967264 
2147483647
0 131072 262145 0 
0 0 458753 0 
2147483647
0 131072 262144 524288 
0 0 458753 524288 
2147483647
0 131072 131072 524288 
0 0 196609 524288 
2147483647
0 65536 134217744 0 
0 65794 134217728 0 
2147483647
0 65536 134217728 33554432 
0 65794 134217728 0 
2147483647
0 65536 134217728 16777216 
0 65794 134217728 0 
2147483647
0 65536 1048592 0 
0 65794 135266304 0 
2147483647
0 65536 1048576 33554432 
0 65794 135266304 0 
2147483647
0 65536 1048576 16777216 
0 65794 135266304 0 
2147483647
0 65536 262145 0 
0 0 458753 0 
2147483647
0 65536 262144 524288 
0 0 458753 524288 
2147483647
0 65536 131072 524288 
0 0 196609 524288 
2147483647
0 65536 48 0 
4294967295 4294967037 4159700991 4294967264 
2147483647
0 65536 24 0 
4294967295 4294967037 4159700991 4294967264 
2147483647
0 65536 16 33554432 
0 65794 135266320 0 
2147483647
0 65536 16 16777216 
0 65794 135266320 0 
2147483647
0 32768 50331648 0 
4294967295 4294967166 4294967295 4294967264 
2147483647
0 32768 41943040 0 
4294967295 4294967166 4294967295 4294967264 
2147483647
0 32768 16793600 0 
4294967295 4294967166 4194271231 4294967264 
2147483647
0 32768 16785408 0 
4294967295 4294967166 4194254847 4294967264 
2147483647
0 32768 262145 0 
0 0 458753 0 
2147483647
0 32768 262144 524288 
0 0 458753 524288 
2147483647
0 32768 131072 524288 
0 0 196609 524288 
2147483647
0 8192 262145 0 
0 0 458753 0 
2147483647
0 8192 262144 524288 
0 0 458753 524288 
2147483647
0 8192 131072 524288 
0 0 196609 524288 
2147483647
0 6152 0 0 
4294967295 4294964175 536870911 4294967264 
2147483647
0 4136 0 0 
4294967295 4294964175 536870911 4294967264 
2147483647
0 4096 262145 0 
0 0 458753 0 
2147483647
0 4096 262144 524288 
0 0 458753 524288 
2147483647
0 4096 131072 524288 
0 0 196609 524288 
2147483647
0 2088 0 0 
4294967295 4294966255 536870911 4294967264 
2147483647
0 2048 262145 0 
0 0 458753 0 
2147483647
0 2048 262144 524288 
0 0 458753 524288 
2147483647
0 2048 131072 524288 
0 0 196609 524288 
2147483647
0 520 268435456 0 
4294967295 4294967291 4294967295 4294967264 
2147483647
0 520 2097152 0 
4294967295 4294967291 4026531839 4294967264 
2147483647
0 512 262145 0 
0 0 458753 0 
2147483647
0 512 262144 524288 
0 0 458753 524288 
2147483647
0 512 131072 524288 
0 0 196609 524288 
2147483647
0 256 1048592 0 
0 258 135266304 0 
2147483647
0 256 1048576 33554432 
0 258 135266304 0 
2147483647
0 256 1048576 16777216 
0 258 135266304 0 
2147483647
0 256 262145 0 
0 0 458753 0 
2147483647
0 256 262144 524288 
0 0 458753 524288 
2147483647
0 256 131072 524288 
0 0 196609 524288 
2147483647
0 256 48 0 
4294967295 4294967293 4159700991 4294967264 
2147483647
0 256 24 0 
4294967295 4294967293 4159700991 4294967264 
2147483647
0 256 16 33554432 
0 258 135266320 0 
2147483647
0 256 16 16777216 
0 258 135266320 0 
2147483647
0 128 50331648 0 
4294967295 4294967294 4294967295 4294967264 
2147483647
0 128 41943040 0 
4294967295 4294967294 4294967295 4294967264 
2147483647
0 128 16793600 0 
4294967295 4294967294 4194271231 4294967264 
2147483647
0 128 16785408 0 
4294967295 4294967294 4194254847 4294967264 
2147483647
0 128 262145 0 
0 0 458753 0 
2147483647
0 128 262144 524288 
0 0 458753 524288 
2147483647
0 128 131072 524288 
0 0 196609 524288 
2147483647
0 32 262145 0 
0 0 458753 0 
2147483647
0 32 262144 524288 
0 0 458753 524288 
2147483647
0 32 131072 524288 
0 0 196609 524288 
2147483647
0 8 262145 0 
0 0 458753 0 
2147483647
0 8 262144 524288 
0 0 458753 524288 
2147483647
0 8 131072 524288 
0 0 196609 524288 
2147483647
0 4 262145 0 
0 0 458753 0 
2147483647
0 4 262144 524288 
0 0 458753 524288 
2147483647
0 4 131072 524288 
0 0 196609 524288 
2147483647
0 4 192 0 
4294967295 4294967295 4024434687 4294967264 
2147483647
0 4 96 0 
4294967295 4294967295 4024434687 4294967264 
2147483647
0 2 262145 0 
0 0 458753 0 
2147483647
0 2 262144 524288 
0 0 458753 524288 
2147483647
0 2 131072 524288 
0 0 196609 524288 
2147483647
0 2 48 0 
4294967295 4294967295 4159700991 4294967264 
2147483647
0 2 24 0 
4294967295 4294967295 4159700991 4294967264 
2147483647
0 2 16 33554432 
0 2 135266320 0 
2147483647
0 2 16 16777216 
0 2 135266320 0 
2147483647
0 1 41943040 0 
4294967295 4294967295 4294967295 4294967264 
2147483647
0 1 16793600 0 
4294967295 4294967295 4194271231 4294967264 
2147483647
0 1 16785408 0 
4294967295 4294967295 4194254847 4294967264 
2147483647
0 1 262145 0 
0 0 458753 0 
2147483647
0 1 262144 524288 
0 0 458753 524288 
2147483647
0 1 131072 524288 
0 0 196609 524288 
2147483647
0 0 268697601 0 
0 0 458753 0 
2147483647
0 0 268697600 524288 
0 0 458753 524288 
2147483647
0 0 268566528 524288 
0 0 196609 524288 
2147483647
0 0 268435648 0 
4294967295 4294967295 4292870143 4294967264 
2147483647
0 0 268435552 0 
4294967295 4294967295 4292870143 4294967264 
2147483647
0 0 134479873 0 
0 0 458753 0 
2147483647
0 0 134479872 524288 
0 0 458753 524288 
2147483647
0 0 134348800 524288 
0 0 196609 524288 
2147483647
0 0 134217776 0 
4294967295 4294967295 4293918719 4294967264 
2147483647
0 0 134217752 0 
4294967295 4294967295 4293918719 4294967264 
2147483647
0 0 33816577 0 
0 0 458753 0 
2147483647
0 0 33816576 524288 
0 0 458753 524288 
2147483647
0 0 33685504 524288 
0 0 196609 524288 
2147483647
0 0 17039361 0 
0 0 458753 0 
2147483647
0 0 17039360 524288 
0 0 458753 524288 
2147483647
0 0 16908288 524288 
0 0 196609 524288 
2147483647
0 0 16783360 0 
4294967295 4294967295 4282384383 4294967264 
2147483647
0 0 8650753 0 
0 0 458753 0 
2147483647
0 0 8650752 524288 
0 0 458753 524288 
2147483647
0 0 8519680 524288 
0 0 196609 524288 
2147483647
0 0 8394752 0 
4294967295 4294967295 4290772991 4294967264 
2147483647
0 0 8391680 0 
4294967295 4294967295 4290772991 4294967264 
2147483647
0 0 2359297 0 
0 0 458753 0 
2147483647
0 0 2359296 524288 
0 0 458753 524288 
2147483647
0 0 2228224 524288 
0 0 196609 524288 
2147483647
0 0 1310721 0 
0 0 458753 0 
2147483647
0 0 1310720 524288 
0 0 458753 524288 
2147483647
0 0 1179648 524288 
0 0 196609 524288 
2147483647
0 0 524292 8388608 
0 0 983047 16253920 
2147483647
0 0 278529 0 
0 0 458753 0 
2147483647
0 0 278528 524288 
0 0 458753 524288 
2147483647
0 0 270337 0 
0 0 458753 0 
2147483647
0 0 270336 524288 
0 0 458753 524288 
2147483647
0 0 266241 0 
0 0 458753 0 
2147483647
0 0 266240 524288 
0 0 458753 524288 
2147483647
0 0 264193 0 
0 0 458753 0 
2147483647
0 0 264192 524288 
0 0 458753 524288 
2147483647
0 0 263169 0 
0 0 458753 0 
2147483647
0 0 263168 524288 
0 0 458753 524288 
2147483647
0 0 262657 0 
0 0 458753 0 
2147483647
0 0 262656 524288 
0 0 458753 524288 
2147483647
0 0 262401 0 
0 0 458753 0 
2147483647
0 0 262400 524288 
0 0 458753 524288 
2147483647
0 0 262273 0 
0 0 458753 0 
2147483647
0 0 262272 524288 
0 0 458753 524288 
2147483647
0 0 262209 0 
0 0 458753 0 
2147483647
0 0 262208 524288 
0 0 458753 524288 
2147483647
0 0 262177 0 
0 0 458753 0 
2147483647
0 0 262176 524288 
0 0 458753 524288 
2147483647
0 0 262161 0 
0 0 458753 0 
2147483647
0 0 262160 524288 
0 0 458753 524288 
2147483647
0 0 262153 0 
0 0 458753 0 
2147483647
0 0 262152 524288 
0 0 458753 524288 
2147483647
0 0 262145 2147483648 
0 0 458753 0 
2147483647
0 0 262145 1073741824 
0 0 458753 0 
2147483647
0 0 262145 536870912 
0 0 458753 0 
2147483647
0 0 262145 268435456 
0 0 458753 0 
2147483647
0 0 262145 134217728 
0 0 458753 0 
2147483647
0 0 262145 67108864 
0 0 458753 0 
2147483647
0 0 262145 33554432 
0 0 458753 0 
2147483647
0 0 262145 16777216 
0 0 458753 0 
2147483647
0 0 262145 8388608 
0 0 458753 0 
2147483647
0 0 262144 2148007936 
0 0 458753 524288 
2147483647
0 0 262144 1074266112 
0 0 458753 524288 
2147483647
0 0 262144 537395200 
0 0 458753 524288 
2147483647
0 0 262144 268959744 
0 0 458753 524288 
2147483647
0 0 262144 134742016 
0 0 458753 524288 
2147483647
0 0 262144 67633152 
0 0 458753 524288 
2147483647
0 0 262144 34078720 
0 0 458753 524288 
2147483647
0 0 262144 17301504 
0 0 458753 524288 
2147483647
0 0 262144 8912896 
0 0 458753 524288 
2147483647
0 0 147456 524288 
0 0 196609 524288 
2147483647
0 0 139264 524288 
0 0 196609 524288 
2147483647
0 0 135168 524288 
0 0 196609 524288 
2147483647
0 0 133120 524288 
0 0 196609 524288 
2147483647
0 0 132096 524288 
0 0 196609 524288 
2147483647
0 0 131584 524288 
0 0 196609 524288 
2147483647
0 0 131328 524288 
0 0 196609 524288 
2147483647
0 0 131200 524288 
0 0 196609 524288 
2147483647
0 0 131136 524288 
0 0 196609 524288 
2147483647
0 0 131104 524288 
0 0 196609 524288 
2147483647
0 0 131088 524288 
0 0 196609 524288 
2147483647
0 0 131080 524288 
0 0 196609 524288 
2147483647
0 0 131072 2148007936 
0 0 196609 524288 
2147483647
0 0 131072 1074266112 
0 0 196609 524288 
2147483647
0 0 131072 537395200 
0 0 196609 524288 
2147483647
0 0 131072 268959744 
0 0 196609 524288 
2147483647
0 0 131072 134742016 
0 0 196609 524288 
2147483647
0 0 131072 67633152 
0 0 196609 524288 
2147483647
0 0 131072 34078720 
0 0 196609 524288 
2147483647
0 0 131072 17301504 
0 0 196609 524288 
2147483647
0 0 131072 8912896 
0 0 196609 524288 
2147483647
0 0 1280 268435456 
4294967295 4294967295 4294966783 4294967264 
2147483647
0 0 1152 268435456 
4294967295 4294967295 4294966527 4294967264 
2147483647
0 0 0 25166080 
4294967295 4294967295 4294967295 4294966752 
2147483647
0 0 0 12583168 
4294967295 4294967295 4294967295 4294966752 
2147483647
0 2149580801 0 0 
4287569806 4290740095 4294967295 4294967264 
12
0 2149580928 0 0 
4287569806 4290740223 4294967295 4294967264 
10
0 1075838977 0 0 
4287569806 2143256447 4294967295 4294967264 
10
16 2151677952 0 0 
4287569806 4294967295 4294967295 4294967264 
8
2 0 192 0 
2 8454402 136249599 267915232 
8
0 2149613568 0 0 
4287569806 4290772991 4294967295 4294967264 
8
0 1075839104 0 0 
4287569806 2143256575 4294967295 4294967264 
8
0 8388608 192 0 
0 8454402 136249599 267915232 
8
0 4194304 33554560 0 
4294967295 4294934398 4164878591 267915232 
8
0 65536 192 0 
0 65794 136249599 267915232 
8
0 32768 33554560 0 
4294967295 4294967166 4164878591 267915232 
8
0 256 192 0 
0 258 136249599 267915232 
8
0 128 33554560 0 
4294967295 4294967294 4164878591 267915232 
8
0 2 192 0 
0 2 136249599 267915232 
8
0 1 33554560 0 
4294967295 4294967295 4164878591 267915232 
8
0 1 576 0 
0 1 130088448 4027052032 
8
0 1 320 0 
0 1 130088704 4027052032 
8
0 1 192 0 
0 1 130088832 4027052032 
8
0 0 134217920 0 
0 0 136249599 267915232 
8
0 0 1048768 0 
0 0 2031871 267915232 
8
0 0 48 16777216 
0 0 983071 33031136 
8
8192 2151677952 0 0 
4287569806 4294967295 4294967295 4294967264 
6
17 2147483648 0 0 
4287569807 4294967295 4294967295 4294967264 
6
2 128 2097152 0 
2 8454531 268435455 4294967264 
6
2 1 2097152 0 
2 8454403 268435455 4294967264 
6
2 0 2097280 0 
2 8454402 138346751 267915232 
6
0 2153775104 0 0 
4287569806 4294967295 4294967295 4294967264 
6
0 1075871744 0 0 
4287569806 2143289343 4294967295 4294967264 
6
0 8388736 2097152 0 
0 8454531 268435455 4294967264 
6
0 8388609 2097152 0 
0 8454403 268435455 4294967264 
6
0 8388608 2097280 0 
0 8454402 138346751 267915232 
6
0 4194304 33554688 0 
4294967295 4294934398 4164878847 267915232 
6
0 4194304 16512 0 
4294967295 4294934398 4164878591 267915232 
6
0 4194304 8320 0 
4294967295 4294934398 4164878591 267915232 
6
0 65664 2097152 0 
0 65923 268435455 4294967264 
6
0 65537 2097152 0 
0 65795 268435455 4294967264 
6
0 65536 2097280 0 
0 65794 138346751 267915232 
6
0 32768 33554688 0 
4294967295 4294967166 4164878847 267915232 
6
0 32768 16512 0 
4294967295 4294967166 4164878591 267915232 
6
0 32768 8320 0 
4294967295 4294967166 4164878591 267915232 
6
0 384 2097152 0 
0 387 268435455 4294967264 
6
0 257 2097152 0 
0 259 268435455 4294967264 
6
0 256 2097280 0 
0 258 138346751 267915232 
6
0 130 2097152 0 
0 131 268435455 4294967264 
6
0 128 136314880 0 
0 129 268435455 4294967264 
6
0 128 33554688 0 
4294967295 4294967294 4164878847 267915232 
6
0 128 3145728 0 
0 129 134217727 4294967264 
6
0 128 16512 0 
4294967295 4294967294 4164878591 267915232 
6
0 128 8320 0 
4294967295 4294967294 4164878591 267915232 
6
0 128 576 0 
0 129 130088448 4027052032 
6
0 128 320 0 
0 129 130088704 4027052032 
6
0 128 192 0 
0 129 130088832 4027052032 
6
0 3 2097152 0 
0 3 268435455 4294967264 
6
0 2 2097280 0 
0 2 138346751 267915232 
6
0 1 136314880 0 
0 1 268435455 4294967264 
6
0 1 33554688 0 
4294967295 4294967295 4164878847 267915232 
6
0 1 3145728 0 
0 1 134217727 4294967264 
6
0 1 16512 0 
4294967295 4294967295 4164878591 267915232 
6
0 1 8320 0 
4294967295 4294967295 4164878591 267915232 
6
0 0 136315008 0 
0 0 138346751 267915232 
6
0 0 3145856 0 
0 0 4129023 267915232 
6
0 0 48 33554432 
0 0 983071 66585568 
6
0 0 24 8388608 
0 0 983055 16253920 
6
0 0 8 25165824 
0 0 983055 16253920 
6
48 2147483648 0 0 
4287569839 4294967295 4294967295 4294967264 
4
32 2151677952 0 0 
4287569806 4294967295 4294967295 4294967264 
4
2 32768 268435456 0 
2 8487299 536870911 4294967264 
4
2 32768 2097152 0 
2 8487299 268435455 4294967264 
4
2 256 0 8388608 
2 8454400 0 0 
4
2 128 268435456 0 
2 8454531 536870911 4294967264 
4
2 2 0 8388608 
2 8454402 0 0 
4
2 1 268435456 0 
2 8454403 536870911 4294967264 
4
2 0 268435712 0 
2 8454402 406782463 267915232 
4
2 0 268435584 0 
2 8454402 406782207 267915232 
4
2 0 134217728 8388608 
2 8454402 134217728 0 
4
2 0 2097408 0 
2 8454402 138347007 267915232 
4
2 0 1048576 8388608 
2 8454402 135266304 0 
4
2 0 32 33554432 
2 8454402 136249407 66585568 
4
2 0 16 16777216 
0 0 983071 33031136 
4
2 0 16 8388608 
2 8454402 135266320 0 
4
0 2152726528 0 0 
4287569806 4292870143 4294967295 4294967264 
4
0 2151677952 33554432 0 
4287569806 4294934398 4294967295 4294967264 
4
0 1080033280 0 0 
4287569806 2147483647 4294967295 4294967264 
4
0 268439556 0 0 
0 7228 3758096384 0 
4
0 8421376 268435456 0 
0 8487299 536870911 4294967264 
4
0 8421376 2097152 0 
0 8487299 268435455 4294967264 
4
0 8388736 268435456 0 
0 8454531 536870911 4294967264 
4
0 8388610 0 8388608 
0 8454402 0 0 
4
0 8388609 268435456 0 
0 8454403 536870911 4294967264 
4
0 8388608 268435712 0 
0 8454402 406782463 267915232 
4
0 8388608 268435584 0 
0 8454402 406782207 267915232 
4
0 8388608 134217728 8388608 
0 8454402 134217728 0 
4
0 8388608 2097408 0 
0 8454402 138347007 267915232 
4
0 8388608 1048576 8388608 
0 8454402 135266304 0 
4
0 8388608 32 33554432 
0 8454402 136249407 66585568 
4
0 8388608 16 16777216 
0 0 983071 33031136 
4
0 8388608 16 8388608 
0 8454402 135266320 0 
4
0 4194305 33554432 0 
0 4227201 0 0 
4
0 4194304 33554944 0 
4294967295 4294934398 4164879359 267915232 
4
0 4194304 16640 0 
4294967295 4294934398 4164878847 267915232 
4
0 4194304 8448 0 
4294967295 4294934398 4164878847 267915232 
4
0 266244 0 0 
0 7228 3758096384 0 
4
0 98304 268435456 0 
0 98691 536870911 4294967264 
4
0 98304 2097152 0 
0 98691 268435455 4294967264 
4
0 65664 268435456 0 
0 65923 536870911 4294967264 
4
0 65537 268435456 0 
0 65795 536870911 4294967264 
4
0 65536 268435712 0 
0 65794 406782463 267915232 
4
0 65536 268435584 0 
0 65794 406782207 267915232 
4
0 65536 134217728 8388608 
0 65794 134217728 0 
4
0 65536 2097408 0 
0 65794 138347007 267915232 
4
0 65536 1048576 8388608 
0 65794 135266304 0 
4
0 65536 32 33554432 
0 65794 136249407 66585568 
4
0 65536 16 16777216 
0 0 983071 33031136 
4
0 65536 16 8388608 
0 65794 135266320 0 
4
0 33024 268435456 0 
0 33155 536870911 4294967264 
4
0 33024 2097152 0 
0 33155 268435455 4294967264 
4
0 32770 268435456 0 
0 32899 536870911 4294967264 
4
0 32770 2097152 0 
0 32899 268435455 4294967264 
4
0 32768 402653184 0 
0 32897 536870911 4294967264 
4
0 32768 269484032 0 
0 32897 402653183 4294967264 
4
0 32768 136314880 0 
0 32897 268435455 4294967264 
4
0 32768 33554944 0 
4294967295 4294967166 4164879359 267915232 
4
0 32768 3145728 0 
0 32897 134217727 4294967264 
4
0 32768 16640 0 
4294967295 4294967166 4164878847 267915232 
4
0 32768 8448 0 
4294967295 4294967166 4164878847 267915232 
4
0 32768 576 0 
0 32897 130088448 4027052032 
4
0 32768 320 0 
0 32897 130088704 4027052032 
4
0 32768 192 0 
0 32897 130088832 4027052032 
4
0 384 268435456 0 
0 387 536870911 4294967264 
4
0 257 268435456 0 
0 259 536870911 4294967264 
4
0 256 268435712 0 
0 258 406782463 267915232 
4
0 256 268435584 0 
0 258 406782207 267915232 
4
0 256 2097408 0 
0 258 138347007 267915232 
4
0 256 1048576 8388608 
0 258 135266304 0 
4
0 256 32 33554432 
0 258 136249407 66585568 
4
0 256 16 16777216 
0 0 983071 33031136 
4
0 256 16 8388608 
0 258 135266320 0 
4
0 130 268435456 0 
0 131 536870911 4294967264 
4
0 128 402653184 0 
0 129 536870911 4294967264 
4
0 128 269484032 0 
0 129 402653183 4294967264 
4
0 128 33554944 0 
4294967295 4294967294 4164879359 267915232 
4
0 128 16640 0 
4294967295 4294967294 4164878847 267915232 
4
0 128 8448 0 
4294967295 4294967294 4164878847 267915232 
4
0 3 268435456 0 
0 3 536870911 4294967264 
4
0 2 268435712 0 
0 2 406782463 267915232 
4
0 2 268435584 0 
0 2 406782207 267915232 
4
0 2 2097408 0 
0 2 138347007 267915232 
4
0 2 32 33554432 
0 2 136249407 66585568 
4
0 2 16 16777216 
0 0 983071 33031136 
4
0 2 16 8388608 
0 2 135266320 0 
4
0 1 402653184 0 
0 1 536870911 4294967264 
4
0 1 269484032 0 
0 1 402653183 4294967264 
4
0 1 33554944 0 
4294967295 4294967295 4164879359 267915232 
4
0 1 16640 0 
4294967295 4294967295 4164878847 267915232 
4
0 1 8448 0 
4294967295 4294967295 4164878847 267915232 
4
0 0 402653440 0 
0 0 406782463 267915232 
4
0 0 402653312 0 
0 0 406782207 267915232 
4
0 0 269484288 0 
0 0 272564735 267915232 
4
0 0 269484160 0 
0 0 272564479 267915232 
4
0 0 136315136 0 
0 0 138347007 267915232 
4
0 0 134217760 33554432 
0 0 136249407 66585568 
4
0 0 134217744 16777216 
0 0 983071 33031136 
4
0 0 33574912 0 
0 0 100712448 0 
4
0 0 33566720 0 
0 0 100720640 0 
4
0 0 3145984 0 
0 0 4129279 267915232 
4
0 0 1048608 33554432 
0 0 2031679 66585568 
4
0 0 1048592 16777216 
0 0 983071 33031136 
4
0 0 576 67108864 
4294967295 4294967295 4294966911 4160746464 
4
0 0 320 67108864 
4294967295 4294967295 4294967167 4160746464 
4
0 0 192 67108864 
4294967295 4294967295 4294967295 4160746464 
4
0 0 48 67108864 
0 0 983103 133694432 
4
0 0 24 16777216 
0 0 983055 33031136 
4
0 0 16 25165824 
0 0 983071 16253920 
4
0 0 4 25165824 
0 0 983047 16253920 
4
17 0 33554432 0 
7397489 0 0 0 
2
8 805306368 0 0 
4294967295 4294967295 4294967295 4294967264 
2
2 805306368 0 0 
7397491 4294967295 4294967295 4294967264 
2
2 4194308 0 0 
2 12681607 536870911 4294967264 
2
2 4194304 268435456 0 
2 12681603 536870911 4294967264 
2
2 4194304 2097152 0 
2 12681603 268435455 4294967264 
2
2 32772 0 0 
2 8487303 536870911 4294967264 
2
2 256 32 0 
2 8454400 0 0 
2
2 132 0 0 
2 8454535 536870911 4294967264 
2
2 5 0 0 
2 8454407 536870911 4294967264 
2
2 4 33554432 0 
2 8454406 536870911 4294967264 
2
2 4 512 0 
2 8454406 406782975 267915232 
2
2 4 256 0 
2 8454406 406782463 267915232 
2
2 4 128 0 
2 8454406 406782207 267915232 
2
2 2 32 0 
2 8454402 0 0 
2
2 0 301989888 0 
2 8454402 536870911 4294967264 
2
2 0 268435968 0 
2 8454402 406782975 267915232 
2
2 0 134217760 0 
2 8454402 134217728 0 
2
2 0 35651584 0 
2 8454402 268435455 4294967264 
2
2 0 2097664 0 
2 8454402 138347519 267915232 
2
2 0 1048608 0 
2 8454402 135266304 0 
2
2 0 64 134217728 
2 8454402 136249471 267915232 
2
2 0 64 67108864 
2 8454402 136249471 133694432 
2
2 0 64 33554432 
2 8454402 136249471 66585568 
2
2 0 48 0 
2 8454402 135266320 0 
2
2 0 32 67108864 
2 8454402 136249407 133694432 
2
2 0 32 16777216 
2 8454402 136249407 33031136 
2
1 2147483648 33554432 0 
7397489 2147483648 0 0 
2
1 1075838976 0 0 
4287569807 2147483647 4294967295 4294967264 
2
1 2097152 33554432 0 
4294967295 4290740094 4294967295 4294967264 
2
0 3223322624 0 0 
4294967295 4294967295 4294967295 4294967264 
2
0 3222274048 0 0 
4294967295 4294967295 4294967295 4294967264 
2
0 2149580800 33554432 0 
4287569806 4290740094 4294967295 4294967264 
2
0 1078984704 0 0 
4287569806 2145386495 4294967295 4294967264 
2
0 1075838976 33554432 0 
4287569806 2143256446 4294967295 4294967264 
2
0 813694976 0 0 
7397489 4294967295 4294967295 4294967264 
2
0 805371904 0 0 
7397489 4286578687 4294967295 4294967264 
2
0 805306624 0 0 
7397489 4286513151 4294967295 4294967264 
2
0 805306370 0 0 
7397489 4286512895 4294967295 4294967264 
2
0 805306368 134217728 0 
7397489 4286512893 4294967295 4294967264 
2
0 805306368 1048576 0 
7397489 4286512893 4160749567 4294967264 
2
0 268439552 268435456 0 
4294967295 4043174339 536870911 4294967264 
2
0 268439552 2097152 0 
4294967295 4043174339 268435455 4294967264 
2
0 268435464 268435456 0 
4294967295 4043177467 4294967295 4294967264 
2
0 268435464 2097152 0 
4294967295 4043177467 4026531839 4294967264 
2
0 134221824 268435456 0 
4294967295 4177392067 536870911 4294967264 
2
0 134221824 2097152 0 
4294967295 4177392067 268435455 4294967264 
2
0 67112960 268435456 0 
4294967295 4244500931 536870911 4294967264 
2
0 67112960 2097152 0 
4294967295 4244500931 268435455 4294967264 
2
0 33558528 268435456 0 
4294967295 4278055363 536870911 4294967264 
2
0 33558528 2097152 0 
4294967295 4278055363 268435455 4294967264 
2
0 12582916 0 0 
0 12681607 536870911 4294967264 
2
0 12582912 268435456 0 
0 12681603 536870911 4294967264 
2
0 12582912 2097152 0 
0 12681603 268435455 4294967264 
2
0 8421380 0 0 
0 8487303 536870911 4294967264 
2
0 8388740 0 0 
0 8454535 536870911 4294967264 
2
0 8388613 0 0 
0 8454407 536870911 4294967264 
2
0 8388612 33554432 0 
0 8454406 536870911 4294967264 
2
0 8388612 512 0 
0 8454406 406782975 267915232 
2
0 8388612 256 0 
0 8454406 406782463 267915232 
2
0 8388612 128 0 
0 8454406 406782207 267915232 
2
0 8388610 32 0 
0 8454402 0 0 
2
0 8388608 301989888 0 
0 8454402 536870911 4294967264 
2
0 8388608 268435968 0 
0 8454402 406782975 267915232 
2
0 8388608 134217760 0 
0 8454402 134217728 0 
2
0 8388608 35651584 0 
0 8454402 268435455 4294967264 
2
0 8388608 2097664 0 
0 8454402 138347519 267915232 
2
0 8388608 1048608 0 
0 8454402 135266304 0 
2
0 8388608 64 134217728 
0 8454402 136249471 267915232 
2
0 8388608 64 67108864 
0 8454402 136249471 133694432 
2
0 8388608 64 33554432 
0 8454402 136249471 66585568 
2
0 8388608 48 0 
0 8454402 135266320 0 
2
0 8388608 32 67108864 
0 8454402 136249407 133694432 
2
0 8388608 32 16777216 
0 8454402 136249407 33031136 
2
0 4259844 0 0 
0 4292999 536870911 4294967264 
2
0 4259840 268435456 0 
0 4292995 536870911 4294967264 
2
0 4259840 2097152 0 
0 4292995 268435455 4294967264 
2
0 4194564 0 0 
0 4227463 536870911 4294967264 
2
0 4194560 268435456 0 
0 4227459 536870911 4294967264 
2
0 4194560 2097152 0 
0 4227459 268435455 4294967264 
2
0 4194310 0 0 
0 4227207 536870911 4294967264 
2
0 4194308 134217728 0 
0 4227205 536870911 4294967264 
2
0 4194308 1048576 0 
0 4227205 402653183 4294967264 
2
0 4194306 268435456 0 
0 4227203 536870911 4294967264 
2
0 4194306 2097152 0 
0 4227203 268435455 4294967264 
2
0 4194305 16384 0 
0 4227201 0 0 
2
0 4194305 8192 0 
0 4227201 0 0 
2
0 4194304 402653184 0 
0 4227201 536870911 4294967264 
2
0 4194304 269484032 0 
0 4227201 402653183 4294967264 
2
0 4194304 136314880 0 
0 4227201 268435455 4294967264 
2
0 4194304 16781312 0 
4294967295 4294934398 4194246655 4294967264 
2
0 4194304 8396800 0 
4294967295 4294934398 4177477631 4294967264 
2
0 4194304 3145728 0 
0 4227201 134217727 4294967264 
2
0 4194304 16896 0 
4294967295 4294934398 4164879359 267915232 
2
0 4194304 8704 0 
4294967295 4294934398 4164879359 267915232 
2
0 4194304 576 0 
0 4227201 130088448 4027052032 
2
0 4194304 320 0 
0 4227201 130088704 4027052032 
2
0 4194304 192 0 
0 4227201 130088832 4027052032 
2
0 1318912 0 0 
0 1073216 0 0 
2
0 1060864 0 0 
0 1073216 0 0 
2
0 1056800 0 0 
0 1073216 0 0 
2
0 1056776 0 0 
0 1073216 0 0 
2
0 270344 0 0 
4294967295 4294960079 536870911 4294967264 
2
0 270340 0 0 
0 277564 3758096384 0 
2
0 135168 268435456 0 
4294967295 4294963651 536870911 4294967264 
2
0 135168 2097152 0 
4294967295 4294963651 268435455 4294967264 
2
0 98308 0 0 
0 98695 536870911 4294967264 
2
0 65668 0 0 
0 65927 536870911 4294967264 
2
0 65541 0 0 
0 65799 536870911 4294967264 
2
0 65540 33554432 0 
0 65798 536870911 4294967264 
2
0 65540 512 0 
0 65798 406782975 267915232 
2
0 65540 256 0 
0 65798 406782463 267915232 
2
0 65540 128 0 
0 65798 406782207 267915232 
2
0 65536 301989888 0 
0 65794 536870911 4294967264 
2
0 65536 268435968 0 
0 65794 406782975 267915232 
2
0 65536 134217760 0 
0 65794 134217728 0 
2
0 65536 35651584 0 
0 65794 268435455 4294967264 
2
0 65536 2097664 0 
0 65794 138347519 267915232 
2
0 65536 1048608 0 
0 65794 135266304 0 
2
0 65536 64 134217728 
0 65794 136249471 267915232 
2
0 65536 64 67108864 
0 65794 136249471 133694432 
2
0 65536 64 33554432 
0 65794 136249471 66585568 
2
0 65536 48 0 
0 65794 135266320 0 
2
0 65536 32 67108864 
0 65794 136249407 133694432 
2
0 65536 32 16777216 
0 65794 136249407 33031136 
2
0 33028 0 0 
0 33159 536870911 4294967264 
2
0 32774 0 0 
0 32903 536870911 4294967264 
2
0 32772 134217728 0 
0 32901 536870911 4294967264 
2
0 32772 1048576 0 
0 32901 402653183 4294967264 
2
0 32768 16781312 0 
4294967295 4294967166 4194246655 4294967264 
2
0 32768 8396800 0 
4294967295 4294967166 4177477631 4294967264 
2
0 32768 16896 0 
4294967295 4294967166 4164879359 267915232 
2
0 32768 8704 0 
4294967295 4294967166 4164879359 267915232 
2
0 12292 0 0 
0 7228 3758096384 0 
2
0 4608 268435456 0 
4294967295 4294964163 536870911 4294967264 
2
0 4608 2097152 0 
4294967295 4294964163 268435455 4294967264 
2
0 388 0 0 
0 391 536870911 4294967264 
2
0 261 0 0 
0 263 536870911 4294967264 
2
0 260 33554432 0 
0 262 536870911 4294967264 
2
0 260 512 0 
0 262 406782975 267915232 
2
0 260 256 0 
0 262 406782463 267915232 
2
0 260 128 0 
0 262 406782207 267915232 
2
0 256 301989888 0 
0 258 536870911 4294967264 
2
0 256 268435968 0 
0 258 406782975 267915232 
2
0 256 35651584 0 
0 258 268435455 4294967264 
2
0 256 2097664 0 
0 258 138347519 267915232 
2
0 256 1048608 0 
0 258 135266304 0 
2
0 256 64 134217728 
0 258 136249471 267915232 
2
0 256 64 67108864 
0 258 136249471 133694432 
2
0 256 64 33554432 
0 258 136249471 66585568 
2
0 256 48 0 
0 258 135266320 0 
2
0 256 32 67108864 
0 258 136249407 133694432 
2
0 256 32 16777216 
0 258 136249407 33031136 
2
0 134 0 0 
0 135 536870911 4294967264 
2
0 132 134217728 0 
0 133 536870911 4294967264 
2
0 132 1048576 0 
0 133 402653183 4294967264 
2
0 128 16781312 0 
4294967295 4294967294 4194246655 4294967264 
2
0 128 8396800 0 
4294967295 4294967294 4177477631 4294967264 
2
0 128 16896 0 
4294967295 4294967294 4164879359 267915232 
2
0 128 8704 0 
4294967295 4294967294 4164879359 267915232 
2
0 7 0 0 
0 7 536870911 4294967264 
2
0 6 33554432 0 
0 6 536870911 4294967264 
2
0 6 512 0 
0 6 406782975 267915232 
2
0 6 256 0 
0 6 406782463 267915232 
2
0 6 128 0 
0 6 406782207 267915232 
2
0 5 134217728 0 
0 5 536870911 4294967264 
2
0 5 1048576 0 
0 5 402653183 4294967264 
2
0 4 167772160 0 
0 4 536870911 4294967264 
2
0 4 134218240 0 
0 4 406782975 267915232 
2
0 4 134217984 0 
0 4 406782463 267915232 
2
0 4 134217856 0 
0 4 406782207 267915232 
2
0 4 34603008 0 
0 4 402653183 4294967264 
2
0 4 1049088 0 
0 4 272565247 267915232 
2
0 4 1048832 0 
0 4 272564735 267915232 
2
0 4 1048704 0 
0 4 272564479 267915232 
2
0 4 64 134217728 
0 4 270532672 0 
2
0 4 64 67108864 
0 4 270532672 0 
2
0 4 64 33554432 
0 4 270532672 0 
2
0 2 301989888 0 
0 2 536870911 4294967264 
2
0 2 268435968 0 
0 2 406782975 267915232 
2
0 2 35651584 0 
0 2 268435455 4294967264 
2
0 2 2097664 0 
0 2 138347519 267915232 
2
0 2 64 134217728 
0 2 136249471 267915232 
2
0 2 64 67108864 
0 2 136249471 133694432 
2
0 2 64 33554432 
0 2 136249471 66585568 
2
0 2 48 0 
0 2 135266320 0 
2
0 2 32 67108864 
0 2 136249407 133694432 
2
0 2 32 16777216 
0 2 136249407 33031136 
2
0 1 16781312 0 
4294967295 4294967295 4194246655 4294967264 
2
0 1 8396800 0 
4294967295 4294967295 4177477631 4294967264 
2
0 1 16896 0 
4294967295 4294967295 4164879359 267915232 
2
0 1 8704 0 
4294967295 4294967295 4164879359 267915232 
2
0 0 436207616 0 
0 0 536870911 4294967264 
2
0 0 402653696 0 
0 0 406782975 267915232 
2
0 0 303038464 0 
0 0 402653183 4294967264 
2
0 0 269484544 0 
0 0 272565247 267915232 
2
0 0 169869312 0 
0 0 268435455 4294967264 
2
0 0 136315392 0 
0 0 138347519 267915232 
2
0 0 134217792 134217728 
0 0 136249471 267915232 
2
0 0 134217792 67108864 
0 0 136249471 133694432 
2
0 0 134217792 33554432 
0 0 136249471 66585568 
2
0 0 134217760 67108864 
0 0 136249407 133694432 
2
0 0 134217760 16777216 
0 0 136249407 33031136 
2
0 0 50335744 0 
4294967295 4294967295 4227801087 4294967264 
2
0 0 36700160 0 
0 0 134217727 4294967264 
2
0 0 33572864 0 
0 0 100712448 0 
2
0 0 33564672 0 
0 0 100720640 0 
2
0 0 33555008 0 
0 0 130088448 4027052032 
2
0 0 33554752 0 
0 0 130088704 4027052032 
2
0 0 33554624 0 
0 0 130088832 4027052032 
2
0 0 16797696 0 
4294967295 4294967295 4294959103 4294967264 
2
0 0 3146240 0 
0 0 4129791 267915232 
2
0 0 1048640 134217728 
0 0 2031743 267915232 
2
0 0 1048640 67108864 
0 0 2031743 133694432 
2
0 0 1048640 33554432 
0 0 2031743 66585568 
2
0 0 1048608 67108864 
0 0 2031679 133694432 
2
0 0 1048608 16777216 
0 0 2031679 33031136 
2
0 0 262148 8388608 
0 0 458759 16253920 
2
0 0 65540 8388608 
0 0 983047 16253920 
2
0 0 2560 2147483648 
4294967295 4294967295 4294966271 2415398880 
2
0 0 576 134217728 
4294967295 4294967295 4294966911 4294967264 
2
0 0 576 33554432 
4294967295 4294967295 4294966911 4093637600 
2
0 0 512 201326592 
0 0 0 201329664 
2
0 0 320 134217728 
4294967295 4294967295 4294967167 4294967264 
2
0 0 320 33554432 
4294967295 4294967295 4294967167 4093637600 
2
0 0 256 201326592 
0 0 0 201329664 
2
0 0 192 134217728 
4294967295 4294967295 4294967295 4294967264 
2
0 0 192 33554432 
4294967295 4294967295 4294967295 4093637600 
2
0 0 128 201326592 
0 0 0 201329664 
2
0 0 128 100663296 
0 0 128 201329664 
2
0 0 128 83886080 
0 0 128 201329664 
2
0 0 8 4194560 
0 0 983055 7864800 
2
0 0 8 4194432 
0 0 983055 7864544 
2
0 0 4 12582912 
0 0 983047 16253920 
2
0 0 4 8388864 
0 0 983047 16253408 
2
524288 0 576 67108864 
7927933 4286512893 4158717504 4027052032 
2147483647
0 3223355392 0 0 
4287569806 2143289343 4294967295 4294967264 
10
0 1075838976 33554560 0 
4287569806 2143256446 4164878591 267915232 
8
0 2149580800 33554560 0 
4287569806 4290740094 4164878591 267915232 
8
48 2097280 0 0 
7397488 0 0 0 
4
32 2149613568 0 0 
7397488 2147483648 0 0 
4
32 2153775104 0 0 
7397488 2147483648 0 0 
4
48 6291456 0 0 
7397488 0 0 0 
4
49 2097152 0 0 
7397488 0 0 0 
4
0 128 16448 67108864 
4294967295 4294967294 4164878463 133694432 
4
0 128 16896 268435456 
4294967295 4294967294 4164879359 267915232 
4
32 2149580928 0 0 
7397488 2147483648 0 0 
4
0 32768 16448 67108864 
4294967295 4294967166 4164878463 133694432 
4
0 32768 16896 268435456 
4294967295 4294967166 4164879359 267915232 
4
0 0 50333952 0 
4294967295 4294967295 4198433279 267915232 
2
0 0 50334208 0 
4294967295 4294967295 4198433791 267915232 
2
0 0 16796160 0 
4294967295 4294967295 4282369023 267915232 
2
0 128 16779392 0 
4294967295 4294967294 4164878591 267915232 
2
0 1 16779392 0 
4294967295 4294967295 4164878591 267915232 
2
8224 2097152 33554432 0 
7397472 0 0 0 
2
0 128 16779520 0 
4294967295 4294967294 4164878847 267915232 
2
0 1 16779520 0 
4294967295 4294967295 4164878847 267915232 
2
0 32768 16779520 0 
4294967295 4294967166 4164878847 267915232 
2
0 0 16795904 0 
4294967295 4294967295 4282368511 267915232 
2
0 1 16779776 0 
4294967295 4294967295 4164879359 267915232 
2
0 4194304 16779520 0 
4294967295 4294934398 4164878847 267915232 
2
32 2152726528 0 0 
7397488 2147483648 0 0 
2
48 2097152 33554432 0 
7397488 0 0 0 
2
0 0 2304 2415919104 
4294967295 4294967295 4294965759 2415398880 
2
0 0 50333696 2147483648 
4294967295 4294967295 4198436863 4294967264 
2
0 0 16795648 2147483648 
4294967295 4294967295 4282372095 4294967264 
2
0 32768 16779776 0 
4294967295 4294967166 4164879359 267915232 
2
48 1081344 0 0 
7397488 0 0 0 
2
0 32768 16779264 2147483648 
4294967295 4294967166 4164882431 4294967264 
2
0 1075838976 16781312 0 
4287569806 2143256446 4194246655 4294967264 
2
0 4194304 16779776 0 
4294967295 4294934398 4164879359 267915232 
2
0 1 16779264 2147483648 
4294967295 4294967295 4164882431 4294967264 
2
0 128 16779776 0 
4294967295 4294967294 4164879359 267915232 
2
0 1075871744 16384 0 
7397489 3227549696 0 0 
2
0 1075838976 576 0 
7397489 3227549825 130088448 4027052032 
2
0 1074790400 576 0 
7397489 3228598401 130088448 4027052032 
2
0 1074823168 16384 0 
7397489 3228598272 0 0 
2
0 0 50333824 0 
4294967295 4294967295 4198433023 267915232 
2
0 0 16795776 0 
4294967295 4294967295 4282368255 267915232 
2
0 268437536 2097152 0 
4294967295 4043176419 268435455 4294967264 
2
0 805834752 0 0 
4294967295 4294705151 4294967295 4294967264 
2
0 4194304 16778240 268435456 
4294967295 4294934398 4164880383 536350688 
2
0 4194304 16777728 2147483648 
4294967295 4294934398 4164879359 267915232 
2
0 4194304 16779264 2147483648 
4294967295 4294934398 4164882431 4294967264 
2
0 1611694080 0 0 
4287569806 1067450367 4294967295 4294967264 
2
2048 805830656 0 0 
6156 805306368 0 0 
2
524288 805830656 0 0 
530444 805306368 0 0 
2
524288 0 16960 67108864 
7927933 4286512893 4158717504 4027052032 
2147483647
524288 128 16448 67108864 
7927933 4286512892 4028629056 0 
2147483647
0 4194304 16779776 2147483648 
4294967295 4294934398 4164879359 267915232 
2147483647
0 2149613568 64 67108864 
4287569806 4290740094 4164878463 133694432 
12
0 1075839104 64 67108864 
4287569806 2143256446 4164878463 133694432 
12
0 1075838976 33556608 0 
4287569806 2143256446 4164878591 267915232 
10
0 1075871744 64 67108864 
4287569806 2143256446 4164878463 133694432 
10
0 2149580800 33558656 0 
4287569806 4290740094 4164878591 267915232 
8
32 2154823680 0 0 
7397488 2147483648 0 0 
6
0 128 16960 67108864 
4294967295 4294967294 4164878463 133694432 
6
0 32768 16960 67108864 
4294967295 4294967166 4164878463 133694432 
6
0 1075838976 576 67108864 
7397489 3227549825 130088448 4027052032 
6
0 1074790400 576 67108864 
7397489 3228598401 130088448 4027052032 
6
0 1076887552 576 0 
7397489 3227549825 130088448 4027052032 
6
0 1076920320 16384 0 
7397489 3227549696 0 0 
6
48 2097280 0 67108864 
7397488 0 0 0 
4
8224 2097152 33554944 0 
7397472 0 0 0 
4
8224 2097152 50331648 0 
7397472 0 0 0 
4
32 2149613568 256 0 
7397488 2147483648 0 0 
4
48 2097152 16640 0 
7397488 0 0 0 
4
32 2153775104 256 0 
7397488 2147483648 0 0 
4
48 2097152 33554688 0 
7397488 0 0 0 
4
48 2097152 50331648 0 
7397488 0 0 0 
4
48 6291456 0 67108864 
7397488 0 0 0 
4
32 128 16896 268435456 
4294967295 4294967294 4164879359 267915232 
4
32 2149580928 0 33554432 
7397488 2147483648 0 0 
4
0 1075871744 16896 0 
7397489 3227549696 0 0 
4
0 1074823168 16896 0 
7397489 3228598272 0 0 
4
0 1074794496 576 0 
7397489 3228598401 130088448 4027052032 
4
0 1074827264 16384 0 
7397489 3228598272 0 0 
4
0 32768 16896 335544320 
4294967295 4294967166 4164879359 267915232 
4
0 1076367360 33554432 0 
0 1077440576 0 0 
4
0 128 16779328 67108864 
4294967295 4294967294 4164878463 133694432 
2
0 1 16779328 67108864 
4294967295 4294967295 4164878463 133694432 
2
0 2097280 16779392 0 
4294967295 4294967294 4164878591 267915232 
2
0 1 16779392 67108864 
4294967295 4294967295 4164878591 133694432 
2
32 128 16779520 0 
4294967295 4294967294 4164878847 267915232 
2
0 1 16779520 33554432 
4294967295 4294967295 4164878847 267915232 
2
0 1075838977 16779264 0 
7397489 3227549825 0 0 
2
0 2149613568 16779264 0 
7397489 2153807872 0 0 
2
0 2129920 16779520 0 
4294967295 4294967166 4164878847 267915232 
2
32 2149580800 16779264 0 
7397488 2147483648 0 0 
2
32 1 16779776 0 
4294967295 4294967295 4164879359 267915232 
2
0 2153775104 16779264 0 
7397489 2151677952 0 0 
2
0 6291456 16779520 0 
4294967295 4294934398 4164878847 267915232 
2
32 2152726528 256 0 
7397488 2147483648 0 0 
2
48 2097152 33554432 1048576 
7397488 0 0 0 
2
0 0 16779520 2415919104 
4294967295 4294967295 4294965759 2415398880 
2
0 0 50331904 2415919104 
4294967295 4294967295 4198433279 267915232 
2
0 0 50333696 2415919104 
4294967295 4294967295 4198436863 4294967264 
2
0 0 16793856 2415919104 
4294967295 4294967295 4282368511 267915232 
2
0 0 16795648 2415919104 
4294967295 4294967295 4282372095 4294967264 
2
0 32768 16779784 0 
4294967295 4294967166 4164879359 267915232 
2
48 1081344 0 524288 
7397488 0 0 0 
2
0 32768 16777472 2415919104 
4294967295 4294967166 4164878847 267915232 
2
0 32768 16779264 2415919104 
4294967295 4294967166 4164882431 4294967264 
2
0 4194304 16779328 67108864 
4294967295 4294934398 4164878463 133694432 
2
0 1075838976 544 134217728 
7397489 3227549825 130088448 4027052032 
2
0 1075838976 2097696 0 
7397489 3227549825 130088448 4027052032 
2
0 1075838976 16781313 0 
4287569806 2143256446 4194246655 4294967264 
2
0 4194304 16779776 67108864 
4294967295 4294934398 4164879359 267915232 
2
0 2149580928 16779264 0 
7397489 2153808000 0 0 
2
0 1 16777472 2415919104 
4294967295 4294967295 4164878847 267915232 
2
0 1 16779264 2415919104 
4294967295 4294967295 4164882431 4294967264 
2
0 524416 16779776 0 
4294967295 4294967294 4164879359 267915232 
2
0 1074823168 16384 67108864 
7397489 3228598272 0 0 
2
0 0 50333760 67108864 
4294967295 4294967295 4198432895 133694432 
2
0 2149580800 50333696 0 
7397489 2153808001 33554432 0 
2
0 0 50333824 67108864 
4294967295 4294967295 4198433023 133694432 
2
0 0 16795776 67108864 
4294967295 4294967295 4282368255 133694432 
2
0 2149580800 16795648 0 
7397489 2153808001 117489664 0 
2
0 268437536 2228224 0 
4294967295 4043176419 268435455 4294967264 
2
0 805830656 35651584 0 
4287569806 813760770 268435455 4294967264 
2
2048 537395200 35651584 0 
4287565698 8454402 268435455 4294967264 
2
0 805830656 2097280 0 
4287569806 813760770 138346751 267915232 
2
2048 537395200 2097280 0 
4287565698 8454402 138346751 267915232 
2
1 2097152 16778240 268435456 
4294967295 4290740094 4164880383 536350688 
2
17 0 16778240 268435456 
7397489 0 0 0 
2
1 1075838976 16778240 0 
7397489 3223322624 0 0 
2
0 4194304 16778240 272629760 
4294967295 4294934398 4164880383 536350688 
2
0 1080033280 16778240 0 
7397489 3227516928 0 0 
2
0 4194304 16908800 2147483648 
4294967295 4294934398 4164879359 267915232 
2
0 4194304 16910336 2147483648 
4294967295 4294934398 4164882431 4294967264 
2
0 32768 16779328 67108864 
4294967295 4294967166 4164878463 133694432 
2
2064 1342701568 0 0 
6156 1879572480 0 0 
2
0 810024960 2097152 0 
4287569806 817987971 268435455 4294967264 
2
2048 541589504 2097152 0 
4287565698 12681603 268435455 4294967264 
2
0 805830784 2097152 0 
4287569806 813760899 268435455 4294967264 
2
524288 537395328 2097152 0 
4287563650 8454531 268435455 4294967264 
2
0 0 50333952 2415919104 
4294967295 4294967295 4198433279 267915232 
2147483647
0 0 16795904 2415919104 
4294967295 4294967295 4282368511 267915232 
2147483647
0 32768 16779520 2415919104 
4294967295 4294967166 4164878847 267915232 
2147483647
524288 128 16960 67108864 
7927933 4286512892 4028629056 0 
2147483647
0 1 16779520 2415919104 
4294967295 4294967295 4164878847 267915232 
2147483647
0 128 2359296 138412064 
4294967295 4294967295 4294967295 4294967264 
2147483647
0 268437536 2228224 32 
4294967295 4043176419 268435455 4294967264 
2147483647
2048 805308448 2097152 0 
4294963187 4043176419 268435455 4294967264 
2147483647
0 4194304 16910848 2147483648 
4294967295 4294934398 4164879359 267915232 
2147483647
0 3223355392 64 67108864 
4287569806 2143256446 4164878463 133694432 
14
0 2149613568 2112 67108864 
4287569806 4290740094 4164878463 133694432 
12
0 1075839104 2112 67108864 
4287569806 2143256446 4164878463 133694432 
12
0 1076887552 576 67108864 
7397489 3227549825 130088448 4027052032 
10
0 1075871744 2112 67108864 
4287569806 2143256446 4164878463 133694432 
10
0 128 16960 335544320 
4294967295 4294967294 4164878463 133694432 
8
0 1076920320 16896 0 
7397489 3227549696 0 0 
8
0 1074794496 576 67108864 
7397489 3228598401 130088448 4027052032 
8
0 32768 16960 335544320 
4294967295 4294967166 4164878463 133694432 
8
48 2097280 16779264 0 
7397488 0 0 0 
6
8224 2097152 50333696 0 
7397472 0 0 0 
6
32 2149613568 16779264 0 
7397488 2147483648 0 0 
6
32 2153775104 16779264 0 
7397488 2147483648 0 0 
6
32 2154823680 256 0 
7397488 2147483648 0 0 
6
48 2097152 50333696 0 
7397488 0 0 0 
6
48 6291456 16779264 0 
7397488 0 0 0 
6
49 2097152 16779264 0 
7397488 0 0 0 
6
0 524416 16960 67108864 
4294967295 4294967294 4164878463 133694432 
6
32 2149580928 16779264 0 
7397488 2147483648 0 0 
6
0 2129920 16960 67108864 
4294967295 4294967166 4164878463 133694432 
6
0 1075838976 16960 67108864 
7397489 3227549825 130088448 4027052032 
6
0 1075871744 16448 67108864 
7397489 3227549696 0 0 
6
0 1074790400 16960 67108864 
7397489 3228598401 130088448 4027052032 
6
0 1074823168 16448 67108864 
7397489 3228598272 0 0 
6
0 1076920320 16384 67108864 
7397489 3227549696 0 0 
6
0 1074827264 16896 0 
7397489 3228598272 0 0 
6
0 1075871744 16896 268435456 
7397489 3227549696 0 0 
6
0 1074823168 16896 268435456 
7397489 3228598272 0 0 
6
2048 805830656 2097280 0 
4287565698 8454402 138346751 267915232 
6
0 812126208 0 0 
4287569806 1069785023 4294967295 4294967264 
6
524288 805830784 2097152 0 
4287563650 8454531 268435455 4294967264 
6
48 2097280 128 67108864 
7397488 0 0 0 
4
8224 2097152 33556992 0 
7397472 0 0 0 
4
32 2149613568 2304 0 
7397488 2147483648 0 0 
4
48 2097152 16672 0 
7397488 0 0 0 
4
32 2153775104 2304 0 
7397488 2147483648 0 0 
4
48 2097152 33556736 0 
7397488 0 0 0 
4
48 6291456 64 67108864 
7397488 0 0 0 
4
32 128 16896 335544320 
4294967295 4294967294 4164879359 267915232 
4
32 2149580928 256 33554432 
7397488 2147483648 0 0 
4
0 1074823168 16896 67108864 
7397489 3228598272 0 0 
4
0 1074827264 16384 67108864 
7397489 3228598272 0 0 
4
2048 268437536 35651584 0 
4287565698 8454402 268435455 4294967264 
4
0 1344802816 33554432 0 
0 1077440576 0 0 
4
0 543690784 0 0 
4287569806 1070571455 4294967295 4294967264 
4
32 128 16779328 67108864 
4294967295 4294967294 4164878463 133694432 
2
0 2097153 16779328 67108864 
4294967295 4294967295 4164878463 133694432 
2
16 2097280 16779392 0 
4294967295 4294967294 4164878591 267915232 
2
48 2097152 16779392 0 
7397488 0 0 0 
2
0 2097153 16779392 67108864 
4294967295 4294967295 4164878591 133694432 
2
8224 2097152 16779776 0 
7397472 0 0 0 
2
32 128 16779520 33554432 
4294967295 4294967294 4164878847 267915232 
2
0 2097153 16779520 33554432 
4294967295 4294967295 4164878847 267915232 
2
0 1075838977 16779264 33554432 
7397489 3227549825 0 0 
2
0 2149613568 16779520 0 
7397489 2153807872 0 0 
2
32 2149580800 16779520 0 
7397488 2147483648 0 0 
2
32 1 16779776 4194304 
4294967295 4294967295 4164879359 267915232 
2
0 2153775104 16779520 0 
7397489 2151677952 0 0 
2
32 2152726528 2304 0 
7397488 2147483648 0 0 
2
48 2097152 33556480 1048576 
7397488 0 0 0 
2
48 2097152 16779520 0 
7397488 0 0 0 
2
0 0 16779520 2416967680 
4294967295 4294967295 4294965759 2415398880 
2
0 0 50331904 2416967680 
4294967295 4294967295 4198433279 267915232 
2
0 0 50333696 2416967680 
4294967295 4294967295 4198436863 4294967264 
2
0 0 16793856 2416967680 
4294967295 4294967295 4282368511 267915232 
2
0 0 16795648 2416967680 
4294967295 4294967295 4282372095 4294967264 
2
48 1081344 256 524288 
7397488 0 0 0 
2
48 1048576 16779520 0 
7397488 0 0 0 
2
0 32768 16777472 2416443392 
4294967295 4294967166 4164878847 267915232 
2
0 32768 16779264 2416443392 
4294967295 4294967166 4164882431 4294967264 
2
32 4194304 16779328 67108864 
4294967295 4294934398 4164878463 133694432 
2
17 0 16779328 67108864 
7397489 0 0 0 
2
1 2097152 16779328 67108864 
4294967295 4290740094 4164878463 133694432 
2
0 1075838976 544 134217984 
7397489 3227549825 130088448 4027052032 
2
0 1075838976 2097696 256 
7397489 3227549825 130088448 4027052032 
2
0 1075838976 16781825 0 
0 0 29367808 4027052032 
2
0 1075838976 2097424 134217728 
7397489 3227549825 130088704 4027052032 
2
0 1075838976 2097296 134217728 
7397489 3227549825 130088832 4027052032 
2
0 2149580928 16779264 33554432 
7397489 2153808000 0 0 
2
0 1 16777472 2418016256 
4294967295 4294967295 4164878847 267915232 
2
0 1 16779264 2418016256 
4294967295 4294967295 4164882431 4294967264 
2
0 537395328 16779776 0 
4294967295 4294967294 4164879359 267915232 
2
0 2097152 50333760 67108864 
4294967295 4294967295 4198432895 133694432 
2
0 2149580800 50333696 67108864 
7397489 2153808001 33554432 0 
2
0 2097152 50333824 67108864 
4294967295 4294967295 4198433023 133694432 
2
0 2097152 16795776 67108864 
4294967295 4294967295 4282368255 133694432 
2
0 2149580800 16795648 67108864 
7397489 2153808001 117489664 0 
2
0 805830656 35651584 128 
4287569806 813760770 268435455 4294967264 
2
2048 537395200 35651584 128 
4287565698 8454402 268435455 4294967264 
2
0 805830656 2097280 128 
4287569806 813760770 138346751 267915232 
2
2048 537395200 2097280 128 
4287565698 8454402 138346751 267915232 
2
0 805830656 18878464 0 
4287569806 813760770 167714815 4294967264 
2
2048 537395200 18878464 0 
4287565698 8454402 167714815 4294967264 
2
16 1342701568 268435584 0 
4287569806 1888026882 406782207 267915232 
2
16 1344798720 268435456 0 
4294967295 4041834883 536870911 4294967264 
2
1 2097152 16778240 272629760 
4294967295 4290740094 4164880383 536350688 
2
17 0 16778240 272629760 
7397489 0 0 0 
2
1 1075838976 16778240 4194304 
7397489 3223322624 0 0 
2
0 6291456 16778240 272629760 
4294967295 4294934398 4164880383 536350688 
2
0 1080033280 16778240 4194304 
7397489 3227516928 0 0 
2
0 2129920 16779328 67108864 
4294967295 4294967166 4164878463 133694432 
2
2064 1342701568 2 0 
6156 1879572480 0 0 
2
16 1344798720 2097152 0 
4294967295 4041834883 268435455 4294967264 
2
0 810024960 2097152 128 
4287569806 817987971 268435455 4294967264 
2
2048 543686656 2097152 0 
4287565698 12681603 268435455 4294967264 
2
0 0 50333952 2416967680 
4294967295 4294967295 4198433279 267915232 
2147483647
0 0 16795904 2416967680 
4294967295 4294967295 4282368511 267915232 
2147483647
0 32768 16779520 2416443392 
4294967295 4294967166 4164878847 267915232 
2147483647
524288 524416 16960 67108864 
7927933 4286512892 4028629056 0 
2147483647
0 1 16779520 2418016256 
4294967295 4294967295 4164878847 267915232 
2147483647
0 268437536 2228224 524320 
4294967295 4043176419 268369918 4294967264 
2147483647
2048 805308448 2228224 0 
4294963187 4043176419 268435455 4294967264 
2147483647
0 3223355392 2112 67108864 
4287569806 2143256446 4164878463 133694432 
16
0 1612710016 2112 67108864 
4287569806 2143256446 4164878463 133694432 
14
0 1612972160 64 67108864 
4287569806 2143256446 4164878463 133694432 
14
0 1076887552 16960 67108864 
7397489 3227549825 130088448 4027052032 
12
0 1076920320 16448 67108864 
7397489 3227549696 0 0 
12
0 1076887552 576 335544320 
7397489 3227549825 130088448 4027052032 
12
0 1612742656 2112 67108864 
4287569806 2143256446 4164878463 133694432 
12
0 1613004800 64 67108864 
4287569806 2143256446 4164878463 133694432 
12
32 128 16960 335544320 
4294967295 4294967294 4164878463 133694432 
10
0 1075871744 16960 67108864 
7397489 3227549696 0 0 
10
0 3178496 16960 67108864 
4294967295 4294967166 4164878463 133694432 
10
0 1074823168 16960 67108864 
7397489 3228598272 0 0 
10
0 1074794496 16960 67108864 
7397489 3228598401 130088448 4027052032 
10
0 1074827264 16448 67108864 
7397489 3228598272 0 0 
10
0 1073774592 16960 335544320 
4294967295 4294967166 4164878463 133694432 
10
0 2129920 16960 335544320 
4294967295 4294967166 4164878463 133694432 
10
0 1076920320 16896 268435456 
7397489 3227549696 0 0 
10
0 1081344 16960 335544320 
4294967295 4294967166 4164878463 133694432 
10
48 128 16960 67108864 
7397488 0 0 0 
8
0 67633280 16960 67108864 
4294967295 4294967294 4164878463 133694432 
8
32 524416 16960 67108864 
4294967295 4294967294 4164878463 133694432 
8
0 526464 16960 67108864 
4294967295 4294967294 4164878463 133694432 
8
0 524448 16960 67108864 
4294967295 4294967294 4164878463 133694432 
8
32 128 8405568 67108864 
4294967295 4294967294 4164878463 133694432 
8
32 128 16960 2214592512 
4294967295 4294967294 4164878463 133694432 
8
0 1076920320 16896 67108864 
7397489 3227549696 0 0 
8
0 1085440 16960 67108864 
4294967295 4294967166 4164878463 133694432 
8
0 1073778688 16960 67108864 
4294967295 4294967166 4164878463 133694432 
8
0 3182592 16448 67108864 
4294967295 4294967166 4164878463 133694432 
8
0 1075875840 16448 67108864 
7397489 3227549696 0 0 
8
0 1073774592 8405568 67108864 
4294967295 4294967166 4164878463 133694432 
8
0 1073774592 16960 2214592512 
4294967295 4294967166 4164878463 133694432 
8
0 1075871744 16448 335544320 
7397489 3227549696 0 0 
8
0 1075838976 16960 335544320 
7397489 3227549825 130088448 4027052032 
8
0 1075871744 576 335544320 
7397489 3227549696 0 0 
8
0 3178496 576 335544320 
4294967295 4294967166 4164878463 133694432 
8
0 1074823168 576 335544320 
7397489 3228598272 0 0 
8
0 3178496 16448 335544320 
4294967295 4294967166 4164878463 133694432 
8
0 3145728 16960 335544320 
4294967295 4294967295 4294966911 4160746464 
8
0 1074823168 16448 335544320 
7397489 3228598272 0 0 
8
0 1074790400 16960 335544320 
7397489 3228598401 130088448 4027052032 
8
0 1074827264 16896 268435456 
7397489 3228598272 0 0 
8
48 2097280 16779264 67108864 
7397488 0 0 0 
6
8224 2097152 50334208 0 
7397472 0 0 0 
6
32 2149613568 16779520 0 
7397488 2147483648 0 0 
6
32 2153775104 16779520 0 
7397488 2147483648 0 0 
6
32 2154823680 2304 0 
7397488 2147483648 0 0 
6
48 2097152 50333696 1048576 
7397488 0 0 0 
6
48 6291456 16779264 67108864 
7397488 0 0 0 
6
49 2097152 16779264 67108864 
7397488 0 0 0 
6
32 2149580928 16779264 33554432 
7397488 2147483648 0 0 
6
0 1074827264 16896 67108864 
7397489 3228598272 0 0 
6
0 1075871744 16896 335544320 
7397489 3227549696 0 0 
6
2048 805830656 2097280 128 
4287565698 8454402 138346751 267915232 
6
0 812126240 0 0 
4287569806 1069785023 4294967295 4294967264 
6
524288 805830784 2097152 524288 
4287563650 8454531 268435455 4294967264 
6
48 2097280 2176 67108864 
7397488 0 0 0 
4
48 2097152 18720 0 
7397488 0 0 0 
4
48 2097152 33556736 1048576 
7397488 0 0 0 
4
48 1081344 16779520 0 
7397488 0 0 0 
4
48 6291456 2112 67108864 
7397488 0 0 0 
4
49 0 16779328 67108864 
7397488 0 0 0 
4
33 2097152 16779328 67108864 
4294967295 4290740094 4164878463 133694432 
4
32 2149580928 2304 33554432 
7397488 2147483648 0 0 
4
2048 268437536 35782656 0 
4287565698 8454402 268435455 4294967264 
4
16 1342705664 268435584 0 
4287569806 1888026882 406782207 267915232 
4
16 1344802816 268435456 0 
4294967295 4041834883 536870911 4294967264 
4
2064 1344798720 33554432 0 
6156 1879572480 0 0 
4
2048 812122112 2097152 0 
4287565698 12681603 268435455 4294967264 
4
16384 2097153 16779328 67108864 
4294967295 4294967295 4164878463 133694432 
2
16 2097280 16779392 67108864 
4294967295 4294967294 4164878591 133694432 
2
48 2097152 16779392 67108864 
7397488 0 0 0 
2
0 1075838977 16779520 33554432 
7397489 3227549825 0 0 
2
48 2097152 16779520 1048576 
7397488 0 0 0 
2
48 1081344 2304 524288 
7397488 0 0 0 
2
48 1048576 16779520 524288 
7397488 0 0 0 
2
32 6291456 16779328 67108864 
4294967295 4294934398 4164878463 133694432 
2
48 2097152 16779328 67108864 
7397488 0 0 0 
2
0 1075838976 544 134742272 
7397489 3227549825 130088448 4027052032 
2
0 1344802816 544 0 
7397489 3227549825 130088448 4027052032 
2
0 1075838976 2097696 524544 
7397489 3227549825 130088448 4027052032 
2
0 1075838976 2097426 134217728 
7397489 3227549825 130088704 4027052032 
2
0 1075838976 2097298 134217728 
7397489 3227549825 130088832 4027052032 
2
0 805830784 16779776 0 
4294967295 4294967294 4164879359 267915232 
2
0 2149580800 50333760 67108864 
7397489 2153808001 33554432 0 
2
16 2097152 50333824 67108864 
4294967295 4294967295 4198433023 133694432 
2
0 2149580800 16795776 67108864 
7397489 2153808001 117489664 0 
2
2048 805830656 35651584 128 
4287565698 8454402 268435455 4294967264 
2
2048 805830656 18878464 0 
4287565698 8454402 167714815 4294967264 
2
16 1342701568 268566656 0 
4287569806 1888026882 406782207 267915232 
2
16 1344798720 268566528 0 
4294967295 4041834883 536870911 4294967264 
2
17 2097152 16778240 272629760 
7397489 0 0 0 
2
8192 6291456 16778240 272629760 
4294967295 4294934398 4164880383 536350688 
2
2064 1342701568 2 1048576 
6156 1879572480 0 0 
2
2064 1344798720 2097152 0 
4294963187 3236004227 268435455 4294967264 
2
0 810024960 2097154 128 
4287569806 817987971 268435455 4294967264 
2
0 2097152 50333952 2416967680 
4294967295 4294967295 4198433279 267915232 
2147483647
0 2097152 16795904 2416967680 
4294967295 4294967295 4282368511 267915232 
2147483647
0 268437536 35782656 524320 
4294967295 4043176419 268369918 4294967264 
2147483647
2048 805308448 2228224 524288 
4294963187 4043176419 268369918 4294967264 
2147483647
2048 805830656 36175872 128 
4287565698 8454402 268435455 4294967264 
2147483647
2048 805830656 2621568 128 
4287565698 8454402 138346751 267915232 
2147483647
0 1076920320 16960 67108864 
7397489 3227549696 0 0 
14
0 1076924416 16448 67108864 
7397489 3227549696 0 0 
14
0 1074827264 16960 67108864 
7397489 3228598272 0 0 
12
0 1075871744 16960 335544320 
7397489 3227549696 0 0 
12
0 1076920320 576 335544320 
7397489 3227549696 0 0 
12
0 3178496 16960 335544320 
4294967295 4294967166 4164878463 133694432 
12
0 1074823168 16960 335544320 
7397489 3228598272 0 0 
12
0 1076920320 16896 335544320 
7397489 3227549696 0 0 
10
0 1074827264 16896 335544320 
7397489 3228598272 0 0 
8
48 2097280 16779392 67108864 
7397488 0 0 0 
6
48 2097152 50333952 1048576 
7397488 0 0 0 
6
48 6291456 16779328 67108864 
7397488 0 0 0 
6
49 2097152 16779328 67108864 
7397488 0 0 0 
6
32 2149580928 16779520 33554432 
7397488 2147483648 0 0 
6
48 1081344 16779520 524288 
7397488 0 0 0 
4
2048 268437536 35782656 524288 
4287565698 8454402 268369918 4294967264 
4
16 1342705664 285212800 0 
4287569806 1888026882 406782207 267915232 
4
16 1344802816 285212672 0 
4294967295 4041834883 536870911 4294967264 
4
2064 1344798720 33554434 0 
6156 1879572480 0 0 
4
16 1075838976 544 134742272 
7397489 3227549825 130088448 4027052032 
2
0 805830784 16779784 0 
4294967295 4294967294 4164879359 267915232 
2
2048 805830656 19009536 0 
4287565698 8454402 167714815 4294967264 
2
2064 1342701568 268566656 0 
4287565698 8454402 406782207 267915232 
2
2064 1344798720 268566528 0 
4294963187 3236004227 536870911 4294967264 
2
2064 1344798720 2 1048576 
6156 1879572480 0 0 
2
2064 1344798720 2097154 0 
4294963187 3236004227 268435455 4294967264 
2
0 812122112 2097154 128 
4287569806 817987971 268435455 4294967264 
2
0 805308448 35782656 524320 
4287569806 813760770 268369918 4294967264 
2147483647
2048 805308448 35782656 524288 
4287565698 8454402 268369918 4294967264 
2147483647
2048 805830656 36438016 128 
4287565698 8454402 268435455 4294967264 
2147483647
2048 805830656 2883712 128 
4287565698 8454402 138346751 267915232 
2147483647
0 1076924416 16960 67108864 
7397489 3227549696 0 0 
16
0 1076920320 16960 335544320 
7397489 3227549696 0 0 
16
0 1074827264 16960 335544320 
7397489 3228598272 0 0 
14
16 1342705664 285343872 0 
4287569806 1888026882 406782207 267915232 
4
16 1344802816 285343744 0 
4294967295 4041834883 536870911 4294967264 
4
2064 1344798720 33554434 524288 
6156 1879572480 0 0 
4
2064 1342701568 268566656 1048576 
4287565698 8454402 406782207 267915232 
2
2064 1344798720 268566528 1048576 
4294963187 3236004227 536870911 4294967264 
2
2064 1344798720 2097154 1048576 
4294963187 3236004227 268435455 4294967264 
2
2048 805308448 35782656 524320 
4287565698 8454402 268369918 4294967264 
2147483647
2048 805830656 36438017 128 
4287565698 8454402 268238847 4294967264 
2147483647
2048 805830656 2883713 128 
4287565698 8454402 138150143 267915232 
2147483647
0 1076924416 16960 335544320 
7397489 3227549696 0 0 
18
2064 1342705664 285343872 0 
4287565698 8454402 406782207 267915232 
4
2064 1344802816 285343744 0 
4294963187 3236004227 536870911 4294967264 
4
2064 1344798720 268566656 1048576 
4287565698 8454402 406782207 267915232 
2
2064 1342705664 285343872 1048576 
4287565698 8454402 406782207 267915232 
4
2064 1344802816 285343744 1048576 
4294963187 3236004227 536870911 4294967264 
4
2064 1344802816 285343872 1048576 
4287565698 8454402 406782207 267915232 
4
