4
0 1 2 3 
771
98304 0 0 0 0 
536739839 4294967295 4294967295 4294967295 4261412864 
2147483647
81920 0 0 0 0 
536707071 4294967295 4294967295 4294967295 4261412864 
2147483647
73728 0 0 0 0 
536690687 4294967295 4294967295 4294967295 4261412864 
2147483647
65536 0 4096 0 0 
65537 14683648 234895360 0 0 
2147483647
65536 0 2 0 0 
65537 14683648 234895362 0 0 
2147483647
65536 0 0 4194304 0 
65537 14683648 234895362 4194304 0 
2147483647
40960 0 0 0 0 
4294950911 4294967295 4294967295 4294967295 4261412864 
2147483647
1 4194304 0 0 0 
4294967295 4294967295 4294967295 4294967295 4261412864 
2147483647
1 0 4096 0 0 
1 14683648 234895360 0 0 
2147483647
1 0 2 0 0 
1 14683648 234895362 0 0 
2147483647
1 0 0 4194304 0 
1 14683648 234895362 4194304 0 
2147483647
0 536870928 0 0 0 
4294967295 4294901759 4294967295 4294967295 4261412864 
2147483647
0 4195328 0 0 0 
4294967295 4294967295 4294967295 4294967295 4261412864 
2147483647
0 4194304 4096 0 0 
0 14683648 234895360 0 0 
2147483647
0 4194304 2 0 0 
0 14683648 234895362 0 0 
2147483647
0 4194304 0 4194304 0 
0 14683648 234895362 4194304 0 
2147483647
0 1024 67108864 0 0 
4294967295 4294967295 4294967295 4294967295 4261412864 
2147483647
0 16 128 0 0 
4294967295 4294967295 4293918463 4294967295 4261412864 
2147483647
0 0 67112960 0 0 
4294967295 4294967295 4294967295 4294967295 4261412864 
2147483647
0 0 1048704 0 0 
4294967295 4294967295 4294967039 4294967295 4261412864 
2147483647
0 0 262144 67108864 0 
4294967295 4294967295 4294967263 4294967295 4261412864 
2147483647
0 0 4098 0 0 
4294967295 4294967295 4294967295 4294967295 4261412864 
2147483647
0 0 8 16777216 0 
4294967295 4294967295 4294967295 4294967295 4261412864 
2147483647
0 0 8 512 0 
4294967295 4294967295 4294967295 4278190079 4261412864 
2147483647
0 0 0 6291456 0 
4294967295 4294967295 4294967295 4286578463 4261412864 
2147483647
0 0 0 5242880 0 
4294967295 4294967295 4294967295 4284481311 4261412864 
2147483647
0 0 0 4718592 0 
4294967295 4294967295 4294967295 4283432735 4261412864 
2147483647
0 0 0 2621440 0 
4294967295 4294967295 4294967295 4293918719 4261412864 
2147483647
0 0 0 1572864 0 
4294967295 4294967295 4294967295 4294967295 4261412864 
2147483647
0 0 0 98304 0 
4294967295 4294967295 4294967295 4294967295 4261412864 
2147483647
0 0 0 81920 0 
4294967295 4294967295 4294967295 4294934527 4261412864 
2147483647
8193 0 0 0 0 
536625151 4294967295 4294967295 4294967295 4261412864 
6
8192 4194304 0 0 0 
536625150 4294967295 4294967295 4294967295 4261412864 
6
8192 0 0 524288 0 
536625150 4280283647 4060071933 4279238431 4261412864 
6
1024 0 0 65536 0 
4261673985 3237875680 266354179 3774808318 0 
6
0 0 262152 0 0 
4294967295 4294967295 4294967263 4177522943 3221225472 
6
0 0 262144 16777216 0 
4294967295 4294967295 4294967263 4194300159 3221225472 
6
0 0 262144 512 0 
4294967295 4294967295 4294967263 4194300671 3221225472 
6
0 0 4096 524288 0 
4294967295 4294967295 4294967293 4279238431 4261412864 
6
0 0 2 524288 0 
4294967295 4294967295 4294967295 4279238431 4261412864 
6
16385 0 0 0 0 
536641535 4294967295 4294967295 4294967295 4261412864 
4
16384 4194304 0 0 0 
536641534 4294967295 4294967295 4294967295 4261412864 
4
16384 0 0 1048576 0 
536641534 4280283647 4060071933 4280287007 4261412864 
4
16384 0 0 524288 0 
536641534 4280283647 4060071933 4279238431 4261412864 
4
8192 0 0 1048576 0 
536625150 4280283647 4060071933 4280287007 4261412864 
4
1024 0 0 32768 0 
4261673985 3237875680 266354179 3774841086 0 
4
512 0 0 65536 0 
4261674497 3237875680 266354179 3774808318 0 
4
512 0 0 32768 0 
4261674497 3237875680 266354179 3774841086 0 
4
0 0 4096 1048576 0 
4294967295 4294967295 4294967293 4280287007 4261412864 
4
0 0 40 0 0 
4294967295 4294967295 4294967295 4177522943 3221225472 
4
0 0 32 16777216 0 
4294967295 4294967295 4294967295 4194300159 3221225472 
4
0 0 32 512 0 
4294967295 4294967295 4294967295 4194300671 3221225472 
4
0 0 2 1048576 0 
4294967295 4294967295 4294967295 4280287007 4261412864 
4
98304 0 0 0 0 
3758325760 0 0 0 0 
2
32769 0 0 0 0 
536674303 4294967295 4294967295 4294967295 4261412864 
2
32768 4194304 0 0 0 
536674302 4294967295 4294967295 4294967295 4261412864 
2
32768 0 0 2097152 0 
536674302 4280283647 4060071933 4282384159 4261412864 
2
32768 0 0 1048576 0 
536674302 4280283647 4060071933 4280287007 4261412864 
2
32768 0 0 524288 0 
536674302 4280283647 4060071933 4279238431 4261412864 
2
16384 0 0 2097152 0 
536641534 4280283647 4060071933 4282384159 4261412864 
2
8192 0 0 2097152 0 
536625150 4280283647 4060071933 4282384159 4261412864 
2
1280 0 0 0 0 
4294966783 4294967295 4294967295 4294967295 4261412864 
2
1024 0 0 16384 0 
4261673985 3237875680 266354179 3774857470 0 
2
768 0 0 0 0 
4294967295 4294967295 4294967295 4294967295 4261412864 
2
512 0 0 16384 0 
4261674497 3237875680 266354179 3774857470 0 
2
384 0 0 0 0 
4294967295 4294967295 4294967295 4294967295 4261412864 
2
320 0 0 0 0 
4265607039 4294967295 4294967295 4294967295 4261412864 
2
288 0 0 0 0 
4265606975 4294967295 4294967295 4294967295 4261412864 
2
272 0 0 0 0 
4265606943 4294967295 4294967295 4294967295 4261412864 
2
256 16 0 0 0 
256 536936464 0 0 0 
2
256 4 0 0 0 
4261674753 3774812156 267927491 4177522943 3221225472 
2
256 0 0 65536 0 
4261674753 3237875680 266354179 3774808318 0 
2
256 0 0 32768 0 
4261674753 3237875680 266354179 3774841086 0 
2
256 0 0 16384 0 
4261674753 3237875680 266354179 3774857470 0 
2
80 0 0 0 0 
4294967263 4294967295 4294967295 4294967295 4261412864 
2
64 4 0 0 0 
4291035073 3774812156 267927491 4177522943 3221225472 
2
48 0 0 0 0 
4294967295 4294967295 4294967295 4294967295 4261412864 
2
32 4 0 0 0 
4291035105 3774812156 267927491 4177522943 3221225472 
2
24 0 0 0 0 
4294967295 4294967295 4294967295 4294967295 4261412864 
2
16 4 0 0 0 
4291035121 3774812156 267927491 4177522943 3221225472 
2
1 0 0 2097152 0 
4294967295 4280283647 4060071933 4282384159 4261412864 
2
1 0 0 1048576 0 
4294967295 4280283647 4060071933 4280287007 4261412864 
2
1 0 0 524288 0 
4294967295 4280283647 4060071933 4279238431 4261412864 
2
0 67108865 0 0 0 
4294705149 4244631551 267927491 4177522943 3221225472 
2
0 33554433 0 0 0 
4294705149 4278185983 267927491 4177522943 3221225472 
2
0 12 0 0 0 
4294967295 4294967295 4294967295 4294967295 4261412864 
2
0 6 0 0 0 
4294967295 4294967295 4294967295 4294967295 4261412864 
2
0 0 4096 2097152 0 
4294967295 4294967295 4294967293 4282384159 4261412864 
2
0 0 8 67108864 0 
4294967295 4294967295 4294967295 4244631807 3221225472 
2
0 0 2 2097152 0 
4294967295 4294967295 4294967295 4282384159 4261412864 
2
0 0 0 83886080 0 
4294967295 4294967295 4294967295 4261409023 3221225472 
2
0 0 0 67109376 0 
4294967295 4294967295 4294967295 4261409535 3221225472 
2
0 0 0 6291456 0 
0 0 0 14680288 0 
2
0 0 0 24576 0 
4294967295 4294967295 4294967295 4294967295 4261412864 
2
98304 4194304 0 0 0 
3758325760 0 0 0 0 
2147483647
65536 0 0 2359296 0 
65537 14683648 234895362 14680288 0 
2147483647
65536 0 0 1310720 0 
65537 14683648 234895362 15728864 0 
2147483647
65536 0 0 786432 0 
65537 14683648 234895362 16253152 0 
2147483647
36864 0 4096 0 0 
3758325761 14683648 234895360 0 0 
2147483647
36864 0 2 0 0 
3758325761 14683648 234895362 0 0 
2147483647
36864 0 0 4194304 0 
3758325761 14683648 234895362 4194304 0 
2147483647
20480 0 4096 0 0 
3758342145 14683648 234895360 0 0 
2147483647
20480 0 2 0 0 
3758342145 14683648 234895362 0 0 
2147483647
20480 0 0 4194304 0 
3758342145 14683648 234895362 4194304 0 
2147483647
12288 0 4096 0 0 
3758350337 14683648 234895360 0 0 
2147483647
12288 0 2 0 0 
3758350337 14683648 234895362 0 0 
2147483647
12288 0 0 4194304 0 
3758350337 14683648 234895362 4194304 0 
2147483647
1280 536870912 0 0 0 
4294966783 4294967295 4294967295 4294967295 4261412864 
2147483647
1280 65536 0 0 0 
4294966783 3758096383 4294967295 4294967295 4261412864 
2147483647
1280 16 0 0 0 
4294966783 3758030847 4294967295 4294967295 4261412864 
2147483647
768 65536 0 0 0 
4294967295 3758096383 4294967295 4294967295 4261412864 
2147483647
768 16 0 0 0 
4294967295 3758030847 4294967295 4294967295 4261412864 
2147483647
416 0 0 0 0 
4265606975 4294967295 4294967295 4294967295 4261412864 
2147483647
384 65536 0 0 0 
4294967295 3758096383 4294967295 4294967295 4261412864 
2147483647
384 16 0 0 0 
4294967295 3758030847 4294967295 4294967295 4261412864 
2147483647
320 536870912 0 0 0 
4265607039 4294967295 4294967295 4294967295 4261412864 
2147483647
320 65536 0 0 0 
4265607039 3758096383 4294967295 4294967295 4261412864 
2147483647
320 16 0 0 0 
4265607039 3758030847 4294967295 4294967295 4261412864 
2147483647
80 268435456 0 0 0 
4294967263 4294967295 4294967295 4294967295 4261412864 
2147483647
28 0 0 0 0 
4291297279 4294967295 4294967295 4294967295 4261412864 
2147483647
4 167772160 0 0 0 
4294967295 4227858431 4294967295 4294967295 4261412864 
2147483647
1 1024 4096 0 0 
4294967295 4280283647 4060076031 4294967295 4261412864 
2147483647
1 1024 2 0 0 
4294967295 4280283647 4060071935 4294967295 4261412864 
2147483647
1 0 67108866 0 0 
4294967295 4280283647 4060071935 4294967295 4261412864 
2147483647
1 0 0 2359296 0 
1 14683648 234895362 14680288 0 
2147483647
1 0 0 1310720 0 
1 14683648 234895362 15728864 0 
2147483647
1 0 0 786432 0 
1 14683648 234895362 16253152 0 
2147483647
0 536870920 1048576 0 0 
4294967295 4294901743 4294967295 4294967295 4261412864 
2147483647
0 536870920 128 0 0 
4294967295 4294901743 4293918463 4294967295 4261412864 
2147483647
0 4194304 67108866 0 0 
4294967295 4284477951 4060071935 4294967295 4261412864 
2147483647
0 4194304 0 2359296 0 
0 14683648 234895362 14680288 0 
2147483647
0 4194304 0 1310720 0 
0 14683648 234895362 15728864 0 
2147483647
0 4194304 0 786432 0 
0 14683648 234895362 16253152 0 
2147483647
0 65544 1048576 0 0 
4294967295 4294967279 4294967295 4294967295 4261412864 
2147483647
0 65544 128 0 0 
4294967295 4294967279 4293918463 4294967295 4261412864 
2147483647
0 16396 0 0 0 
4294967295 4294934527 4294967295 4294967295 4261412864 
2147483647
0 16390 0 0 0 
4294967295 4294934527 4294967295 4294967295 4261412864 
2147483647
0 8195 0 0 0 
4294967295 4294967295 4294967295 4294967295 4261412864 
2147483647
0 12 64 0 0 
4294967295 4294967295 4294443007 4294967295 4261412864 
2147483647
0 6 64 0 0 
4294967295 4294967295 4294443007 4294967295 4261412864 
2147483647
0 1 2147745792 0 0 
4294967295 4294967295 4294967295 4294967295 4261412864 
2147483647
0 0 524416 134217728 0 
4294967295 4294967295 4294967231 4294967295 4261412864 
2147483647
0 0 262152 2048 0 
4294967295 4294967295 4294967263 4177522943 3221225472 
2147483647
0 0 262144 16779264 0 
4294967295 4294967295 4294967263 4194300159 3221225472 
2147483647
0 0 262144 2560 0 
4294967295 4294967295 4294967263 4194300671 3221225472 
2147483647
0 0 98312 0 0 
4294967295 4294967295 4294967279 4294967295 4261412864 
2147483647
0 0 4096 6291456 0 
0 0 0 14680288 0 
2147483647
0 0 40 2048 0 
4294967295 4294967295 4294967295 4177522943 3221225472 
2147483647
0 0 32 16779264 0 
4294967295 4294967295 4294967295 4194300159 3221225472 
2147483647
0 0 32 2560 0 
4294967295 4294967295 4294967295 4194300671 3221225472 
2147483647
0 0 0 2148270080 0 
4294967295 4294967295 4294967294 4294967295 4261412864 
2147483647
0 0 0 1073938432 0 
4294967295 4294967295 4294967295 3758096383 4261412864 
2147483647
0 0 0 134291456 0 
4294967295 4294967295 4294967295 4294914046 1040187392 
2147483647
0 0 0 134258688 0 
4294967295 4294967295 4294967295 4294946814 1040187392 
2147483647
0 0 0 134242304 0 
4294967295 4294967295 4294967295 4294963198 1040187392 
2147483647
0 0 0 77824 0 
4294967295 4294967295 4294967295 4294918142 1040187392 
2147483647
0 0 0 45056 0 
4294967295 4294967295 4294967295 4294950910 1040187392 
2147483647
0 0 0 28672 0 
4294967295 4294967295 4294967295 4294967294 1040187392 
2147483647
8193 0 2 0 0 
536625150 4280283647 4060071935 4294967295 4261412864 
8
8193 0 0 2097152 0 
536625150 4280283647 4060071933 4282384159 4261412864 
8
8193 0 0 1048576 0 
536625150 4280283647 4060071933 4280287007 4261412864 
8
8193 0 0 524288 0 
536625150 4280283647 4060071933 4279238431 4261412864 
8
1280 0 0 65536 0 
4261673985 3237875680 266354179 3774808318 0 
8
1024 0 0 24576 0 
4261673985 3237875680 266354179 3774857470 0 
8
768 0 0 65536 0 
4261674497 3237875680 266354179 3774808318 0 
8
384 0 0 65536 0 
4261674753 3237875680 266354179 3774808318 0 
8
320 0 0 65536 0 
4261674753 3237875680 266354179 3774808318 0 
8
64 12 0 0 0 
4291035073 3774812156 267927491 4177522943 3221225472 
8
64 6 0 0 0 
4291035073 3774812156 267927491 4177522943 3221225472 
8
0 12 128 0 0 
4294967295 4294967295 4294967295 4294967295 4261412864 
8
16385 0 2 0 0 
536641534 4280283647 4060071935 4294967295 4261412864 
6
16385 0 0 2097152 0 
536641534 4280283647 4060071933 4282384159 4261412864 
6
16385 0 0 1048576 0 
536641534 4280283647 4060071933 4280287007 4261412864 
6
16385 0 0 524288 0 
536641534 4280283647 4060071933 4279238431 4261412864 
6
8192 1024 4096 0 0 
536625150 4280283647 4060076031 4294967295 4261412864 
6
8192 1024 2 0 0 
536625150 4280283647 4060071935 4294967295 4261412864 
6
8192 0 67108866 0 0 
536625150 4280283647 4060071935 4294967295 4261412864 
6
1280 0 0 32768 0 
4261673985 3237875680 266354179 3774841086 0 
6
1024 4 128 0 0 
4261673985 3237875684 266878659 4177522943 3221225472 
6
1024 0 524416 0 0 
4261673985 3237875680 266878659 4177522943 3221225472 
6
1024 0 192 0 0 
4261673985 3237875680 266354371 4177522943 3221225472 
6
1024 0 128 134217728 0 
4261673985 3237875680 266354307 4177522943 3221225472 
6
1024 0 0 40960 0 
4261673985 3237875680 266354179 3774841086 0 
6
768 0 0 32768 0 
4261674497 3237875680 266354179 3774841086 0 
6
640 0 0 65536 0 
4261674497 3237875680 266354179 3774808318 0 
6
576 0 0 65536 0 
4261674497 3237875680 266354179 3774808318 0 
6
512 0 0 24576 0 
4261674497 3237875680 266354179 3774857470 0 
6
384 0 0 32768 0 
4261674753 3237875680 266354179 3774841086 0 
6
320 0 0 32768 0 
4261674753 3237875680 266354179 3774841086 0 
6
256 24 0 0 0 
256 536936464 0 0 0 
6
64 536870912 0 65536 0 
4291035073 3774746592 266354179 3774808318 0 
6
64 16388 0 0 0 
4291035073 3774812156 267927491 4177522943 3221225472 
6
64 8196 0 0 0 
4291035073 3774812156 267927491 4177522943 3221225472 
6
32 12 0 0 0 
4291035105 3774812156 267927491 4177522943 3221225472 
6
32 6 0 0 0 
4291035105 3774812156 267927491 4177522943 3221225472 
6
1 1024 0 524288 0 
4294967295 4280283647 4060071933 4279238431 4261412864 
6
1 0 67108864 524288 0 
4294967295 4280283647 4060071933 4279238431 4261412864 
6
0 4194304 67108864 524288 0 
4294967295 4284477951 4060071933 4279238431 4261412864 
6
0 8 524416 0 0 
4294967295 4294967295 4294967295 4294967295 4261412864 
6
0 0 524416 65536 0 
4294967295 4294967295 4294967231 3892252670 1040187392 
6
0 0 0 402718720 0 
4294967295 4294967295 4294967295 4294905854 1040187392 
6
0 0 0 268505088 0 
4294967295 4294967295 4294967295 4294909950 1040187392 
6
102400 0 0 0 0 
3758325760 0 0 0 0 
4
98304 0 2 0 0 
3758325760 0 0 0 0 
4
98304 0 0 2097152 0 
3758325760 0 0 0 0 
4
98304 0 0 1048576 0 
3758325760 0 0 0 0 
4
98304 0 0 524288 0 
3758325760 0 0 0 0 
4
86016 0 0 0 0 
3758342144 0 0 0 0 
4
77824 0 0 0 0 
3758350336 0 0 0 0 
4
32769 0 2 0 0 
536674302 4280283647 4060071935 4294967295 4261412864 
4
32769 0 0 2097152 0 
536674302 4280283647 4060071933 4282384159 4261412864 
4
32769 0 0 1048576 0 
536674302 4280283647 4060071933 4280287007 4261412864 
4
32769 0 0 524288 0 
536674302 4280283647 4060071933 4279238431 4261412864 
4
16384 1024 4096 0 0 
536641534 4280283647 4060076031 4294967295 4261412864 
4
16384 1024 2 0 0 
536641534 4280283647 4060071935 4294967295 4261412864 
4
16384 0 67108866 0 0 
536641534 4280283647 4060071935 4294967295 4261412864 
4
16384 0 16777218 0 0 
536641534 4280283647 4060071935 4294967295 4261412864 
4
16384 0 2097154 0 0 
536641534 4280283647 4060071935 4294967295 4261412864 
4
8192 0 16777218 0 0 
536625150 4280283647 4060071935 4294967295 4261412864 
4
8192 0 2097154 0 0 
536625150 4280283647 4060071935 4294967295 4261412864 
4
1280 16 0 0 0 
256 536936464 0 0 0 
4
1280 4 0 0 0 
4261674241 3774812156 267927491 4177522943 3221225472 
4
1280 0 0 16384 0 
4261673985 3237875680 266354179 3774857470 0 
4
768 16 0 0 0 
256 536936464 0 0 0 
4
768 4 0 0 0 
4261674753 3774812156 267927491 4177522943 3221225472 
4
768 0 0 16384 0 
4261674497 3237875680 266354179 3774857470 0 
4
512 4 128 0 0 
4261674497 3237875684 266878659 4177522943 3221225472 
4
512 0 524416 0 0 
4261674497 3237875680 266878659 4177522943 3221225472 
4
512 0 192 0 0 
4261674497 3237875680 266354371 4177522943 3221225472 
4
512 0 128 134217728 0 
4261674497 3237875680 266354307 4177522943 3221225472 
4
400 0 0 0 0 
4265606943 4294967295 4294967295 4294967295 4261412864 
4
384 16 0 0 0 
256 536936464 0 0 0 
4
384 4 0 0 0 
4261674753 3774812156 267927491 4177522943 3221225472 
4
384 0 0 16384 0 
4261674753 3237875680 266354179 3774857470 0 
4
336 0 0 0 0 
4265606943 4294967295 4294967295 4294967295 4261412864 
4
320 16 0 0 0 
256 536936464 0 0 0 
4
320 4 0 0 0 
4261674753 3774812156 267927491 4177522943 3221225472 
4
320 0 0 16384 0 
4261674753 3237875680 266354179 3774857470 0 
4
304 0 0 0 0 
4265606943 4294967295 4294967295 4294967295 4261412864 
4
288 16 0 0 0 
256 536936464 0 0 0 
4
288 4 0 0 0 
4261674753 3774812156 267927491 4177522943 3221225472 
4
272 16 0 0 0 
256 536936464 0 0 0 
4
272 4 0 0 0 
4261674753 3774812156 267927491 4177522943 3221225472 
4
256 20 0 0 0 
256 536936464 0 0 0 
4
256 12 0 0 0 
4261674753 3774812156 267927491 4177522943 3221225472 
4
256 8 1048576 0 0 
256 536936472 1048576 0 0 
4
256 6 0 0 0 
4261674753 3774812156 267927491 4177522943 3221225472 
4
256 0 0 24576 0 
4261674753 3237875680 266354179 3774857470 0 
4
80 8192 0 0 0 
4294967263 4294967295 4294967295 4294967295 4261412864 
4
80 4 0 0 0 
4291035073 3774812156 267927491 4177522943 3221225472 
4
64 536870912 0 32768 0 
4291035073 3774746592 266354179 3774841086 0 
4
64 65536 0 65536 0 
4291035073 3774812128 266354179 3774808318 0 
4
64 65536 0 32768 0 
4291035073 3774812128 266354179 3774841086 0 
4
64 16386 0 0 0 
4291035073 3774861310 267927491 4177522943 3221225472 
4
64 8194 0 0 0 
4291035073 3774869502 267927491 4177522943 3221225472 
4
64 8 524288 0 0 
4291035073 3774812152 267927491 4177522943 3221225472 
4
64 8 64 0 0 
4291035073 3774812152 267403203 4177522943 3221225472 
4
48 8192 0 0 0 
4294967295 4294967295 4294967295 4294967295 4261412864 
4
48 4 0 0 0 
4291035105 3774812156 267927491 4177522943 3221225472 
4
32 536870912 0 65536 0 
4291035105 3774746592 266354179 3774808318 0 
4
32 536870912 0 32768 0 
4291035105 3774746592 266354179 3774841086 0 
4
32 65536 0 65536 0 
4291035105 3774812128 266354179 3774808318 0 
4
32 65536 0 32768 0 
4291035105 3774812128 266354179 3774841086 0 
4
32 16388 0 0 0 
4291035105 3774812156 267927491 4177522943 3221225472 
4
32 16386 0 0 0 
4291035105 3774861310 267927491 4177522943 3221225472 
4
32 8196 0 0 0 
4291035105 3774812156 267927491 4177522943 3221225472 
4
32 8194 0 0 0 
4291035105 3774869502 267927491 4177522943 3221225472 
4
32 8 524288 0 0 
4291035105 3774812152 267927491 4177522943 3221225472 
4
32 8 64 0 0 
4291035105 3774812152 267403203 4177522943 3221225472 
4
24 4 0 0 0 
4291035121 3774812156 267927491 4177522943 3221225472 
4
16 12 0 0 0 
4291035121 3774812156 267927491 4177522943 3221225472 
4
16 6 0 0 0 
4291035121 3774812156 267927491 4177522943 3221225472 
4
1 1048576 0 1048576 0 
4294967295 4280283647 4060071933 4280287007 4261412864 
4
1 1048576 0 524288 0 
4294967295 4280283647 4060071933 4279238431 4261412864 
4
1 131072 0 1048576 0 
4294967295 4280283647 4060071933 4280287007 4261412864 
4
1 131072 0 524288 0 
4294967295 4280283647 4060071933 4279238431 4261412864 
4
1 1024 0 1048576 0 
4294967295 4280283647 4060071933 4280287007 4261412864 
4
1 256 0 1048576 0 
4294967295 4280283647 4060071933 4280287007 4261412864 
4
1 256 0 524288 0 
4294967295 4280283647 4060071933 4279238431 4261412864 
4
1 0 67108864 1048576 0 
4294967295 4280283647 4060071933 4280287007 4261412864 
4
1 0 16777218 0 0 
4294967295 4280283647 4060071935 4294967295 4261412864 
4
1 0 16777216 1048576 0 
4294967295 4280283647 4060071933 4280287007 4261412864 
4
1 0 16777216 524288 0 
4294967295 4280283647 4060071933 4279238431 4261412864 
4
1 0 1024 1048576 0 
4294967295 4280283647 4060071933 4280287007 4261412864 
4
1 0 1024 524288 0 
4294967295 4280283647 4060071933 4279238431 4261412864 
4
1 0 512 1048576 0 
4294967295 4280283647 4060071933 4280287007 4261412864 
4
1 0 512 524288 0 
4294967295 4280283647 4060071933 4279238431 4261412864 
4
1 0 0 2148532224 0 
4294967295 4280283647 4060071933 4280287007 4261412864 
4
1 0 0 2148007936 0 
4294967295 4280283647 4060071932 4279238431 4261412864 
4
1 0 0 1074790400 0 
4294967295 4280283647 4060071933 4280287007 4261412864 
4
1 0 0 1074266112 0 
4294967295 4280283647 4060071933 4279238431 4261412864 
4
1 0 0 269484032 0 
4294967295 4280283647 4060071933 4280287007 4261412864 
4
1 0 0 268959744 0 
4294967295 4280283647 4060071933 4279238431 4261412864 
4
1 0 0 1310720 0 
4294967295 4280283647 4060071933 4280287007 4261412864 
4
1 0 0 1179648 0 
4294967295 4280283647 4060071933 4280287007 4261412864 
4
1 0 0 1114112 0 
4294967295 4280283647 4060071933 4280287007 4261412864 
4
1 0 0 1081344 0 
4294967295 4280283647 4060071933 4280287007 4261412864 
4
1 0 0 1064960 0 
4294967295 4280283647 4060071933 4280287007 4261412864 
4
1 0 0 1056768 0 
4294967295 4280283647 4060071933 4280287007 4261412864 
4
1 0 0 786432 0 
4294967295 4280283647 4060071933 4279238431 4261412864 
4
1 0 0 655360 0 
4294967295 4280283647 4060071933 4279238431 4261412864 
4
1 0 0 589824 0 
4294967295 4280283647 4060071933 4279238431 4261412864 
4
1 0 0 557056 0 
4294967295 4280283647 4060071933 4279238431 4261412864 
4
1 0 0 540672 0 
4294967295 4280283647 4060071933 4279238431 4261412864 
4
1 0 0 532480 0 
4294967295 4280283647 4060071933 4279238431 4261412864 
4
0 536870924 0 0 0 
4294967295 4294967295 4294967295 4294967295 4261412864 
4
0 536870920 1048576 0 0 
0 536936472 1048576 0 0 
4
0 67117060 0 0 0 
4294705149 4244582396 267927491 4177522943 3221225472 
4
0 67117058 0 0 0 
4294705149 4244631550 267927491 4177522943 3221225472 
4
0 67108865 2147483648 0 0 
4294705149 4244631551 267927491 4177522943 3221225472 
4
0 67108865 262144 0 0 
4294705149 4244631551 267927491 4177522943 3221225472 
4
0 33562628 0 0 0 
4294705149 4278136828 267927491 4177522943 3221225472 
4
0 33562626 0 0 0 
4294705149 4278185982 267927491 4177522943 3221225472 
4
0 33554433 2147483648 0 0 
4294705149 4278185983 267927491 4177522943 3221225472 
4
0 33554433 262144 0 0 
4294705149 4278185983 267927491 4177522943 3221225472 
4
0 4194304 67108864 1048576 0 
4294967295 4284477951 4060071933 4280287007 4261412864 
4
0 65548 0 0 0 
4294967295 4294967295 4294967295 4294967295 4261412864 
4
0 28 0 0 0 
4294967295 4294967287 4294967295 4294967295 4261412864 
4
0 16 524288 65536 0 
4294967295 4294967295 4293918271 3892252670 1040187392 
4
0 16 524288 32768 0 
4294967295 4294967295 4293918271 3892285438 1040187392 
4
0 12 1048576 0 0 
4294967295 4294967295 4294967295 4294967295 4261412864 
4
0 8 192 0 0 
4294967295 4294967295 4294967295 4294967295 4261412864 
4
0 6 128 0 0 
4294967295 4294967295 4294967295 4294967295 4261412864 
4
0 4 524416 0 0 
4294967295 4294967295 4294967295 4294967295 4261412864 
4
0 4 192 0 0 
4294967295 4294967295 4294443007 4294967295 4261412864 
4
0 0 1572864 65536 0 
4294967295 4294967295 4294966847 3892252670 1040187392 
4
0 0 1572864 32768 0 
4294967295 4294967295 4294966847 3892285438 1040187392 
4
0 0 524416 32768 0 
4294967295 4294967295 4294967231 3892285438 1040187392 
4
0 0 192 65536 0 
4294967295 4294967295 4294967295 3892252670 1040187392 
4
0 0 192 32768 0 
4294967295 4294967295 4294967295 3892285438 1040187392 
4
0 0 0 402685952 0 
4294967295 4294967295 4294967295 4294938622 1040187392 
4
0 0 0 268472320 0 
4294967295 4294967295 4294967295 4294942718 1040187392 
4
65537 0 2 0 0 
4294967294 4280283647 4060071935 4294967295 4261412864 
2
36865 0 0 0 0 
3758325761 0 0 0 0 
2
36864 0 2 0 0 
536674302 4280283647 4060071935 4294967295 4261412864 
2
34816 0 2 0 0 
536674302 4280283647 4060071935 4294967295 4261412864 
2
33792 0 2 0 0 
536674302 4280283647 4060071935 4294967295 4261412864 
2
33280 0 2 0 0 
536674302 4280283647 4060071935 4294967295 4261412864 
2
33024 0 2 0 0 
536674302 4280283647 4060071935 4294967295 4261412864 
2
32896 0 2 0 0 
536674302 4280283647 4060071935 4294967295 4261412864 
2
32832 0 2 0 0 
536674302 4280283647 4060071935 4294967295 4261412864 
2
32800 0 2 0 0 
536674302 4280283647 4060071935 4294967295 4261412864 
2
32784 0 2 0 0 
536674302 4280283647 4060071935 4294967295 4261412864 
2
32776 0 2 0 0 
536674302 4280283647 4060071935 4294967295 4261412864 
2
32772 0 2 0 0 
536674302 4280283647 4060071935 4294967295 4261412864 
2
32769 0 2 0 0 
3758325761 0 0 0 0 
2
32768 2147483648 2 0 0 
536674302 4280283647 4060071935 4294967295 4261412864 
2
32768 1073741824 2 0 0 
536674302 4280283647 4060071935 4294967295 4261412864 
2
32768 536870912 2 0 0 
536674302 4280283647 4060071935 4294967295 4261412864 
2
32768 268435456 2 0 0 
536674302 4280283647 4060071935 4294967295 4261412864 
2
32768 134217728 2 0 0 
536674302 4280283647 4060071935 4294967295 4261412864 
2
32768 67108864 2 0 0 
536674302 4280283647 4060071935 4294967295 4261412864 
2
32768 33554432 2 0 0 
536674302 4280283647 4060071935 4294967295 4261412864 
2
32768 262144 2 0 0 
536674302 4280283647 4060071935 4294967295 4261412864 
2
32768 131072 2 0 0 
536674302 4280283647 4060071935 4294967295 4261412864 
2
32768 65536 2 0 0 
536674302 4280283647 4060071935 4294967295 4261412864 
2
32768 16384 2 0 0 
536674302 4280283647 4060071935 4294967295 4261412864 
2
32768 8192 2 0 0 
536674302 4280283647 4060071935 4294967295 4261412864 
2
32768 1024 4096 0 0 
536674302 4280283647 4060076031 4294967295 4261412864 
2
32768 1024 2 0 0 
536674302 4280283647 4060071935 4294967295 4261412864 
2
32768 64 2 0 0 
536674302 4280283647 4060071935 4294967295 4261412864 
2
32768 32 2 0 0 
536674302 4280283647 4060071935 4294967295 4261412864 
2
32768 16 2 0 0 
536674302 4280283647 4060071935 4294967295 4261412864 
2
32768 8 2 0 0 
536674302 4280283647 4060071935 4294967295 4261412864 
2
32768 4 2 0 0 
536674302 4280283647 4060071935 4294967295 4261412864 
2
32768 2 2 0 0 
536674302 4280283647 4060071935 4294967295 4261412864 
2
32768 1 2 0 0 
536674302 4280283647 4060071935 4294967295 4261412864 
2
32768 0 2147483650 0 0 
536674302 4280283647 4060071935 4294967295 4261412864 
2
32768 0 1073741826 0 0 
536674302 4280283647 4060071935 4294967295 4261412864 
2
32768 0 536870914 0 0 
536674302 4280283647 4060071935 4294967295 4261412864 
2
32768 0 67108866 0 0 
536674302 4280283647 4060071935 4294967295 4261412864 
2
32768 0 16781312 0 0 
536674302 4280283647 4060076031 4294967295 4261412864 
2
32768 0 16777218 0 0 
536674302 4280283647 4060071935 4294967295 4261412864 
2
32768 0 4194306 0 0 
536674302 4280283647 4060071935 4294967295 4261412864 
2
32768 0 2101248 0 0 
536674302 4280283647 4060076031 4294967295 4261412864 
2
32768 0 2097154 0 0 
536674302 4280283647 4060071935 4294967295 4261412864 
2
32768 0 1048578 0 0 
536674302 4280283647 4060071935 4294967295 4261412864 
2
32768 0 524290 0 0 
536674302 4280283647 4060071935 4294967295 4261412864 
2
32768 0 262146 0 0 
536674302 4280283647 4060071935 4294967295 4261412864 
2
32768 0 131074 0 0 
536674302 4280283647 4060071935 4294967295 4261412864 
2
32768 0 65538 0 0 
536674302 4280283647 4060071935 4294967295 4261412864 
2
32768 0 32770 0 0 
536674302 4280283647 4060071935 4294967295 4261412864 
2
32768 0 514 0 0 
536674302 4280283647 4060071935 4294967295 4261412864 
2
32768 0 130 0 0 
536674302 4280283647 4060071935 4294967295 4261412864 
2
32768 0 66 0 0 
536674302 4280283647 4060071935 4294967295 4261412864 
2
32768 0 34 0 0 
536674302 4280283647 4060071935 4294967295 4261412864 
2
32768 0 10 0 0 
536674302 4280283647 4060071935 4294967295 4261412864 
2
32768 0 2 1073741824 0 
536674302 4280283647 4060071935 4294967295 4261412864 
2
32768 0 2 268435456 0 
536674302 4280283647 4060071935 4294967295 4261412864 
2
32768 0 2 134217728 0 
536674302 4280283647 4060071935 4294967295 4261412864 
2
32768 0 2 67108864 0 
536674302 4280283647 4060071935 4294967295 4261412864 
2
32768 0 2 16777216 0 
536674302 4280283647 4060071935 4294967295 4261412864 
2
32768 0 2 131072 0 
536674302 4280283647 4060071935 4294967295 4261412864 
2
32768 0 2 65536 0 
536674302 4280283647 4060071935 4294967295 4261412864 
2
32768 0 2 32768 0 
536674302 4280283647 4060071935 4294967295 4261412864 
2
32768 0 2 16384 0 
536674302 4280283647 4060071935 4294967295 4261412864 
2
32768 0 2 8192 0 
536674302 4280283647 4060071935 4294967295 4261412864 
2
32768 0 2 4096 0 
536674302 4280283647 4060071935 4294967295 4261412864 
2
32768 0 2 2048 0 
536674302 4280283647 4060071935 4294967295 4261412864 
2
32768 0 2 512 0 
536674302 4280283647 4060071935 4294967295 4261412864 
2
20481 0 0 0 0 
3758342145 0 0 0 0 
2
20480 0 2 0 0 
536641534 4280283647 4060071935 4294967295 4261412864 
2
18432 0 2 0 0 
536641534 4280283647 4060071935 4294967295 4261412864 
2
17408 0 2 0 0 
536641534 4280283647 4060071935 4294967295 4261412864 
2
16896 0 2 0 0 
536641534 4280283647 4060071935 4294967295 4261412864 
2
16640 0 2 0 0 
536641534 4280283647 4060071935 4294967295 4261412864 
2
16512 0 2 0 0 
536641534 4280283647 4060071935 4294967295 4261412864 
2
16448 0 2 0 0 
536641534 4280283647 4060071935 4294967295 4261412864 
2
16416 0 2 0 0 
536641534 4280283647 4060071935 4294967295 4261412864 
2
16400 0 2 0 0 
536641534 4280283647 4060071935 4294967295 4261412864 
2
16392 0 2 0 0 
536641534 4280283647 4060071935 4294967295 4261412864 
2
16388 0 2 0 0 
536641534 4280283647 4060071935 4294967295 4261412864 
2
16385 0 2 0 0 
3758342145 0 0 0 0 
2
16384 2147483648 2 0 0 
536641534 4280283647 4060071935 4294967295 4261412864 
2
16384 1073741824 2 0 0 
536641534 4280283647 4060071935 4294967295 4261412864 
2
16384 536870912 2 0 0 
536641534 4280283647 4060071935 4294967295 4261412864 
2
16384 268435456 2 0 0 
536641534 4280283647 4060071935 4294967295 4261412864 
2
16384 134217728 2 0 0 
536641534 4280283647 4060071935 4294967295 4261412864 
2
16384 67108864 2 0 0 
536641534 4280283647 4060071935 4294967295 4261412864 
2
16384 33554432 2 0 0 
536641534 4280283647 4060071935 4294967295 4261412864 
2
16384 262144 2 0 0 
536641534 4280283647 4060071935 4294967295 4261412864 
2
16384 131072 2 0 0 
536641534 4280283647 4060071935 4294967295 4261412864 
2
16384 65536 2 0 0 
536641534 4280283647 4060071935 4294967295 4261412864 
2
16384 16384 2 0 0 
536641534 4280283647 4060071935 4294967295 4261412864 
2
16384 8192 2 0 0 
536641534 4280283647 4060071935 4294967295 4261412864 
2
16384 64 2 0 0 
536641534 4280283647 4060071935 4294967295 4261412864 
2
16384 32 2 0 0 
536641534 4280283647 4060071935 4294967295 4261412864 
2
16384 16 2 0 0 
536641534 4280283647 4060071935 4294967295 4261412864 
2
16384 8 2 0 0 
536641534 4280283647 4060071935 4294967295 4261412864 
2
16384 4 2 0 0 
536641534 4280283647 4060071935 4294967295 4261412864 
2
16384 2 2 0 0 
536641534 4280283647 4060071935 4294967295 4261412864 
2
16384 1 2 0 0 
536641534 4280283647 4060071935 4294967295 4261412864 
2
16384 0 2147483650 0 0 
536641534 4280283647 4060071935 4294967295 4261412864 
2
16384 0 1073741826 0 0 
536641534 4280283647 4060071935 4294967295 4261412864 
2
16384 0 536870914 0 0 
536641534 4280283647 4060071935 4294967295 4261412864 
2
16384 0 16781312 0 0 
536641534 4280283647 4060076031 4294967295 4261412864 
2
16384 0 4194306 0 0 
536641534 4280283647 4060071935 4294967295 4261412864 
2
16384 0 2101248 0 0 
536641534 4280283647 4060076031 4294967295 4261412864 
2
16384 0 1048578 0 0 
536641534 4280283647 4060071935 4294967295 4261412864 
2
16384 0 524290 0 0 
536641534 4280283647 4060071935 4294967295 4261412864 
2
16384 0 262146 0 0 
536641534 4280283647 4060071935 4294967295 4261412864 
2
16384 0 131074 0 0 
536641534 4280283647 4060071935 4294967295 4261412864 
2
16384 0 65538 0 0 
536641534 4280283647 4060071935 4294967295 4261412864 
2
16384 0 32770 0 0 
536641534 4280283647 4060071935 4294967295 4261412864 
2
16384 0 514 0 0 
536641534 4280283647 4060071935 4294967295 4261412864 
2
16384 0 130 0 0 
536641534 4280283647 4060071935 4294967295 4261412864 
2
16384 0 66 0 0 
536641534 4280283647 4060071935 4294967295 4261412864 
2
16384 0 34 0 0 
536641534 4280283647 4060071935 4294967295 4261412864 
2
16384 0 10 0 0 
536641534 4280283647 4060071935 4294967295 4261412864 
2
16384 0 2 1073741824 0 
536641534 4280283647 4060071935 4294967295 4261412864 
2
16384 0 2 268435456 0 
536641534 4280283647 4060071935 4294967295 4261412864 
2
16384 0 2 134217728 0 
536641534 4280283647 4060071935 4294967295 4261412864 
2
16384 0 2 67108864 0 
536641534 4280283647 4060071935 4294967295 4261412864 
2
16384 0 2 16777216 0 
536641534 4280283647 4060071935 4294967295 4261412864 
2
16384 0 2 131072 0 
536641534 4280283647 4060071935 4294967295 4261412864 
2
16384 0 2 65536 0 
536641534 4280283647 4060071935 4294967295 4261412864 
2
16384 0 2 32768 0 
536641534 4280283647 4060071935 4294967295 4261412864 
2
16384 0 2 16384 0 
536641534 4280283647 4060071935 4294967295 4261412864 
2
16384 0 2 8192 0 
536641534 4280283647 4060071935 4294967295 4261412864 
2
16384 0 2 4096 0 
536641534 4280283647 4060071935 4294967295 4261412864 
2
16384 0 2 2048 0 
536641534 4280283647 4060071935 4294967295 4261412864 
2
16384 0 2 512 0 
536641534 4280283647 4060071935 4294967295 4261412864 
2
12289 0 0 0 0 
3758350337 0 0 0 0 
2
12288 0 2 0 0 
536625150 4280283647 4060071935 4294967295 4261412864 
2
10240 0 2 0 0 
536625150 4280283647 4060071935 4294967295 4261412864 
2
9216 0 2 0 0 
536625150 4280283647 4060071935 4294967295 4261412864 
2
8704 0 2 0 0 
536625150 4280283647 4060071935 4294967295 4261412864 
2
8448 0 2 0 0 
536625150 4280283647 4060071935 4294967295 4261412864 
2
8320 0 2 0 0 
536625150 4280283647 4060071935 4294967295 4261412864 
2
8256 0 2 0 0 
536625150 4280283647 4060071935 4294967295 4261412864 
2
8224 0 2 0 0 
536625150 4280283647 4060071935 4294967295 4261412864 
2
8208 0 2 0 0 
536625150 4280283647 4060071935 4294967295 4261412864 
2
8200 0 2 0 0 
536625150 4280283647 4060071935 4294967295 4261412864 
2
8196 0 2 0 0 
536625150 4280283647 4060071935 4294967295 4261412864 
2
8193 0 2 0 0 
3758350337 0 0 0 0 
2
8192 2147483648 2 0 0 
536625150 4280283647 4060071935 4294967295 4261412864 
2
8192 1073741824 2 0 0 
536625150 4280283647 4060071935 4294967295 4261412864 
2
8192 536870912 2 0 0 
536625150 4280283647 4060071935 4294967295 4261412864 
2
8192 268435456 2 0 0 
536625150 4280283647 4060071935 4294967295 4261412864 
2
8192 134217728 2 0 0 
536625150 4280283647 4060071935 4294967295 4261412864 
2
8192 67108864 2 0 0 
536625150 4280283647 4060071935 4294967295 4261412864 
2
8192 33554432 2 0 0 
536625150 4280283647 4060071935 4294967295 4261412864 
2
8192 262144 2 0 0 
536625150 4280283647 4060071935 4294967295 4261412864 
2
8192 131072 2 0 0 
536625150 4280283647 4060071935 4294967295 4261412864 
2
8192 65536 2 0 0 
536625150 4280283647 4060071935 4294967295 4261412864 
2
8192 16384 2 0 0 
536625150 4280283647 4060071935 4294967295 4261412864 
2
8192 8192 2 0 0 
536625150 4280283647 4060071935 4294967295 4261412864 
2
8192 64 2 0 0 
536625150 4280283647 4060071935 4294967295 4261412864 
2
8192 32 2 0 0 
536625150 4280283647 4060071935 4294967295 4261412864 
2
8192 16 2 0 0 
536625150 4280283647 4060071935 4294967295 4261412864 
2
8192 8 2 0 0 
536625150 4280283647 4060071935 4294967295 4261412864 
2
8192 4 2 0 0 
536625150 4280283647 4060071935 4294967295 4261412864 
2
8192 2 2 0 0 
536625150 4280283647 4060071935 4294967295 4261412864 
2
8192 1 2 0 0 
536625150 4280283647 4060071935 4294967295 4261412864 
2
8192 0 2147483650 0 0 
536625150 4280283647 4060071935 4294967295 4261412864 
2
8192 0 1073741826 0 0 
536625150 4280283647 4060071935 4294967295 4261412864 
2
8192 0 536870914 0 0 
536625150 4280283647 4060071935 4294967295 4261412864 
2
8192 0 16781312 0 0 
536625150 4280283647 4060076031 4294967295 4261412864 
2
8192 0 4194306 0 0 
536625150 4280283647 4060071935 4294967295 4261412864 
2
8192 0 2101248 0 0 
536625150 4280283647 4060076031 4294967295 4261412864 
2
8192 0 1048578 0 0 
536625150 4280283647 4060071935 4294967295 4261412864 
2
8192 0 524290 0 0 
536625150 4280283647 4060071935 4294967295 4261412864 
2
8192 0 262146 0 0 
536625150 4280283647 4060071935 4294967295 4261412864 
2
8192 0 131074 0 0 
536625150 4280283647 4060071935 4294967295 4261412864 
2
8192 0 65538 0 0 
536625150 4280283647 4060071935 4294967295 4261412864 
2
8192 0 32770 0 0 
536625150 4280283647 4060071935 4294967295 4261412864 
2
8192 0 514 0 0 
536625150 4280283647 4060071935 4294967295 4261412864 
2
8192 0 130 0 0 
536625150 4280283647 4060071935 4294967295 4261412864 
2
8192 0 66 0 0 
536625150 4280283647 4060071935 4294967295 4261412864 
2
8192 0 34 0 0 
536625150 4280283647 4060071935 4294967295 4261412864 
2
8192 0 10 0 0 
536625150 4280283647 4060071935 4294967295 4261412864 
2
8192 0 2 1073741824 0 
536625150 4280283647 4060071935 4294967295 4261412864 
2
8192 0 2 268435456 0 
536625150 4280283647 4060071935 4294967295 4261412864 
2
8192 0 2 134217728 0 
536625150 4280283647 4060071935 4294967295 4261412864 
2
8192 0 2 67108864 0 
536625150 4280283647 4060071935 4294967295 4261412864 
2
8192 0 2 16777216 0 
536625150 4280283647 4060071935 4294967295 4261412864 
2
8192 0 2 131072 0 
536625150 4280283647 4060071935 4294967295 4261412864 
2
8192 0 2 65536 0 
536625150 4280283647 4060071935 4294967295 4261412864 
2
8192 0 2 32768 0 
536625150 4280283647 4060071935 4294967295 4261412864 
2
8192 0 2 16384 0 
536625150 4280283647 4060071935 4294967295 4261412864 
2
8192 0 2 8192 0 
536625150 4280283647 4060071935 4294967295 4261412864 
2
8192 0 2 4096 0 
536625150 4280283647 4060071935 4294967295 4261412864 
2
8192 0 2 2048 0 
536625150 4280283647 4060071935 4294967295 4261412864 
2
8192 0 2 512 0 
536625150 4280283647 4060071935 4294967295 4261412864 
2
4097 0 2 0 0 
4294967295 4280283647 4060071935 4294967295 4261412864 
2
2049 0 2 0 0 
4294967295 4280283647 4060071935 4294967295 4261412864 
2
1025 0 2 0 0 
4294967295 4280283647 4060071935 4294967295 4261412864 
2
1024 536870916 0 0 0 
4261673985 3774812156 267927491 4177522943 3221225472 
2
1024 65540 0 0 0 
4261673985 3237941244 267927491 4177522943 3221225472 
2
1024 20 0 0 0 
4261673985 3237875700 267927491 4177522943 3221225472 
2
1024 4 1048576 0 0 
4261673985 3237875684 267927491 4177522943 3221225472 
2
513 0 2 0 0 
4294967295 4280283647 4060071935 4294967295 4261412864 
2
512 536870916 0 0 0 
4261674497 3774812156 267927491 4177522943 3221225472 
2
512 65540 0 0 0 
4261674497 3237941244 267927491 4177522943 3221225472 
2
512 20 0 0 0 
4261674497 3237875700 267927491 4177522943 3221225472 
2
512 4 1048576 0 0 
4261674497 3237875684 267927491 4177522943 3221225472 
2
257 0 2 0 0 
4294967295 4280283647 4060071935 4294967295 4261412864 
2
256 268435457 0 0 0 
4261674753 4043304959 267927491 4177522943 3221225472 
2
256 16386 0 0 0 
4261674753 3774861310 267927491 4177522943 3221225472 
2
256 16385 0 0 0 
4261674753 3774861311 267927491 4177522943 3221225472 
2
256 8194 0 0 0 
4261674753 3774869502 267927491 4177522943 3221225472 
2
256 8193 0 0 0 
4261674753 3774869503 267927491 4177522943 3221225472 
2
256 8 524288 0 0 
4261674753 3774812152 267927491 4177522943 3221225472 
2
256 8 128 0 0 
256 536936472 1048960 0 0 
2
256 8 64 0 0 
4261674753 3774812152 267403203 4177522943 3221225472 
2
256 0 524416 0 0 
4261674753 3237875680 266878659 4177522943 3221225472 
2
256 0 192 0 0 
4261674753 3237875680 266354371 4177522943 3221225472 
2
256 0 128 134217728 0 
4261674753 3237875680 266354307 4177522943 3221225472 
2
129 0 2 0 0 
4294967295 4280283647 4060071935 4294967295 4261412864 
2
65 0 2 0 0 
4294967295 4280283647 4060071935 4294967295 4261412864 
2
64 536870912 0 16384 0 
4291035073 3774746592 266354179 3774857470 0 
2
64 268435457 0 0 0 
4291035073 4043304959 267927491 4177522943 3221225472 
2
64 65536 0 16384 0 
4291035073 3774812128 266354179 3774857470 0 
2
64 16385 0 0 0 
4291035073 3774861311 267927491 4177522943 3221225472 
2
64 8193 0 0 0 
4291035073 3774869503 267927491 4177522943 3221225472 
2
64 16 0 65536 0 
4291035073 3774812144 266354179 3774808318 0 
2
64 16 0 32768 0 
4291035073 3774812144 266354179 3774841086 0 
2
64 16 0 16384 0 
4291035073 3774812144 266354179 3774857470 0 
2
33 0 2 0 0 
4294967295 4280283647 4060071935 4294967295 4261412864 
2
32 536870912 0 16384 0 
4291035105 3774746592 266354179 3774857470 0 
2
32 268435457 0 0 0 
4291035105 4043304959 267927491 4177522943 3221225472 
2
32 65536 0 16384 0 
4291035105 3774812128 266354179 3774857470 0 
2
32 16385 0 0 0 
4291035105 3774861311 267927491 4177522943 3221225472 
2
32 8193 0 0 0 
4291035105 3774869503 267927491 4177522943 3221225472 
2
32 16 0 65536 0 
4291035105 3774812144 266354179 3774808318 0 
2
32 16 0 32768 0 
4291035105 3774812144 266354179 3774841086 0 
2
32 16 0 16384 0 
4291035105 3774812144 266354179 3774857470 0 
2
17 0 2 0 0 
4294967295 4280283647 4060071935 4294967295 4261412864 
2
16 536870912 0 65536 0 
4291035121 3774746592 266354179 3774808318 0 
2
16 536870912 0 32768 0 
4291035121 3774746592 266354179 3774841086 0 
2
16 536870912 0 16384 0 
4291035121 3774746592 266354179 3774857470 0 
2
16 268435457 0 0 0 
4291035121 4043304959 267927491 4177522943 3221225472 
2
16 167772160 0 0 0 
4291297267 4227858431 4294967295 4294967295 4261412864 
2
16 134217729 0 0 0 
4291035121 4177522687 267927491 4177522943 3221225472 
2
16 65536 0 65536 0 
4291035121 3774812128 266354179 3774808318 0 
2
16 65536 0 32768 0 
4291035121 3774812128 266354179 3774841086 0 
2
16 65536 0 16384 0 
4291035121 3774812128 266354179 3774857470 0 
2
16 16386 0 0 0 
4291035121 3774861310 267927491 4177522943 3221225472 
2
16 16385 0 0 0 
4291035121 3774861311 267927491 4177522943 3221225472 
2
16 8194 0 0 0 
4291035121 3774869502 267927491 4177522943 3221225472 
2
16 8193 0 0 0 
4291035121 3774869503 267927491 4177522943 3221225472 
2
16 16 0 65536 0 
4291035121 3774812144 266354179 3774808318 0 
2
16 16 0 32768 0 
4291035121 3774812144 266354179 3774841086 0 
2
16 16 0 16384 0 
4291035121 3774812144 266354179 3774857470 0 
2
16 8 524288 0 0 
4291035121 3774812152 267927491 4177522943 3221225472 
2
16 8 64 0 0 
4291035121 3774812152 267403203 4177522943 3221225472 
2
9 0 2 0 0 
4294967295 4280283647 4060071935 4294967295 4261412864 
2
5 0 2 0 0 
4294967295 4280283647 4060071935 4294967295 4261412864 
2
4 134217729 0 0 0 
4294705149 4177522687 267927491 4177522943 3221225472 
2
1 2147483648 2 0 0 
4294967295 4280283647 4060071935 4294967295 4261412864 
2
1 1073741824 2 0 0 
4294967295 4280283647 4060071935 4294967295 4261412864 
2
1 536870912 2 0 0 
4294967295 4280283647 4060071935 4294967295 4261412864 
2
1 268435456 2 0 0 
4294967295 4280283647 4060071935 4294967295 4261412864 
2
1 134217728 2 0 0 
4294967295 4280283647 4060071935 4294967295 4261412864 
2
1 67108864 2 0 0 
4294967295 4280283647 4060071935 4294967295 4261412864 
2
1 33554432 2 0 0 
4294967295 4280283647 4060071935 4294967295 4261412864 
2
1 262144 2 0 0 
4294967295 4280283647 4060071935 4294967295 4261412864 
2
1 131072 2 0 0 
4294967295 4280283647 4060071935 4294967295 4261412864 
2
1 65536 2 0 0 
4294967295 4280283647 4060071935 4294967295 4261412864 
2
1 16384 2 0 0 
4294967295 4280283647 4060071935 4294967295 4261412864 
2
1 8192 2 0 0 
4294967295 4280283647 4060071935 4294967295 4261412864 
2
1 64 2 0 0 
4294967295 4280283647 4060071935 4294967295 4261412864 
2
1 32 2 0 0 
4294967295 4280283647 4060071935 4294967295 4261412864 
2
1 16 2 0 0 
4294967295 4280283647 4060071935 4294967295 4261412864 
2
1 8 2 0 0 
4294967295 4280283647 4060071935 4294967295 4261412864 
2
1 4 2 0 0 
4294967295 4280283647 4060071935 4294967295 4261412864 
2
1 2 2 0 0 
4294967295 4280283647 4060071935 4294967295 4261412864 
2
1 1 2 0 0 
4294967295 4280283647 4060071935 4294967295 4261412864 
2
1 0 2147483650 0 0 
4294967295 4280283647 4060071935 4294967295 4261412864 
2
1 0 1073741826 0 0 
4294967295 4280283647 4060071935 4294967295 4261412864 
2
1 0 536870914 0 0 
4294967295 4280283647 4060071935 4294967295 4261412864 
2
1 0 16781312 0 0 
4294967295 4280283647 4060076031 4294967295 4261412864 
2
1 0 4194306 0 0 
4294967295 4280283647 4060071935 4294967295 4261412864 
2
1 0 2101248 0 0 
4294967295 4280283647 4060076031 4294967295 4261412864 
2
1 0 2097154 0 0 
4294967295 4280283647 4060071935 4294967295 4261412864 
2
1 0 1048578 0 0 
4294967295 4280283647 4060071935 4294967295 4261412864 
2
1 0 524290 0 0 
4294967295 4280283647 4060071935 4294967295 4261412864 
2
1 0 262146 0 0 
4294967295 4280283647 4060071935 4294967295 4261412864 
2
1 0 131074 0 0 
4294967295 4280283647 4060071935 4294967295 4261412864 
2
1 0 65538 0 0 
4294967295 4280283647 4060071935 4294967295 4261412864 
2
1 0 32770 0 0 
4294967295 4280283647 4060071935 4294967295 4261412864 
2
1 0 514 0 0 
4294967295 4280283647 4060071935 4294967295 4261412864 
2
1 0 130 0 0 
4294967295 4280283647 4060071935 4294967295 4261412864 
2
1 0 66 0 0 
4294967295 4280283647 4060071935 4294967295 4261412864 
2
1 0 34 0 0 
4294967295 4280283647 4060071935 4294967295 4261412864 
2
1 0 10 0 0 
4294967295 4280283647 4060071935 4294967295 4261412864 
2
1 0 2 1073741824 0 
4294967295 4280283647 4060071935 4294967295 4261412864 
2
1 0 2 268435456 0 
4294967295 4280283647 4060071935 4294967295 4261412864 
2
1 0 2 134217728 0 
4294967295 4280283647 4060071935 4294967295 4261412864 
2
1 0 2 67108864 0 
4294967295 4280283647 4060071935 4294967295 4261412864 
2
1 0 2 16777216 0 
4294967295 4280283647 4060071935 4294967295 4261412864 
2
1 0 2 131072 0 
4294967295 4280283647 4060071935 4294967295 4261412864 
2
1 0 2 65536 0 
4294967295 4280283647 4060071935 4294967295 4261412864 
2
1 0 2 32768 0 
4294967295 4280283647 4060071935 4294967295 4261412864 
2
1 0 2 16384 0 
4294967295 4280283647 4060071935 4294967295 4261412864 
2
1 0 2 8192 0 
4294967295 4280283647 4060071935 4294967295 4261412864 
2
1 0 2 4096 0 
4294967295 4280283647 4060071935 4294967295 4261412864 
2
1 0 2 2048 0 
4294967295 4280283647 4060071935 4294967295 4261412864 
2
1 0 2 512 0 
4294967295 4280283647 4060071935 4294967295 4261412864 
2
0 536870920 524288 0 0 
4294967295 4294967295 4294967295 4294967295 4261412864 
2
0 536870920 128 0 0 
0 536936472 1048960 0 0 
2
0 536870920 64 0 0 
4294967295 4294967295 4294967295 4294967295 4261412864 
2
0 536870916 1048576 0 0 
4294967295 4294901735 4294967295 4294967295 4261412864 
2
0 536870916 1048576 0 0 
0 536936476 1048576 0 0 
2
0 536870916 524288 0 0 
4294967295 4294967295 4294967295 4294967295 4261412864 
2
0 536870916 128 0 0 
4294967295 4294901735 4293918463 4294967295 4261412864 
2
0 536870916 128 0 0 
0 536936476 1048960 0 0 
2
0 536870916 64 0 0 
4294967295 4294967295 4294443007 4294967295 4261412864 
2
0 436207616 0 0 0 
4294967295 4294967295 4294967295 4294967295 4261412864 
2
0 335544324 0 0 0 
4294705149 4244574204 267927491 4177522943 3221225472 
2
0 301989892 0 0 0 
4294705149 4278128636 267927491 4177522943 3221225472 
2
0 268435461 0 0 0 
4294967295 4294909949 4294967295 4294967295 4261412864 
2
0 167780352 0 0 0 
4294967295 4294967295 4294967295 4294967295 4261412864 
2
0 67108864 2147745792 0 0 
4294705149 4244631551 2415673283 4177522943 3221225472 
2
0 33554432 2147745792 0 0 
4294705149 4278185983 2415673283 4177522943 3221225472 
2
0 5242880 0 2097152 0 
4294967295 4284477951 4060071933 4282384159 4261412864 
2
0 5242880 0 1048576 0 
4294967295 4284477951 4060071933 4280287007 4261412864 
2
0 5242880 0 524288 0 
4294967295 4284477951 4060071933 4279238431 4261412864 
2
0 4325376 2 0 0 
4294967295 4284477951 4060071935 4294967295 4261412864 
2
0 4325376 0 2097152 0 
4294967295 4284477951 4060071933 4282384159 4261412864 
2
0 4325376 0 1048576 0 
4294967295 4284477951 4060071933 4280287007 4261412864 
2
0 4325376 0 524288 0 
4294967295 4284477951 4060071933 4279238431 4261412864 
2
0 4194560 0 2097152 0 
4294967295 4284477951 4060071933 4282384159 4261412864 
2
0 4194560 0 1048576 0 
4294967295 4284477951 4060071933 4280287007 4261412864 
2
0 4194560 0 524288 0 
4294967295 4284477951 4060071933 4279238431 4261412864 
2
0 4194304 67108864 2097152 0 
4294967295 4284477951 4060071933 4282384159 4261412864 
2
0 4194304 16781312 0 0 
4294967295 4284477951 4060076031 4294967295 4261412864 
2
0 4194304 16777218 0 0 
4294967295 4284477951 4060071935 4294967295 4261412864 
2
0 4194304 16777216 2097152 0 
4294967295 4284477951 4060071933 4282384159 4261412864 
2
0 4194304 16777216 1048576 0 
4294967295 4284477951 4060071933 4280287007 4261412864 
2
0 4194304 16777216 524288 0 
4294967295 4284477951 4060071933 4279238431 4261412864 
2
0 4194304 1024 2097152 0 
4294967295 4284477951 4060071933 4282384159 4261412864 
2
0 4194304 1024 1048576 0 
4294967295 4284477951 4060071933 4280287007 4261412864 
2
0 4194304 1024 524288 0 
4294967295 4284477951 4060071933 4279238431 4261412864 
2
0 4194304 514 0 0 
4294967295 4284477951 4060071935 4294967295 4261412864 
2
0 4194304 512 2097152 0 
4294967295 4284477951 4060071933 4282384159 4261412864 
2
0 4194304 512 1048576 0 
4294967295 4284477951 4060071933 4280287007 4261412864 
2
0 4194304 512 524288 0 
4294967295 4284477951 4060071933 4279238431 4261412864 
2
0 4194304 2 1073741824 0 
4294967295 4284477951 4060071935 4294967295 4261412864 
2
0 4194304 2 268435456 0 
4294967295 4284477951 4060071935 4294967295 4261412864 
2
0 4194304 2 131072 0 
4294967295 4284477951 4060071935 4294967295 4261412864 
2
0 4194304 2 65536 0 
4294967295 4284477951 4060071935 4294967295 4261412864 
2
0 4194304 2 32768 0 
4294967295 4284477951 4060071935 4294967295 4261412864 
2
0 4194304 2 16384 0 
4294967295 4284477951 4060071935 4294967295 4261412864 
2
0 4194304 2 8192 0 
4294967295 4284477951 4060071935 4294967295 4261412864 
2
0 4194304 0 2149580800 0 
4294967295 4284477951 4060071933 4282384159 4261412864 
2
0 4194304 0 2148532224 0 
4294967295 4284477951 4060071933 4280287007 4261412864 
2
0 4194304 0 2148007936 0 
4294967295 4284477951 4060071932 4279238431 4261412864 
2
0 4194304 0 1075838976 0 
4294967295 4284477951 4060071933 4282384159 4261412864 
2
0 4194304 0 1074790400 0 
4294967295 4284477951 4060071933 4280287007 4261412864 
2
0 4194304 0 1074266112 0 
4294967295 4284477951 4060071933 4279238431 4261412864 
2
0 4194304 0 270532608 0 
4294967295 4284477951 4060071933 4282384159 4261412864 
2
0 4194304 0 269484032 0 
4294967295 4284477951 4060071933 4280287007 4261412864 
2
0 4194304 0 268959744 0 
4294967295 4284477951 4060071933 4279238431 4261412864 
2
0 4194304 0 2359296 0 
4294967295 4284477951 4060071933 4282384159 4261412864 
2
0 4194304 0 2228224 0 
4294967295 4284477951 4060071933 4282384159 4261412864 
2
0 4194304 0 2162688 0 
4294967295 4284477951 4060071933 4282384159 4261412864 
2
0 4194304 0 2129920 0 
4294967295 4284477951 4060071933 4282384159 4261412864 
2
0 4194304 0 2113536 0 
4294967295 4284477951 4060071933 4282384159 4261412864 
2
0 4194304 0 2105344 0 
4294967295 4284477951 4060071933 4282384159 4261412864 
2
0 4194304 0 1310720 0 
4294967295 4284477951 4060071933 4280287007 4261412864 
2
0 4194304 0 1179648 0 
4294967295 4284477951 4060071933 4280287007 4261412864 
2
0 4194304 0 1114112 0 
4294967295 4284477951 4060071933 4280287007 4261412864 
2
0 4194304 0 1081344 0 
4294967295 4284477951 4060071933 4280287007 4261412864 
2
0 4194304 0 1064960 0 
4294967295 4284477951 4060071933 4280287007 4261412864 
2
0 4194304 0 1056768 0 
4294967295 4284477951 4060071933 4280287007 4261412864 
2
0 4194304 0 786432 0 
4294967295 4284477951 4060071933 4279238431 4261412864 
2
0 4194304 0 655360 0 
4294967295 4284477951 4060071933 4279238431 4261412864 
2
0 4194304 0 589824 0 
4294967295 4284477951 4060071933 4279238431 4261412864 
2
0 4194304 0 557056 0 
4294967295 4284477951 4060071933 4279238431 4261412864 
2
0 4194304 0 540672 0 
4294967295 4284477951 4060071933 4279238431 4261412864 
2
0 4194304 0 532480 0 
4294967295 4284477951 4060071933 4279238431 4261412864 
2
0 65544 524288 0 0 
4294967295 4294967295 4294967295 4294967295 4261412864 
2
0 65544 128 0 0 
0 65560 1048960 0 0 
2
0 65544 64 0 0 
4294967295 4294967295 4294967295 4294967295 4261412864 
2
0 65540 1048576 0 0 
4294967295 4294967271 4294967295 4294967295 4261412864 
2
0 65540 1048576 0 0 
0 65564 1048576 0 0 
2
0 65540 524288 0 0 
4294967295 4294967295 4294967295 4294967295 4261412864 
2
0 65540 128 0 0 
4294967295 4294967271 4293918463 4294967295 4261412864 
2
0 65540 128 0 0 
0 65564 1048960 0 0 
2
0 65540 64 0 0 
4294967295 4294967295 4294443007 4294967295 4261412864 
2
0 8197 0 0 0 
4294967295 4294918141 4294967295 4294967295 4261412864 
2
0 24 524288 0 0 
4294967295 4294967295 4294967295 4294967295 4261412864 
2
0 24 128 0 0 
0 16 1048960 0 0 
2
0 24 64 0 0 
4294967295 4294967295 4294967295 4294967295 4261412864 
2
0 20 524288 0 0 
4294967295 4294967287 4294967295 4294967295 4261412864 
2
0 20 128 0 0 
0 16 1048960 0 0 
2
0 20 64 0 0 
4294967295 4294967287 4294443007 4294967295 4261412864 
2
0 16 524288 16384 0 
4294967295 4294967295 4293918271 3892301822 1040187392 
2
0 16 64 65536 0 
4294967295 4294967295 4293918335 3892252670 1040187392 
2
0 16 64 32768 0 
4294967295 4294967295 4293918335 3892285438 1040187392 
2
0 16 64 16384 0 
4294967295 4294967295 4293918335 3892301822 1040187392 
2
0 8 1572864 0 0 
4294967295 4294967295 4294967295 4294967295 4261412864 
2
0 8 1048640 0 0 
4294967295 4294967295 4294967295 4294967295 4261412864 
2
0 8 128 134217728 0 
4294967295 4294967295 4294967295 4294967295 4261412864 
2
0 4 1572864 0 0 
4294967295 4294967295 4294967295 4294967295 4261412864 
2
0 4 1048640 0 0 
4294967295 4294967295 4294443007 4294967295 4261412864 
2
0 4 128 134217728 0 
4294967295 4294967295 4294442943 4294967295 4261412864 
2
0 4 128 134217728 0 
0 4 524480 134217728 0 
2
0 2 524416 0 0 
4294967295 4294967295 4294967295 4294967295 4261412864 
2
0 2 192 0 0 
4294967295 4294967295 4294967295 4294967295 4261412864 
2
0 2 128 134217728 0 
4294967295 4294967295 4294967295 4294967295 4261412864 
2
0 0 1572864 16384 0 
4294967295 4294967295 4294966847 3892301822 1040187392 
2
0 0 1048640 65536 0 
4294967295 4294967295 4294966911 3892252670 1040187392 
2
0 0 1048640 32768 0 
4294967295 4294967295 4294966911 3892285438 1040187392 
2
0 0 1048640 16384 0 
4294967295 4294967295 4294966911 3892301822 1040187392 
2
0 0 524416 16384 0 
4294967295 4294967295 4294967231 3892301822 1040187392 
2
0 0 192 16384 0 
4294967295 4294967295 4294967295 3892301822 1040187392 
2
0 0 128 134283264 0 
4294967295 4294967295 4294967295 4026470398 1040187392 
2
0 0 128 134250496 0 
4294967295 4294967295 4294967295 4026503166 1040187392 
2
0 0 128 134234112 0 
4294967295 4294967295 4294967295 4026519550 1040187392 
2
0 0 64 268451840 0 
4294967295 4294967295 4294967295 4160737278 1040187392 
2
0 0 0 402669568 0 
4294967295 4294967295 4294967295 4294955006 1040187392 
2
0 0 0 268455936 0 
4294967295 4294967295 4294967295 4294959102 1040187392 
2
0 0 0 5505024 0 
0 0 0 15728864 0 
2
0 0 0 4980736 0 
0 0 0 16253152 0 
2
0 8196 2147614720 16777216 0 
4294967295 4294918140 4294705119 4194300159 3221225472 
2
0 8196 2147614752 0 0 
4294967295 4294918140 4294705151 4294967295 4261412864 
2
0 8196 2147614752 16777216 0 
4294967295 4294918140 4294705119 4194300159 3221225472 
6
0 8196 2147647488 16777216 0 
4294967295 4294918140 4294705119 4194300159 3221225472 
2
512 8196 2147614752 0 0 
4294967295 4294918140 4294705151 4294967295 4261412864 
2
512 8196 2147614752 16777216 0 
4294967295 4294918140 4294705119 4194300159 3221225472 
6
512 8196 2147647488 16777216 0 
4294967295 4294918140 4294705119 4194300159 3221225472 
2
512 73732 2147614752 0 0 
33293310 1057042432 4026777660 117444352 1040187392 
2
512 73732 2147614752 16777216 0 
33293310 1057042432 4026777628 16777216 0 
6
512 73732 2147647488 16777216 0 
33293310 1057042432 4026777628 16777216 0 
2
512 73732 2684485664 0 0 
33293310 1057042432 4026777660 117444352 1040187392 
2
512 73732 2684485664 16777216 0 
33293310 1057042432 4026777628 16777216 0 
6
544 73732 2147647488 16777216 0 
3932222 520105984 4026777628 16777216 0 
2
512 73732 2684518432 0 0 
33293310 1057042432 4026777660 117444352 1040187392 
2
512 73732 2684518432 16777216 0 
33293310 1057042432 4026777628 16777216 0 
6
