4
0 1 2 3 
879
20971520 0 0 0 
4286578687 4294967295 4294967295 4294967280 
2147483647
16781312 0 0 0 
4261412863 4294967295 4294967295 4294967280 
2147483647
8392704 0 0 0 
4244635647 4294967295 4294967295 4294967280 
2147483647
5242880 0 0 0 
4292870143 4294967295 4294967295 4294967280 
2147483647
4198400 0 0 0 
4236247039 4294967295 4294967295 4294967280 
2147483647
10 0 0 0 
4294967291 4294967295 4294967295 4294967280 
2147483647
1 1073741824 0 0 
4294967295 2147483647 4294967295 4294967280 
2147483647
0 16777728 0 0 
4294967295 4294950911 4294967295 4294967280 
2147483647
0 1048832 0 0 
4294967295 4294958975 4294967295 4294967280 
2147483647
0 1048576 536870912 0 
4294967295 4294958719 4294967295 4294967280 
2147483647
0 1048576 262144 0 
4294967295 4294958719 3758096383 4294967280 
2147483647
0 8192 536870912 0 
4294967295 4294966911 4294967295 4294967280 
2147483647
0 8192 262144 0 
4294967295 4294966911 3758096383 4294967280 
2147483647
0 2056 0 0 
4294967295 4294966267 4294967295 4294967280 
2147483647
0 256 262144 0 
4294967295 4294967167 3758096383 4294967280 
2147483647
0 32 268435456 0 
4294967295 4294967231 4294967295 4294967280 
2147483647
0 0 2149580800 0 
4294967295 4294967295 3221225471 4294967280 
2147483647
0 0 526336 0 
4294967295 4294967295 4293917695 4294967280 
2147483647
0 0 65568 0 
4294967295 4294967295 4294967279 4093640688 
2147483647
0 0 320 0 
4294967295 4294967295 4294967167 4294967280 
2147483647
0 0 48 0 
4294967295 4294967295 4294967295 4093640688 
2147483647
0 16777216 524288 0 
4294967295 4294950396 1041171440 2147483632 
8
24 0 0 0 
4294967295 4294967295 4294967295 4294967280 
6
2 0 524288 0 
3824950787 4263493116 1041171440 2147483632 
6
0 16384 524288 0 
4294967295 4294966780 1041171440 2147483632 
6
48 0 0 0 
4294967295 4294967295 4294967295 4294967280 
4
4 0 524288 0 
3824950791 4263493116 1041171440 2147483632 
4
0 512 524288 0 
4294967295 4294967292 1041171440 2147483632 
4
0 0 768 0 
0 0 768 1946157040 
4
0 0 640 0 
0 0 896 1946157040 
4
0 0 576 0 
0 0 960 1946157040 
4
0 0 544 0 
0 0 992 1946157040 
4
0 0 288 0 
0 0 480 0 
4
0 0 0 805306368 
0 0 0 1946157040 
4
32896 0 0 0 
3825008383 4294967295 4294967295 4294967280 
2
32832 0 0 0 
3825008255 4294967295 4294967295 4294967280 
2
16448 0 0 0 
3824975487 4294967295 4294967295 4294967280 
2
512 67108864 0 0 
4294967295 4294967295 4294967295 4294967280 
2
192 0 0 0 
4294967295 4294967295 4294967295 4294967280 
2
96 0 0 0 
4294967295 4294967295 4294967295 4294967280 
2
8 0 524288 0 
3824950799 4263493116 1041171440 2147483632 
2
0 67174400 0 0 
4294967295 4294967295 4294967295 4294967280 
2
0 16777217 0 0 
4294967295 4294950399 4294967295 4294967280 
2
0 69632 0 0 
4294967295 4294967295 4294967295 4294967280 
2
0 16385 0 0 
4294967295 4294966783 4294967295 4294967280 
2
0 4112 0 0 
4294967295 4294967295 4294967295 4294967280 
2
0 513 0 0 
4294967295 4294967295 4294967295 4294967280 
2
0 1 8388608 0 
4294967295 4294967295 4294967295 4294967280 
2
0 1 524288 0 
4294967295 4294967293 1041171440 2147483632 
2
0 0 201326592 0 
4294967295 4294967295 4294967295 4294967280 
2
0 0 8404992 0 
4294967295 4294967295 4294967295 4294967280 
2
0 0 262400 0 
0 0 262912 1946157040 
2
0 0 262272 0 
0 0 263040 1946157040 
2
0 0 262208 0 
0 0 263104 1946157040 
2
0 0 262176 0 
0 0 263136 1946157040 
2
0 0 6144 0 
4294967295 4294967295 4294967295 4294967280 
2
0 0 512 536870912 
4294967295 4294967295 4294967295 4294967280 
2
0 0 512 268435456 
0 0 512 1946157040 
2
0 0 288 0 
4294967295 4294967295 4294967103 4294967280 
2
0 0 160 0 
4294967295 4294967295 4294967231 4294967280 
2
0 0 96 0 
4294967295 4294967295 4294967295 4294967280 
2
18876416 0 0 0 
4282384383 4294967295 4294967295 4294967280 
2147483647
18874370 0 0 0 
50335746 0 0 0 
2147483647
17827840 0 0 0 
4280287231 4294967295 4294967295 4294967280 
2147483647
17825794 0 0 0 
50335746 0 0 0 
2147483647
16777225 0 0 0 
4261408761 4294967295 4294967295 4294967280 
2147483647
16777221 0 0 0 
4261408765 4294967295 4294967295 4294967280 
2147483647
10489856 0 0 0 
58724352 0 0 0 
2147483647
10487808 0 0 0 
4290772991 4294967295 4294967295 4294967280 
2147483647
10485762 0 0 0 
58724354 0 0 0 
2147483647
9441280 0 0 0 
58724352 0 0 0 
2147483647
9439232 0 0 0 
4288675839 4294967295 4294967295 4294967280 
2147483647
9437186 0 0 0 
58724354 0 0 0 
2147483647
8388617 0 0 0 
4244631545 4294967295 4294967295 4294967280 
2147483647
8388613 0 0 0 
4244631549 4294967295 4294967295 4294967280 
2147483647
4980736 0 0 0 
533725183 4294967295 4294967295 4294967280 
2147483647
4719104 0 0 0 
533463039 4294967295 4294967295 4294967280 
2147483647
4194313 0 0 0 
4236242937 4294967295 4294967295 4294967280 
2147483647
4194309 0 0 0 
4236242941 4294967295 4294967295 4294967280 
2147483647
2883584 0 0 0 
535822335 4294967295 4294967295 4294967280 
2147483647
2621952 0 0 0 
535560191 4294967295 4294967295 4294967280 
2147483647
2103296 0 0 0 
4232052735 4294967295 4294967295 4294967280 
2147483647
1835008 0 0 0 
536870911 4294967295 4294967295 4294967280 
2147483647
1573376 0 0 0 
536608767 4294967295 4294967295 4294967280 
2147483647
1054720 0 0 0 
4229955583 4294967295 4294967295 4294967280 
2147483647
98432 0 0 0 
3825008383 4294967295 4294967295 4294967280 
2147483647
98368 0 0 0 
3825008255 4294967295 4294967295 4294967280 
2147483647
49280 0 0 0 
3825008383 4294967295 4294967295 4294967280 
2147483647
49216 0 0 0 
3824975487 4294967295 4294967295 4294967280 
2147483647
16432 0 0 0 
4294959103 4294967295 4294967295 4294967280 
2147483647
16408 0 0 0 
4294959103 4294967295 4294967295 4294967280 
2147483647
4105 0 0 0 
4294967289 4294967295 4294967295 4294967280 
2147483647
4101 0 0 0 
4294967293 4294967295 4294967295 4294967280 
2147483647
2049 536870912 0 0 
4294967295 1073741823 4294967295 4294967280 
2147483647
2048 2684354560 0 0 
4294967295 3221225471 4294967295 4294967280 
2147483647
512 67141632 0 0 
4294967295 4261412863 4294967295 4294967280 
2147483647
64 16777216 524288 0 
0 16794115 3254320143 2147483648 
2147483647
64 16777216 262144 0 
0 16794115 3254582287 2147483648 
2147483647
64 16777216 2048 0 
0 16794115 3252746255 2147483648 
2147483647
64 16384 524288 0 
0 16899 3254320143 2147483648 
2147483647
64 16384 262144 0 
0 16899 3254582287 2147483648 
2147483647
64 16384 2048 0 
0 16899 3252746255 2147483648 
2147483647
64 512 524288 0 
0 515 3254320143 2147483648 
2147483647
64 512 262144 0 
0 515 3254582287 2147483648 
2147483647
64 512 2048 0 
0 515 3252746255 2147483648 
2147483647
24 8388608 0 0 
4294967295 4288675839 4294967295 4294967280 
2147483647
24 4194304 0 0 
4294967295 4292870143 4294967295 4294967280 
2147483647
24 0 524288 0 
3824950799 4263493116 1041171440 2147483632 
2147483647
20 8388608 0 0 
4294967287 4288675839 4294967295 4294967280 
2147483647
20 4194304 0 0 
4294967287 4292870143 4294967295 4294967280 
2147483647
20 0 524288 0 
3824950791 4263493116 1041171440 2147483632 
2147483647
18 8388608 0 0 
4294967283 4288675839 4294967295 4294967280 
2147483647
18 4194304 0 0 
4294967283 4292870143 4294967295 4294967280 
2147483647
18 0 524288 0 
3824950787 4263493116 1041171440 2147483632 
2147483647
9 0 524288 0 
470016504 31474179 3254320143 2147483648 
2147483647
9 0 262144 0 
470016504 31474179 3254582287 2147483648 
2147483647
9 0 2048 0 
470016504 31474179 3252746255 2147483648 
2147483647
8 2147483648 524288 0 
470016504 31474179 3254320143 2147483648 
2147483647
8 2147483648 262144 0 
470016504 31474179 3254582287 2147483648 
2147483647
8 2147483648 2048 0 
470016504 31474179 3252746255 2147483648 
2147483647
8 1073741824 524288 0 
470016504 31474179 3254320143 2147483648 
2147483647
8 1073741824 262144 0 
470016504 31474179 3254582287 2147483648 
2147483647
8 1073741824 2048 0 
470016504 31474179 3252746255 2147483648 
2147483647
5 0 524288 0 
470016508 31474179 3254320143 2147483648 
2147483647
5 0 262144 0 
470016508 31474179 3254582287 2147483648 
2147483647
5 0 2048 0 
470016508 31474179 3252746255 2147483648 
2147483647
4 2147483648 524288 0 
470016508 31474179 3254320143 2147483648 
2147483647
4 2147483648 262144 0 
470016508 31474179 3254582287 2147483648 
2147483647
4 2147483648 2048 0 
470016508 31474179 3252746255 2147483648 
2147483647
4 1073741824 524288 0 
470016508 31474179 3254320143 2147483648 
2147483647
4 1073741824 262144 0 
470016508 31474179 3254582287 2147483648 
2147483647
4 1073741824 2048 0 
470016508 31474179 3252746255 2147483648 
2147483647
2 2148532224 0 0 
4294967294 4294967295 4294967295 4294967280 
2147483647
2 2147491840 0 0 
4294967294 4293918719 4294967295 4294967280 
2147483647
2 2147483904 0 0 
4294967294 4293910399 4294967295 4294967280 
2147483647
2 2147483648 536870912 0 
4294967294 4293910143 4294967295 4294967280 
2147483647
2 2147483648 524288 0 
470016510 31474179 3254320143 2147483648 
2147483647
2 2147483648 262144 0 
3824950786 4262435964 503776240 2147483632 
2147483647
2 2147483648 262144 0 
470016510 31474179 3254582287 2147483648 
2147483647
2 2147483648 2048 0 
470016510 31474179 3252746255 2147483648 
2147483647
2 2147483648 512 0 
3824950786 4262435964 503514096 2147483632 
2147483647
2 2147483648 256 0 
3824950786 4262435964 503513584 201326592 
2147483647
2 2147483648 128 0 
3824950786 4262435964 503513328 201326592 
2147483647
2 2147483648 64 0 
3824950786 4262435964 503513200 201326592 
2147483647
2 1074790400 0 0 
4294967294 2147483647 4294967295 4294967280 
2147483647
2 1073750016 0 0 
4294967294 2146435071 4294967295 4294967280 
2147483647
2 1073742080 0 0 
4294967294 2146426751 4294967295 4294967280 
2147483647
2 1073741824 536870912 0 
4294967294 2146426495 4294967295 4294967280 
2147483647
2 1073741824 524288 0 
470016510 31474179 3254320143 2147483648 
2147483647
2 1073741824 262144 0 
3824950786 2114952316 503776240 2147483632 
2147483647
2 1073741824 262144 0 
470016510 31474179 3254582287 2147483648 
2147483647
2 1073741824 2048 0 
470016510 31474179 3252746255 2147483648 
2147483647
2 1073741824 512 0 
3824950786 2114952316 503514096 2147483632 
2147483647
2 1073741824 256 0 
3824950786 2114952316 503513584 201326592 
2147483647
2 1073741824 128 0 
3824950786 2114952316 503513328 201326592 
2147483647
2 1073741824 64 0 
3824950786 2114952316 503513200 201326592 
2147483647
1 256 512 0 
1 1057024 0 0 
2147483647
1 0 536871424 0 
1 1057152 536870912 0 
2147483647
0 1342439424 0 0 
4294967295 3757572095 4294967295 4294967280 
2147483647
0 1342308352 0 0 
4294967295 3757309951 4294967295 4294967280 
2147483647
0 67207168 0 0 
4294967295 4261412863 4294967295 4294967280 
2147483647
0 16777217 2147483648 0 
4294967295 4294950399 4294967295 4294967280 
2147483647
0 16777217 524288 0 
4294967295 4294950396 1041171440 2147483632 
2147483647
0 16777216 8912896 0 
4294967295 4294950396 1041171440 2147483632 
2147483647
0 1048576 536871424 0 
0 1057152 536870912 0 
2147483647
0 1048576 524800 0 
4294967295 4294958719 3757834239 4294967280 
2147483647
0 1048576 2560 0 
4294967295 4294958719 3756260351 4294967280 
2147483647
0 1048576 768 0 
0 0 768 1946157040 
2147483647
0 1048576 512 268435456 
0 0 512 1946157040 
2147483647
0 16385 2147483648 0 
4294967295 4294966783 4294967295 4294967280 
2147483647
0 16385 524288 0 
4294967295 4294966780 1041171440 2147483632 
2147483647
0 16384 8912896 0 
4294967295 4294966780 1041171440 2147483632 
2147483647
0 8192 536871424 0 
0 8576 536870912 0 
2147483647
0 8192 524800 0 
4294967295 4294966911 3757834239 4294967280 
2147483647
0 8192 2560 0 
4294967295 4294966911 3756260351 4294967280 
2147483647
0 8192 768 0 
0 0 768 1946157040 
2147483647
0 8192 512 268435456 
0 0 512 1946157040 
2147483647
0 2064 67108864 0 
4294967295 4294966259 4261412863 4294967280 
2147483647
0 513 524288 0 
4294967295 4294967292 1041171440 2147483632 
2147483647
0 512 8912896 0 
4294967295 4294967292 1041171440 2147483632 
2147483647
0 256 524800 0 
4294967295 4294967167 3757834239 4294967280 
2147483647
0 256 2560 0 
4294967295 4294967167 3756260351 4294967280 
2147483647
0 256 768 0 
0 0 768 1946157040 
2147483647
0 256 512 268435456 
0 0 512 1946157040 
2147483647
0 32 134348800 0 
4294967295 4294967231 4026531839 4294967280 
2147483647
0 24 67108864 0 
4294967295 4294967295 4261412863 4294967280 
2147483647
0 1 8912896 0 
4294967295 4294967293 1041171440 2147483632 
2147483647
0 0 537395712 0 
4294967295 4294967295 4294705151 4294967280 
2147483647
0 0 536873472 0 
4294967295 4294967295 4293131263 4294967280 
2147483647
0 0 536871680 0 
0 0 768 1946157040 
2147483647
0 0 536871424 268435456 
0 0 512 1946157040 
2147483647
0 0 268435744 0 
4294967295 4294967295 4294967103 4294967280 
2147483647
0 0 268435616 0 
4294967295 4294967295 4294967231 4294967280 
2147483647
0 0 268435552 0 
4294967295 4294967295 4294967295 4294967280 
2147483647
0 0 530432 0 
0 0 1575936 0 
2147483647
0 0 268288 0 
0 0 1838080 0 
2147483647
0 0 262400 536870912 
4294967295 4294967295 4294966783 2348810240 
2147483647
0 0 262272 536870912 
4294967295 4294967295 4294966527 2348810240 
2147483647
0 0 262208 536870912 
4294967295 4294967295 4294966399 2348810240 
2147483647
0 0 196864 0 
4294967295 4294967295 4294967055 4093640688 
2147483647
0 0 196736 0 
4294967295 4294967295 4294967183 4093640688 
2147483647
0 0 196672 0 
4294967295 4294967295 4294967247 4093640688 
2147483647
0 0 131360 0 
4294967295 4294967295 4294967103 4294967280 
2147483647
0 0 131344 0 
4294967295 4294967295 4294967071 4093640688 
2147483647
0 0 131232 0 
4294967295 4294967295 4294967231 4294967280 
2147483647
0 0 131216 0 
4294967295 4294967295 4294967199 4093640688 
2147483647
0 0 131152 0 
4294967295 4294967295 4294967263 4093640688 
2147483647
0 0 768 536870912 
4294967295 4294967295 4294967295 2348810240 
2147483647
0 0 640 536870912 
4294967295 4294967295 4294967039 2348810240 
2147483647
0 0 576 536870912 
4294967295 4294967295 4294966911 2348810240 
2147483647
0 0 512 570425344 
4294967295 4294967295 4294967295 3221225456 
2147483647
0 0 0 587202560 
4294967295 4294967295 4294967295 3221225456 
2147483647
0 0 536871424 536870912 
4294967295 4294967295 4294967295 4294967280 
22
0 256 512 536870912 
4294967295 4294967167 4294967295 4294967280 
20
0 8192 536870912 536870912 
0 8576 536870912 0 
18
0 8192 262144 536870912 
0 8576 537133056 0 
18
0 8192 512 536870912 
4294967295 4294967295 4294967295 4294967280 
18
0 1048576 536870912 536870912 
0 1057152 536870912 0 
16
0 1048576 262144 536870912 
0 1057152 537133056 0 
16
0 1048576 512 536870912 
4294967295 4294967295 4294967295 4294967280 
16
2 16777216 524288 0 
3824950787 4263493116 1041171440 2147483632 
14
0 32 134217984 0 
4294967295 4294967231 4026334991 4093640688 
14
0 32 67109120 0 
4294967295 4294967231 3892117263 4093640688 
14
0 0 525056 0 
0 0 768 1946157040 
14
9 0 256 0 
470016505 32531331 3791453967 4093640688 
12
5 0 256 0 
470016509 32531331 3791453967 4093640688 
12
4 16777216 524288 0 
3824950791 4263493116 1041171440 2147483632 
12
2 16384 524288 0 
3824950787 4263493116 1041171440 2147483632 
12
1 0 524544 0 
1 1057152 537658112 1946157040 
12
0 1048576 524544 0 
0 1057152 537658112 1946157040 
12
0 8192 524544 0 
0 8576 537658112 1946157040 
12
0 256 524544 0 
0 256 537658112 1946157040 
12
0 32 134217856 0 
4294967295 4294967231 4026335119 4093640688 
12
0 32 67108992 0 
4294967295 4294967231 3892117391 4093640688 
12
0 0 537395456 0 
0 0 537658112 1946157040 
12
0 0 786688 0 
0 0 262912 1946157040 
12
34 0 524288 0 
3824950787 4263493116 1041171440 2147483632 
10
9 0 128 0 
470016505 32531331 3791454095 4093640688 
10
8 16777216 524288 0 
3824950799 4263493116 1041171440 2147483632 
10
5 0 128 0 
470016509 32531331 3791454095 4093640688 
10
4 16384 524288 0 
3824950791 4263493116 1041171440 2147483632 
10
2 512 524288 0 
3824950787 4263493116 1041171440 2147483632 
10
1 0 524416 0 
1 1057152 537658240 1946157040 
10
0 16777216 540672 0 
4294967295 4294950396 1041171440 2147483632 
10
0 16777216 6144 0 
4294967295 4294950396 1042223088 2147483632 
10
0 1048576 524416 0 
0 1057152 537658240 1946157040 
10
0 1048576 640 0 
0 0 896 1946157040 
10
0 8192 524416 0 
0 8576 537658240 1946157040 
10
0 8192 640 0 
0 0 896 1946157040 
10
0 256 524416 0 
0 256 537658240 1946157040 
10
0 256 640 0 
0 0 896 1946157040 
10
0 32 134217792 0 
4294967295 4294967231 4026335183 4093640688 
10
0 32 67108928 0 
4294967295 4294967231 3892117455 4093640688 
10
0 0 537395328 0 
0 0 537658240 1946157040 
10
0 0 536871552 0 
0 0 896 1946157040 
10
0 0 786560 0 
0 0 263040 1946157040 
10
0 0 524928 0 
0 0 896 1946157040 
10
16777217 0 524288 0 
3791392257 4263493116 1041171440 2147483632 
8
8388609 0 524288 0 
3774615041 4263493116 1041171440 2147483632 
8
4194305 0 524288 0 
3766226433 4263493116 1041171440 2147483632 
8
4097 0 524288 0 
3824950785 4263493116 1041171440 2147483632 
8
36 0 524288 0 
3824950791 4263493116 1041171440 2147483632 
8
9 16777216 0 0 
470016504 31457280 0 0 
8
9 0 64 0 
470016505 32531331 3791454159 4093640688 
8
8 2164260864 0 0 
470016504 31457280 0 0 
8
8 1090519040 0 0 
470016504 31457280 0 0 
8
8 16384 524288 0 
3824950799 4263493116 1041171440 2147483632 
8
5 16777216 0 0 
470016508 31457280 0 0 
8
5 0 64 0 
470016509 32531331 3791454159 4093640688 
8
4 2164260864 0 0 
470016508 31457280 0 0 
8
4 1090519040 0 0 
470016508 31457280 0 0 
8
4 512 524288 0 
3824950791 4263493116 1041171440 2147483632 
8
2 2164260864 0 0 
470016510 31457280 0 0 
8
2 1090519040 0 0 
470016510 31457280 0 0 
8
2 8388608 524288 0 
3824950787 4263493116 1041171440 2147483632 
8
2 4194304 524288 0 
3824950787 4263493116 1041171440 2147483632 
8
2 1 524288 0 
3824950787 4263493116 1041171440 2147483632 
8
2 0 6144 0 
3824950787 4263493116 1042223088 2147483632 
8
1 0 524352 0 
1 1057152 537658304 1946157040 
8
0 17825792 512 0 
4294967295 4294941820 503514096 2147483632 
8
0 16785408 512 0 
4294967295 4294950012 503514096 2147483632 
8
0 16777472 512 0 
4294967295 4294950268 503514096 2147483632 
8
0 16777216 536871424 0 
4294967295 4294950396 1040385008 2147483632 
8
0 1048576 524352 0 
0 1057152 537658304 1946157040 
8
0 1048576 576 0 
0 0 960 1946157040 
8
0 16384 540672 0 
4294967295 4294966780 1041171440 2147483632 
8
0 16384 6144 0 
4294967295 4294966780 1042223088 2147483632 
8
0 8192 524352 0 
0 8576 537658304 1946157040 
8
0 8192 576 0 
0 0 960 1946157040 
8
0 256 524352 0 
0 256 537658304 1946157040 
8
0 256 576 0 
0 0 960 1946157040 
8
0 32 134217760 0 
4294967295 4294967231 4026335215 4093640688 
8
0 32 67108896 0 
4294967295 4294967231 3892117487 4093640688 
8
0 0 537395264 0 
0 0 537658304 1946157040 
8
0 0 536871488 0 
0 0 960 1946157040 
8
0 0 786496 0 
0 0 263104 1946157040 
8
0 0 524864 0 
0 0 960 1946157040 
8
0 0 512 805306368 
0 0 0 1946157040 
8
112 0 0 0 
3824950911 4294967295 4294967295 4294967280 
6
66 16777216 0 0 
3824950787 4280287231 4294967295 4294967280 
6
66 16384 0 0 
3824950787 4263510015 4294967295 4294967280 
6
66 512 0 0 
3824950787 4263493631 4294967295 4294967280 
6
40 0 524288 0 
3824950799 4263493116 1041171440 2147483632 
6
9 16384 0 0 
470016504 31473664 0 0 
6
9 0 32 0 
470016505 32531331 3791454191 4093640688 
6
8 2147500032 0 0 
470016504 31473664 0 0 
6
8 1073758208 0 0 
470016504 31473664 0 0 
6
8 512 524288 0 
3824950799 4263493116 1041171440 2147483632 
6
5 16384 0 0 
470016508 31473664 0 0 
6
5 0 32 0 
470016509 32531331 3791454191 4093640688 
6
4 2147500032 0 0 
470016508 31473664 0 0 
6
4 1073758208 0 0 
470016508 31473664 0 0 
6
4 8388608 524288 0 
3824950791 4263493116 1041171440 2147483632 
6
4 4194304 524288 0 
3824950791 4263493116 1041171440 2147483632 
6
4 1 524288 0 
3824950791 4263493116 1041171440 2147483632 
6
4 0 6144 0 
3824950791 4263493116 1042223088 2147483632 
6
2 2147500032 0 0 
470016510 31473664 0 0 
6
2 1073758208 0 0 
470016510 31473664 0 0 
6
2 1048576 512 0 
3824950787 4263484540 503514096 2147483632 
6
2 8192 512 0 
3824950787 4263492732 503514096 2147483632 
6
2 256 512 0 
3824950787 4263492988 503514096 2147483632 
6
2 0 536871424 0 
3824950787 4263493116 1040385008 2147483632 
6
1 0 524320 0 
1 1057152 537658336 1946157040 
6
0 1064960 512 0 
4294967295 4294958204 503514096 2147483632 
6
0 1048576 524320 0 
0 1057152 537658336 1946157040 
6
0 1048576 544 0 
0 0 992 1946157040 
6
0 1048576 288 0 
0 0 480 0 
6
0 24576 512 0 
4294967295 4294966396 503514096 2147483632 
6
0 16640 512 0 
4294967295 4294966652 503514096 2147483632 
6
0 16384 536871424 0 
4294967295 4294966780 1040385008 2147483632 
6
0 8192 524320 0 
0 8576 537658336 1946157040 
6
0 8192 544 0 
0 0 992 1946157040 
6
0 8192 288 0 
0 0 480 0 
6
0 4120 0 0 
4294967295 4294967295 4294967295 4294967280 
6
0 2072 0 0 
0 3084 0 0 
6
0 512 540672 0 
4294967295 4294967292 1041171440 2147483632 
6
0 512 6144 0 
4294967295 4294967292 1042223088 2147483632 
6
0 256 524320 0 
0 256 537658336 1946157040 
6
0 256 544 0 
0 0 992 1946157040 
6
0 256 288 0 
0 0 480 0 
6
0 0 537395232 0 
0 0 537658336 1946157040 
6
0 0 536871456 0 
0 0 992 1946157040 
6
0 0 536871200 0 
0 0 480 0 
6
0 0 201326608 0 
4294967295 4294967295 4294967295 4294967280 
6
0 0 786464 0 
0 0 263136 1946157040 
6
0 0 524832 0 
0 0 992 1946157040 
6
0 0 524576 0 
0 0 480 0 
6
0 0 262432 0 
0 0 480 0 
6
0 0 262144 805306368 
0 0 0 1946157040 
6
0 0 800 0 
0 0 480 0 
6
0 0 800 0 
0 0 768 1946157040 
6
0 0 672 0 
0 0 896 1946157040 
6
0 0 608 0 
0 0 960 1946157040 
6
0 0 512 541065216 
4294967295 4294967295 4294967295 4294967280 
6
0 0 256 805306368 
0 0 0 1946157040 
6
0 0 256 570425344 
0 0 256 872415216 
6
0 0 128 805306368 
0 0 0 1946157040 
6
0 0 64 805306368 
0 0 0 1946157040 
6
0 0 32 805306368 
0 0 0 1946157040 
6
16777216 2147483648 512 0 
3791392256 4262435964 503514096 2147483632 
4
16777216 2147483648 256 0 
3791392256 4262435964 503513584 201326592 
4
16777216 2147483648 128 0 
3791392256 4262435964 503513328 201326592 
4
16777216 2147483648 64 0 
3791392256 4262435964 503513200 201326592 
4
16777216 1073741824 512 0 
3791392256 2114952316 503514096 2147483632 
4
16777216 1073741824 256 0 
3791392256 2114952316 503513584 201326592 
4
16777216 1073741824 128 0 
3791392256 2114952316 503513328 201326592 
4
16777216 1073741824 64 0 
3791392256 2114952316 503513200 201326592 
4
8388608 2147483648 512 0 
3774615040 4262435964 503514096 2147483632 
4
8388608 2147483648 256 0 
3774615040 4262435964 503513584 201326592 
4
8388608 2147483648 128 0 
3774615040 4262435964 503513328 201326592 
4
8388608 2147483648 64 0 
3774615040 4262435964 503513200 201326592 
4
8388608 1073741824 512 0 
3774615040 2114952316 503514096 2147483632 
4
8388608 1073741824 256 0 
3774615040 2114952316 503513584 201326592 
4
8388608 1073741824 128 0 
3774615040 2114952316 503513328 201326592 
4
8388608 1073741824 64 0 
3774615040 2114952316 503513200 201326592 
4
4194304 2147483648 512 0 
3766226432 4262435964 503514096 2147483632 
4
4194304 2147483648 256 0 
3766226432 4262435964 503513584 201326592 
4
4194304 2147483648 128 0 
3766226432 4262435964 503513328 201326592 
4
4194304 2147483648 64 0 
3766226432 4262435964 503513200 201326592 
4
4194304 1073741824 512 0 
3766224384 2114952316 503514096 2147483632 
4
4194304 1073741824 256 0 
3766224384 2114952316 503513584 201326592 
4
4194304 1073741824 128 0 
3766224384 2114952316 503513328 201326592 
4
4194304 1073741824 64 0 
3766224384 2114952316 503513200 201326592 
4
2097152 536870912 512 0 
3762030080 1041210492 503514096 2147483632 
4
2097152 536870912 256 0 
3762030080 1041210492 503513584 201326592 
4
2097152 536870912 128 0 
3762030080 1041210492 503513328 201326592 
4
2097152 536870912 64 0 
3762030080 1041210492 503513200 201326592 
4
1048576 536870912 512 0 
3759932928 1041210492 503514096 2147483632 
4
1048576 536870912 256 0 
3759932928 1041210492 503513584 201326592 
4
1048576 536870912 128 0 
3759932928 1041210492 503513328 201326592 
4
1048576 536870912 64 0 
3759932928 1041210492 503513200 201326592 
4
32960 0 0 0 
3825008255 4294967295 4294967295 4294967280 
4
32960 0 0 0 
469991808 0 0 0 
4
32864 0 0 0 
3825008255 4294967295 4294967295 4294967280 
4
32864 0 0 0 
469991872 0 0 0 
4
32848 0 0 0 
469991872 0 0 0 
4
16576 0 0 0 
3824975487 4294967295 4294967295 4294967280 
4
4096 2147483648 512 0 
3824950784 4262435964 503514096 2147483632 
4
4096 2147483648 256 0 
3824950784 4262435964 503513584 201326592 
4
4096 2147483648 128 0 
3824950784 4262435964 503513328 201326592 
4
4096 2147483648 64 0 
3824950784 4262435964 503513200 201326592 
4
4096 1073741824 512 0 
3824950784 2114952316 503514096 2147483632 
4
4096 1073741824 256 0 
3824950784 2114952316 503513584 201326592 
4
4096 1073741824 128 0 
3824950784 2114952316 503513328 201326592 
4
4096 1073741824 64 0 
3824950784 2114952316 503513200 201326592 
4
192 16384 0 0 
4294967295 4294967295 4294967295 4294967280 
4
192 512 0 0 
4294967295 4294967295 4294967295 4294967280 
4
192 1 0 0 
4294967295 4294967295 4294967295 4294967280 
4
96 16777216 0 0 
4294967295 4294967295 4294967295 4294967280 
4
68 16777216 0 0 
3824950791 4280287231 4294967295 4294967280 
4
68 16384 0 0 
3824950791 4263510015 4294967295 4294967280 
4
68 512 0 0 
3824950791 4263493631 4294967295 4294967280 
4
9 512 0 0 
470016504 31474176 0 0 
4
8 2147484160 0 0 
470016504 31474176 0 0 
4
8 1073742336 0 0 
470016504 31474176 0 0 
4
8 8388608 524288 0 
3824950799 4263493116 1041171440 2147483632 
4
8 4194304 524288 0 
3824950799 4263493116 1041171440 2147483632 
4
8 1 524288 0 
3824950799 4263493116 1041171440 2147483632 
4
8 0 6144 0 
3824950799 4263493116 1042223088 2147483632 
4
5 512 0 0 
470016508 31474176 0 0 
4
4 2147484160 0 0 
470016508 31474176 0 0 
4
4 1073742336 0 0 
470016508 31474176 0 0 
4
4 1048576 512 0 
3824950791 4263484540 503514096 2147483632 
4
4 8192 512 0 
3824950791 4263492732 503514096 2147483632 
4
4 256 512 0 
3824950791 4263492988 503514096 2147483632 
4
4 0 536871424 0 
3824950791 4263493116 1040385008 2147483632 
4
2 2147484160 0 0 
470016510 31474176 0 0 
4
2 1073742336 0 0 
470016510 31474176 0 0 
4
0 1049088 512 0 
4294967295 4294958716 503514096 2147483632 
4
0 69648 0 0 
4294967295 4294967295 4294967295 4294967280 
4
0 36864 512 0 
0 40060 503514096 2147483632 
4
0 36864 256 0 
0 40060 503513584 201326592 
4
0 36864 128 0 
0 40060 503513328 201326592 
4
0 36864 64 0 
0 40060 503513200 201326592 
4
0 8704 512 0 
4294967295 4294966908 503514096 2147483632 
4
0 6160 0 0 
4294967295 4294967295 4294967295 4294967280 
4
0 6152 0 0 
0 3084 0 0 
4
0 6144 512 0 
0 7292 503514096 2147483632 
4
0 6144 256 0 
0 7292 503513584 201326592 
4
0 6144 128 0 
0 7292 503513328 201326592 
4
0 6144 64 0 
0 7292 503513200 201326592 
4
0 768 512 0 
4294967295 4294967164 503514096 2147483632 
4
0 512 536871424 0 
4294967295 4294967292 1040385008 2147483632 
4
0 56 0 0 
4294967295 4294967295 4294967295 4294967280 
4
0 48 134217728 0 
4294967295 4294967295 4294967295 4294967280 
4
0 48 67108864 0 
4294967295 4294967295 4294967295 4294967280 
4
0 40 134217728 0 
4294967295 4294967295 4294967295 4294967280 
4
0 40 67108864 0 
4294967295 4294967295 4261412863 4294967280 
4
0 32 201326592 0 
4294967295 4294967295 4294967295 4294967280 
4
0 24 134217728 0 
4294967295 4294967295 4194303999 4294967280 
4
0 24 512 0 
0 120 503514096 2147483632 
4
0 24 256 0 
0 120 503513584 201326592 
4
0 24 128 0 
0 120 503513328 201326592 
4
0 24 64 0 
0 120 503513200 201326592 
4
0 16 201326592 0 
4294967295 4294967295 4294967295 4294967280 
4
0 8 201326592 0 
4294967295 4294967295 4261412863 4294967280 
4
0 1 540672 0 
4294967295 4294967293 1041171440 2147483632 
4
0 1 6144 0 
4294967295 4294967293 1042223088 2147483632 
4
0 0 402718720 0 
4294967295 4294967295 4294967295 4294967280 
4
0 0 402653696 0 
0 0 402850800 2147483632 
4
0 0 402653440 0 
0 0 402850288 201326592 
4
0 0 402653312 0 
0 0 402850032 201326592 
4
0 0 402653248 0 
0 0 402849904 201326592 
4
0 0 402653216 0 
0 0 402849840 201326592 
4
0 0 402653200 0 
4294967295 4294967295 4294967295 4294967280 
4
0 0 268501504 0 
0 0 268633072 2147483632 
4
0 0 268501248 0 
0 0 268632560 201326592 
4
0 0 268501120 0 
0 0 268632304 201326592 
4
0 0 268501056 0 
0 0 268632176 201326592 
4
0 0 268501024 0 
0 0 65584 201326592 
4
0 0 268435504 0 
0 0 48 201326592 
4
0 0 134414336 0 
4294967295 4294967295 4294967295 4294967280 
4
0 0 134349312 0 
0 0 134415344 2147483632 
4
0 0 134349056 0 
0 0 134414832 201326592 
4
0 0 134348928 0 
0 0 134414576 201326592 
4
0 0 134348864 0 
0 0 134414448 201326592 
4
0 0 134348832 0 
0 0 134414384 201326592 
4
0 0 134348816 0 
4294967295 4294967295 4294901759 4294967280 
4
0 0 134218016 0 
4294967295 4294967295 4294967103 4294967280 
4
0 0 134217888 0 
4294967295 4294967295 4294967231 4294967280 
4
0 0 134217824 0 
4294967295 4294967295 4294967295 4294967280 
4
0 0 262432 0 
0 0 262912 1946157040 
4
0 0 262304 0 
0 0 263040 1946157040 
4
0 0 262240 0 
0 0 263104 1946157040 
4
0 0 197120 0 
0 0 197616 2147483632 
4
0 0 196864 0 
0 0 197104 201326592 
4
0 0 196736 0 
0 0 196848 201326592 
4
0 0 196672 0 
0 0 196720 201326592 
4
0 0 196640 0 
0 0 65584 201326592 
4
0 0 131120 0 
0 0 48 201326592 
4
0 0 65824 0 
0 0 65584 201326592 
4
0 0 65696 0 
0 0 65584 201326592 
4
0 0 65632 0 
0 0 65584 201326592 
4
0 0 544 536870912 
4294967295 4294967295 4294966847 2348810240 
4
0 0 512 545259520 
0 0 0 1677721584 
4
0 0 512 538968064 
4294967295 4294967295 4294967295 4294967280 
4
0 0 512 536875008 
4294967295 4294967295 4294967295 4294967280 
4
0 0 304 0 
0 0 48 201326592 
4
0 0 256 541065216 
0 0 256 1946157040 
4
0 0 176 0 
0 0 48 201326592 
4
0 0 112 0 
0 0 48 201326592 
4
0 0 0 549453824 
0 0 0 1677721584 
4
16777217 0 262144 0 
3791392257 4262435964 503776240 2147483632 
2
16777217 0 512 0 
3791392257 4262435964 503514096 2147483632 
2
16777217 0 256 0 
3791392257 4262435964 503513584 201326592 
2
16777217 0 128 0 
3791392257 4262435964 503513328 201326592 
2
16777217 0 64 0 
3791392257 4262435964 503513200 201326592 
2
16777217 0 32 0 
3791392257 4262435964 503513136 201326592 
2
16777216 2147483648 262144 0 
3791392256 4262435964 503776240 2147483632 
2
16777216 2147483648 32 0 
3791392256 4262435964 503513136 201326592 
2
16777216 1073741824 262144 0 
3791392256 2114952316 503776240 2147483632 
2
16777216 1073741824 32 0 
3791392256 2114952316 503513136 201326592 
2
8388609 0 262144 0 
3774615041 4262435964 503776240 2147483632 
2
8388609 0 512 0 
3774615041 4262435964 503514096 2147483632 
2
8388609 0 256 0 
3774615041 4262435964 503513584 201326592 
2
8388609 0 128 0 
3774615041 4262435964 503513328 201326592 
2
8388609 0 64 0 
3774615041 4262435964 503513200 201326592 
2
8388609 0 32 0 
3774615041 4262435964 503513136 201326592 
2
8388608 2147483648 262144 0 
3774615040 4262435964 503776240 2147483632 
2
8388608 2147483648 32 0 
3774615040 4262435964 503513136 201326592 
2
8388608 1073741824 262144 0 
3774615040 2114952316 503776240 2147483632 
2
8388608 1073741824 32 0 
3774615040 2114952316 503513136 201326592 
2
4194305 0 262144 0 
3766226433 4262435964 503776240 2147483632 
2
4194305 0 512 0 
3766226433 4262435964 503514096 2147483632 
2
4194305 0 256 0 
3766226433 4262435964 503513584 201326592 
2
4194305 0 128 0 
3766226433 4262435964 503513328 201326592 
2
4194305 0 64 0 
3766226433 4262435964 503513200 201326592 
2
4194305 0 32 0 
3766226433 4262435964 503513136 201326592 
2
4194304 2147483648 262144 0 
3766226432 4262435964 503776240 2147483632 
2
4194304 2147483648 32 0 
3766226432 4262435964 503513136 201326592 
2
4194304 1073741824 262144 0 
3766224384 2114952316 503776240 2147483632 
2
4194304 1073741824 32 0 
3766224384 2114952316 503513136 201326592 
2
4194304 536870912 262144 0 
3766224384 1041210492 503776240 2147483632 
2
4194304 536870912 512 0 
3766224384 1041210492 503514096 2147483632 
2
4194304 536870912 256 0 
3766224384 1041210492 503513584 201326592 
2
4194304 536870912 128 0 
3766224384 1041210492 503513328 201326592 
2
4194304 536870912 64 0 
3766224384 1041210492 503513200 201326592 
2
4194304 536870912 32 0 
3766224384 1041210492 503513136 201326592 
2
2097152 1073741824 262144 0 
3762030080 2114952316 503776240 2147483632 
2
2097152 1073741824 512 0 
3762030080 2114952316 503514096 2147483632 
2
2097152 1073741824 256 0 
3762030080 2114952316 503513584 201326592 
2
2097152 1073741824 128 0 
3762030080 2114952316 503513328 201326592 
2
2097152 1073741824 64 0 
3762030080 2114952316 503513200 201326592 
2
2097152 1073741824 32 0 
3762030080 2114952316 503513136 201326592 
2
2097152 536870912 262144 0 
3762030080 1041210492 503776240 2147483632 
2
2097152 536870912 32 0 
3762030080 1041210492 503513136 201326592 
2
1048576 1073741824 262144 0 
3759932928 2114952316 503776240 2147483632 
2
1048576 1073741824 512 0 
3759932928 2114952316 503514096 2147483632 
2
1048576 1073741824 256 0 
3759932928 2114952316 503513584 201326592 
2
1048576 1073741824 128 0 
3759932928 2114952316 503513328 201326592 
2
1048576 1073741824 64 0 
3759932928 2114952316 503513200 201326592 
2
1048576 1073741824 32 0 
3759932928 2114952316 503513136 201326592 
2
1048576 536870912 262144 0 
3759932928 1041210492 503776240 2147483632 
2
1048576 536870912 32 0 
3759932928 1041210492 503513136 201326592 
2
32928 0 0 0 
469991808 0 0 0 
2
32912 0 0 0 
469991808 0 0 0 
2
32800 16777216 0 0 
3825008191 4294967295 4294967295 4294967280 
2
32776 16777216 0 0 
3824950799 4280287231 4294967295 4294967280 
2
32776 16384 0 0 
3824950799 4263510015 4294967295 4294967280 
2
32776 512 0 0 
3824950799 4263493631 4294967295 4294967280 
2
32776 1 0 0 
3824950799 4263493119 4294967295 4294967280 
2
32772 16777216 0 0 
3824950791 4280287231 4294967295 4294967280 
2
32772 16384 0 0 
3824950791 4263510015 4294967295 4294967280 
2
32772 512 0 0 
3824950791 4263493631 4294967295 4294967280 
2
32772 1 0 0 
3824950791 4263493119 4294967295 4294967280 
2
32770 16777216 0 0 
3824950787 4280287231 4294967295 4294967280 
2
32770 16384 0 0 
3824950787 4263510015 4294967295 4294967280 
2
32770 512 0 0 
3824950787 4263493631 4294967295 4294967280 
2
32770 1 0 0 
3824950787 4263493119 4294967295 4294967280 
2
32768 16777217 0 0 
0 16794113 0 0 
2
32768 16777216 524288 0 
0 16794115 3254320143 2147483648 
2
32768 16777216 262144 0 
0 16794115 3254582287 2147483648 
2
32768 16777216 2048 0 
0 16794115 3252746255 2147483648 
2
32768 16384 524288 0 
0 16899 3254320143 2147483648 
2
32768 16384 262144 0 
0 16899 3254582287 2147483648 
2
32768 16384 2048 0 
0 16899 3252746255 2147483648 
2
32768 512 524288 0 
0 515 3254320143 2147483648 
2
32768 512 262144 0 
0 515 3254582287 2147483648 
2
32768 512 2048 0 
0 515 3252746255 2147483648 
2
32768 1 524288 0 
0 3 3254320143 2147483648 
2
32768 1 262144 0 
0 3 3254582287 2147483648 
2
32768 1 2048 0 
0 3 3252746255 2147483648 
2
16464 0 0 0 
470008256 0 0 0 
2
16416 16777216 0 0 
3824975423 4294967295 4294967295 4294967280 
2
16392 16777216 0 0 
3824950799 4280287231 4294967295 4294967280 
2
16392 16384 0 0 
3824950799 4263510015 4294967295 4294967280 
2
16392 512 0 0 
3824950799 4263493631 4294967295 4294967280 
2
16392 1 0 0 
3824950799 4263493119 4294967295 4294967280 
2
16388 16777216 0 0 
3824950791 4280287231 4294967295 4294967280 
2
16388 16384 0 0 
3824950791 4263510015 4294967295 4294967280 
2
16388 512 0 0 
3824950791 4263493631 4294967295 4294967280 
2
16388 1 0 0 
3824950791 4263493119 4294967295 4294967280 
2
16386 16777216 0 0 
3824950787 4280287231 4294967295 4294967280 
2
16386 16384 0 0 
3824950787 4263510015 4294967295 4294967280 
2
16386 512 0 0 
3824950787 4263493631 4294967295 4294967280 
2
16386 1 0 0 
3824950787 4263493119 4294967295 4294967280 
2
16384 16777217 0 0 
0 16794113 0 0 
2
16384 16777216 524288 0 
0 16794115 3254320143 2147483648 
2
16384 16777216 262144 0 
0 16794115 3254582287 2147483648 
2
16384 16777216 2048 0 
0 16794115 3252746255 2147483648 
2
16384 16384 524288 0 
0 16899 3254320143 2147483648 
2
16384 16384 262144 0 
0 16899 3254582287 2147483648 
2
16384 16384 2048 0 
0 16899 3252746255 2147483648 
2
16384 512 524288 0 
0 515 3254320143 2147483648 
2
16384 512 262144 0 
0 515 3254582287 2147483648 
2
16384 512 2048 0 
0 515 3252746255 2147483648 
2
16384 1 524288 0 
0 3 3254320143 2147483648 
2
16384 1 262144 0 
0 3 3254582287 2147483648 
2
16384 1 2048 0 
0 3 3252746255 2147483648 
2
4097 0 262144 0 
3824950785 4262435964 503776240 2147483632 
2
4097 0 512 0 
3824950785 4262435964 503514096 2147483632 
2
4097 0 256 0 
3824950785 4262435964 503513584 201326592 
2
4097 0 128 0 
3824950785 4262435964 503513328 201326592 
2
4097 0 64 0 
3824950785 4262435964 503513200 201326592 
2
4097 0 32 0 
3824950785 4262435964 503513136 201326592 
2
4096 2147483648 262144 0 
3824950784 4262435964 503776240 2147483632 
2
4096 2147483648 32 0 
3824950784 4262435964 503513136 201326592 
2
4096 1073741824 262144 0 
3824950784 2114952316 503776240 2147483632 
2
4096 1073741824 32 0 
3824950784 2114952316 503513136 201326592 
2
136 16777216 0 0 
3824950799 4280287231 4294967295 4294967280 
2
136 16384 0 0 
3824950799 4263510015 4294967295 4294967280 
2
136 512 0 0 
3824950799 4263493631 4294967295 4294967280 
2
136 1 0 0 
3824950799 4263493119 4294967295 4294967280 
2
132 16777216 0 0 
3824950791 4280287231 4294967295 4294967280 
2
132 16384 0 0 
3824950791 4263510015 4294967295 4294967280 
2
132 512 0 0 
3824950791 4263493631 4294967295 4294967280 
2
132 1 0 0 
3824950791 4263493119 4294967295 4294967280 
2
130 16777216 0 0 
3824950787 4280287231 4294967295 4294967280 
2
130 16384 0 0 
3824950787 4263510015 4294967295 4294967280 
2
130 512 0 0 
3824950787 4263493631 4294967295 4294967280 
2
130 1 0 0 
3824950787 4263493119 4294967295 4294967280 
2
128 16777217 0 0 
0 16794113 0 0 
2
128 16777216 524288 0 
0 16794115 3254320143 2147483648 
2
128 16777216 262144 0 
0 16794115 3254582287 2147483648 
2
128 16777216 2048 0 
0 16794115 3252746255 2147483648 
2
128 16384 524288 0 
0 16899 3254320143 2147483648 
2
128 16384 262144 0 
0 16899 3254582287 2147483648 
2
128 16384 2048 0 
0 16899 3252746255 2147483648 
2
128 512 524288 0 
0 515 3254320143 2147483648 
2
128 512 262144 0 
0 515 3254582287 2147483648 
2
128 512 2048 0 
0 515 3252746255 2147483648 
2
128 1 524288 0 
0 3 3254320143 2147483648 
2
128 1 262144 0 
0 3 3254582287 2147483648 
2
128 1 2048 0 
0 3 3252746255 2147483648 
2
72 16777216 0 0 
3824950799 4280287231 4294967295 4294967280 
2
72 8388608 0 0 
3824950863 4288675839 4294967295 4294967280 
2
72 16384 0 0 
3824950799 4263510015 4294967295 4294967280 
2
72 512 0 0 
3824950799 4263493631 4294967295 4294967280 
2
72 1 0 0 
3824950799 4263493119 4294967295 4294967280 
2
68 8388608 0 0 
3824950855 4288675839 4294967295 4294967280 
2
68 1 0 0 
3824950791 4263493119 4294967295 4294967280 
2
66 8388608 0 0 
3824950851 4288675839 4294967295 4294967280 
2
66 1 0 0 
3824950787 4263493119 4294967295 4294967280 
2
64 16777217 0 0 
0 16794113 0 0 
2
64 8389120 0 0 
64 25182720 0 0 
2
64 8388609 0 0 
64 25182721 0 0 
2
64 8388608 524288 0 
64 25182723 3254320143 2147483648 
2
64 8388608 262144 0 
64 25182723 3254582287 2147483648 
2
64 8388608 2048 0 
64 25182723 3252746255 2147483648 
2
64 1 524288 0 
0 3 3254320143 2147483648 
2
64 1 262144 0 
0 3 3254582287 2147483648 
2
64 1 2048 0 
0 3 3252746255 2147483648 
2
40 16777216 0 0 
3824950799 4280287231 4294967295 4294967280 
2
40 16384 0 0 
3824950799 4263510015 4294967295 4294967280 
2
40 512 0 0 
3824950799 4263493631 4294967295 4294967280 
2
40 1 0 0 
3824950799 4263493119 4294967295 4294967280 
2
36 16777216 0 0 
3824950791 4280287231 4294967295 4294967280 
2
36 16384 0 0 
3824950791 4263510015 4294967295 4294967280 
2
36 512 0 0 
3824950791 4263493631 4294967295 4294967280 
2
36 1 0 0 
3824950791 4263493119 4294967295 4294967280 
2
34 16777216 0 0 
3824950787 4280287231 4294967295 4294967280 
2
34 16384 0 0 
3824950787 4263510015 4294967295 4294967280 
2
34 512 0 0 
3824950787 4263493631 4294967295 4294967280 
2
34 1 0 0 
3824950787 4263493119 4294967295 4294967280 
2
32 16777217 0 0 
0 16794113 0 0 
2
32 16777216 524288 0 
0 16794115 3254320143 2147483648 
2
32 16777216 262144 0 
0 16794115 3254582287 2147483648 
2
32 16777216 2048 0 
0 16794115 3252746255 2147483648 
2
32 16384 524288 0 
0 16899 3254320143 2147483648 
2
32 16384 262144 0 
0 16899 3254582287 2147483648 
2
32 16384 2048 0 
0 16899 3252746255 2147483648 
2
32 512 524288 0 
0 515 3254320143 2147483648 
2
32 512 262144 0 
0 515 3254582287 2147483648 
2
32 512 2048 0 
0 515 3252746255 2147483648 
2
32 1 524288 0 
0 3 3254320143 2147483648 
2
32 1 262144 0 
0 3 3254582287 2147483648 
2
32 1 2048 0 
0 3 3252746255 2147483648 
2
16 8388608 524288 0 
3824950815 4278173180 1041171440 2147483632 
2
16 4194304 524288 0 
3824950815 4269784572 1041171440 2147483632 
2
9 1 0 0 
470016504 31474177 0 0 
2
8 2147483649 0 0 
470016504 31474177 0 0 
2
8 1073741825 0 0 
470016504 31474177 0 0 
2
8 25165824 0 0 
3824950799 4280287231 4294967295 4294967280 
2
8 8404992 0 0 
3824950799 4263510015 4294967295 4294967280 
2
8 8389120 0 0 
3824950799 4263493631 4294967295 4294967280 
2
8 8388609 0 0 
3824950799 4263493119 4294967295 4294967280 
2
8 1048576 512 0 
3824950799 4263484540 503514096 2147483632 
2
8 8192 512 0 
3824950799 4263492732 503514096 2147483632 
2
8 256 512 0 
3824950799 4263492988 503514096 2147483632 
2
8 0 536871424 0 
3824950799 4263493116 1040385008 2147483632 
2
5 1 0 0 
470016508 31474177 0 0 
2
4 2147483649 0 0 
470016508 31474177 0 0 
2
4 1073741825 0 0 
470016508 31474177 0 0 
2
4 25165824 0 0 
3824950791 4280287231 4294967295 4294967280 
2
4 8404992 0 0 
3824950791 4263510015 4294967295 4294967280 
2
4 8389120 0 0 
3824950791 4263493631 4294967295 4294967280 
2
4 8388609 0 0 
3824950791 4263493119 4294967295 4294967280 
2
2 2147483649 0 0 
470016510 31474177 0 0 
2
2 2147483648 32 0 
3824950786 4262435964 503513136 201326592 
2
2 1073741825 0 0 
470016510 31474177 0 0 
2
2 1073741824 32 0 
3824950786 2114952316 503513136 201326592 
2
2 25165824 0 0 
3824950787 4280287231 4294967295 4294967280 
2
2 8404992 0 0 
3824950787 4263510015 4294967295 4294967280 
2
2 8389120 0 0 
3824950787 4263493631 4294967295 4294967280 
2
2 8388609 0 0 
3824950787 4263493119 4294967295 4294967280 
2
1 256 0 536870912 
1 1057024 0 0 
2
1 0 536870912 536870912 
1 1057152 536870912 0 
2
1 0 262144 536870912 
1 1057152 537133056 0 
2
0 1476395008 0 0 
4294967295 4294967295 4294967295 4294967280 
2
0 1208025088 0 0 
0 2014248960 0 0 
2
0 671154176 0 0 
0 940507136 0 0 
2
0 67239936 262144 0 
0 100899964 503776240 2147483632 
2
0 67239936 512 0 
0 100899964 503514096 2147483632 
2
0 67239936 256 0 
0 100899964 503513584 201326592 
2
0 67239936 128 0 
0 100899964 503513328 201326592 
2
0 67239936 64 0 
0 100899964 503513200 201326592 
2
0 67239936 32 0 
0 100899964 503513136 201326592 
2
0 25165825 0 0 
0 16794113 0 0 
2
0 25165824 524288 0 
0 16794115 3254320143 2147483648 
2
0 25165824 262144 0 
0 16794115 3254582287 2147483648 
2
0 25165824 2048 0 
0 16794115 3252746255 2147483648 
2
0 8404992 524288 0 
0 16899 3254320143 2147483648 
2
0 8404992 262144 0 
0 16899 3254582287 2147483648 
2
0 8404992 2048 0 
0 16899 3252746255 2147483648 
2
0 8389120 524288 0 
0 515 3254320143 2147483648 
2
0 8389120 262144 0 
0 515 3254582287 2147483648 
2
0 8389120 2048 0 
0 515 3252746255 2147483648 
2
0 8388609 524288 0 
0 3 3254320143 2147483648 
2
0 8388609 262144 0 
0 3 3254582287 2147483648 
2
0 8388609 2048 0 
0 3 3252746255 2147483648 
2
0 1048577 512 0 
4294967295 4294958717 503514096 2147483632 
2
0 98304 262144 0 
0 105596 503776240 2147483632 
2
0 98304 512 0 
0 105596 503514096 2147483632 
2
0 98304 256 0 
0 105596 503513584 201326592 
2
0 98304 128 0 
0 105596 503513328 201326592 
2
0 98304 64 0 
0 105596 503513200 201326592 
2
0 98304 32 0 
0 105596 503513136 201326592 
2
0 67584 262144 0 
0 72828 503776240 2147483632 
2
0 67584 512 0 
0 72828 503514096 2147483632 
2
0 67584 256 0 
0 72828 503513584 201326592 
2
0 67584 128 0 
0 72828 503513328 201326592 
2
0 67584 64 0 
0 72828 503513200 201326592 
2
0 67584 32 0 
0 72828 503513136 201326592 
2
0 36872 0 0 
0 39948 0 0 
2
0 36864 262144 0 
0 40060 503776240 2147483632 
2
0 36864 32 0 
0 40060 503513136 201326592 
2
0 8193 512 0 
4294967295 4294966909 503514096 2147483632 
2
0 6176 0 0 
4294967295 4294967295 4294967295 4294967280 
2
0 6144 262144 0 
0 7292 503776240 2147483632 
2
0 6144 32 0 
0 7292 503513136 201326592 
2
0 4136 0 0 
4294967295 4294967295 4294967295 4294967280 
2
0 4128 134217728 0 
4294967295 4294967295 4294967295 4294967280 
2
0 4128 67108864 0 
4294967295 4294967295 4294967295 4294967280 
2
0 4128 65536 0 
4294967295 4294967295 4294967295 4294967280 
2
0 4128 16 0 
4294967295 4294967295 4294967295 4294967280 
2
0 4104 67108864 0 
4294967295 4294967295 4261412863 4294967280 
2
0 4104 262144 0 
0 4216 503776240 2147483632 
2
0 4104 512 0 
0 4216 503514096 2147483632 
2
0 4104 256 0 
0 4216 503513584 201326592 
2
0 4104 128 0 
0 4216 503513328 201326592 
2
0 4104 64 0 
0 4216 503513200 201326592 
2
0 4104 32 0 
0 4216 503513136 201326592 
2
0 2096 0 0 
4294967295 4294967295 4294967295 4294967280 
2
0 2088 0 0 
0 3084 0 0 
2
0 2080 134217728 0 
4294967295 4294967295 4294967295 4294967280 
2
0 2080 67108864 0 
4294967295 4294967295 4294967295 4294967280 
2
0 2064 134217728 0 
4294967295 4294966259 4194303999 4294967280 
2
0 2064 262144 0 
0 3196 503776240 2147483632 
2
0 2064 512 0 
0 3196 503514096 2147483632 
2
0 2064 256 0 
0 3196 503513584 201326592 
2
0 2064 128 0 
0 3196 503513328 201326592 
2
0 2064 64 0 
0 3196 503513200 201326592 
2
0 2064 32 0 
0 3196 503513136 201326592 
2
0 257 512 0 
4294967295 4294967165 503514096 2147483632 
2
0 48 65536 0 
4294967295 4294967295 4294967295 4294967280 
2
0 48 16 0 
4294967295 4294967295 4294967295 4294967280 
2
0 40 65536 0 
4294967295 4294967295 4294967295 4294967280 
2
0 40 16 0 
4294967295 4294967295 4294967295 4294967280 
2
0 32 134479872 0 
0 96 403112944 2147483632 
2
0 32 134348800 0 
0 96 402784256 0 
2
0 32 134283264 0 
4294967295 4294967295 4294967295 4294967280 
2
0 32 134218240 0 
0 96 402850800 2147483632 
2
0 32 134217984 0 
0 96 402850288 201326592 
2
0 32 134217856 0 
0 96 402850032 201326592 
2
0 32 134217792 0 
0 96 402849904 201326592 
2
0 32 134217760 0 
0 96 402849840 201326592 
2
0 32 134217744 0 
4294967295 4294967295 4294967295 4294967280 
2
0 32 67371008 0 
0 96 470221808 2147483632 
2
0 32 67239936 0 
4294967295 4294967295 4294967295 4294967280 
2
0 32 67174400 0 
4294967295 4294967295 4294967295 4294967280 
2
0 32 67109376 0 
0 96 469959664 2147483632 
2
0 32 67109120 0 
0 96 469959152 201326592 
2
0 32 67108992 0 
0 96 469958896 201326592 
2
0 32 67108928 0 
0 96 469958768 201326592 
2
0 32 67108896 0 
0 96 469958704 201326592 
2
0 32 67108880 0 
4294967295 4294967295 4294967295 4294967280 
2
0 32 196608 0 
4294967295 4294967295 4294967295 4294967280 
2
0 32 131088 0 
4294967295 4294967295 4294967295 4294967280 
2
0 24 262144 0 
0 120 503776240 2147483632 
2
0 24 65536 0 
4294967295 4294967295 4294967295 4294967280 
2
0 24 32 0 
0 120 503513136 201326592 
2
0 24 16 0 
4294967295 4294967295 4294967295 4294967280 
2
0 16 402653184 0 
4294967295 4294967199 4294967295 4294967280 
2
0 16 402653184 0 
0 112 402653184 0 
2
0 16 335544320 0 
4294967295 4294967295 4294967295 4294967280 
2
0 16 268500992 0 
4294967295 4294967295 4294967295 4294967280 
2
0 16 268435472 0 
4294967295 4294967295 4294967295 4294967280 
2
0 16 134479872 0 
0 112 403112944 2147483632 
2
0 16 134348800 0 
4294967295 4294967199 4026531839 4294967280 
2
0 16 134348800 0 
0 112 402784256 0 
2
0 16 134283264 0 
4294967295 4294967295 4294967295 4294967280 
2
0 16 134218240 0 
0 112 402850800 2147483632 
2
0 16 134217984 0 
0 112 402850288 201326592 
2
0 16 134217856 0 
0 112 402850032 201326592 
2
0 16 134217792 0 
0 112 402849904 201326592 
2
0 16 134217760 0 
0 112 402849840 201326592 
2
0 16 134217744 0 
4294967295 4294967295 4294967295 4294967280 
2
0 16 67371008 0 
0 112 470221808 2147483632 
2
0 16 67239936 0 
4294967295 4294967295 4294967295 4294967280 
2
0 16 67174400 0 
4294967295 4294967295 4294967295 4294967280 
2
0 16 67109376 0 
0 112 469959664 2147483632 
2
0 16 67109120 0 
0 112 469959152 201326592 
2
0 16 67108992 0 
0 112 469958896 201326592 
2
0 16 67108928 0 
0 112 469958768 201326592 
2
0 16 67108896 0 
0 112 469958704 201326592 
2
0 16 67108880 0 
4294967295 4294967295 4294967295 4294967280 
2
0 16 196608 0 
4294967295 4294967295 4294967295 4294967280 
2
0 16 131088 0 
4294967295 4294967295 4294967295 4294967280 
2
0 8 67174400 0 
4294967295 4294967295 4261412863 4294967280 
2
0 8 67108880 0 
4294967295 4294967295 4261412863 4294967280 
2
0 1 536871424 0 
4294967295 4294967293 1040385008 2147483632 
2
0 1 6291456 0 
0 1 3227516928 0 
2
0 1 4198400 0 
0 1 3227521024 0 
2
0 0 402915328 0 
0 0 403112944 2147483632 
2
0 0 402653440 0 
4294967295 4294967295 4294770447 4093640688 
2
0 0 402653312 0 
4294967295 4294967295 4294770575 4093640688 
2
0 0 402653248 0 
4294967295 4294967295 4294770639 4093640688 
2
0 0 402653216 0 
4294967295 4294967295 4294770671 4093640688 
2
0 0 335609856 0 
4294967295 4294967295 4294967295 4294967280 
2
0 0 335544336 0 
4294967295 4294967295 4294967295 4294967280 
2
0 0 268763136 0 
0 0 268895216 2147483632 
2
0 0 268501248 0 
4294967295 4294967295 4294835983 4093640688 
2
0 0 268501120 0 
4294967295 4294967295 4294836111 4093640688 
2
0 0 268501056 0 
4294967295 4294967295 4294836175 4093640688 
2
0 0 134610944 0 
0 0 134677488 2147483632 
2
0 0 134349056 0 
4294967295 4294967295 4294901519 4093640688 
2
0 0 134348928 0 
4294967295 4294967295 4294901647 4093640688 
2
0 0 134348864 0 
4294967295 4294967295 4294901711 4093640688 
2
0 0 134348832 0 
4294967295 4294967295 4294901743 4093640688 
2
0 0 67305472 0 
4294967295 4294967295 4294967295 4294967280 
2
0 0 67239952 0 
4294967295 4294967295 4294967295 4294967280 
2
0 0 458752 0 
0 0 459760 2147483632 
2
0 0 393232 0 
0 0 394224 2147483632 
2
0 0 262400 16777216 
4294967295 4294967295 4294966783 2348810240 
2
0 0 262176 536870912 
4294967295 4294967295 4294966335 2348810240 
2
0 0 131600 0 
0 0 132080 2147483632 
2
0 0 131344 0 
0 0 131568 201326592 
2
0 0 131216 0 
0 0 131312 201326592 
2
0 0 131152 0 
0 0 131184 201326592 
2
0 0 768 16777216 
4294967295 4294967295 4294967295 2348810240 
2
0 0 256 553648128 
4294967295 4294967295 4294967295 2885681152 
2
0 0 256 545259520 
0 0 0 1677721584 
2
0 0 256 538968064 
0 0 256 1946157040 
2
0 0 256 536875008 
0 0 256 1946157040 
2
0 0 0 562036736 
0 0 0 1677721584 
2
0 0 0 318767104 
0 0 0 335544304 
2
0 0 0 272695296 
4294967295 4294967295 4294967295 4294967280 
2
0 0 0 58720256 
0 0 0 67108848 
2
0 0 0 12648448 
4294967295 4294967295 4294967295 4294967280 
2
