3
0 1 2 
153
0 0 0 0 32768 
4294967295 4294967295 4294967295 4294967295 4060055520 
6
0 0 0 0 16384 
4294967295 4294967295 4294967295 4294967295 4060071904 
4
0 0 0 0 8192 
4294967295 4294967295 4294967295 4294967295 4060080096 
2
41943040 0 0 0 0 
4278190079 4294967295 4294967295 4294967295 4294967264 
2147483647
37748736 0 0 0 0 
4269801471 4294967295 4294967295 4294967295 4294967264 
2147483647
35651584 0 0 0 0 
4265607167 4294967295 4294967295 4294967295 4294967264 
2147483647
34603008 0 0 0 0 
4263510015 4294967295 4294967295 4294967295 4294967264 
2147483647
20971520 0 0 0 0 
4286578687 4294967295 4294967295 4294967295 4294967264 
2147483647
18874368 0 0 0 0 
4282384383 4294967295 4294967295 4294967295 4294967264 
2147483647
17825792 0 0 0 0 
4280287231 4294967295 4294967295 4294967295 4294967264 
2147483647
10485760 0 0 0 0 
4290772991 4294967295 4294967295 4294967295 4294967264 
2147483647
9437184 0 0 0 0 
4288675839 4294967295 4294967295 4294967295 4294967264 
2147483647
5242880 0 0 0 0 
4292870143 4294967295 4294967295 4294967295 4294967264 
2147483647
0 16781312 0 0 0 
4294967295 4261412863 4294967295 4294967295 4294967264 
2147483647
0 5242880 0 0 0 
4294967295 4292870143 4294967295 4294967295 4294967264 
2147483647
0 1310720 0 0 0 
4294967289 4294443007 4294967295 4294967295 4294967264 
2147483647
0 1048704 0 0 0 
4294967289 4294180863 4294967295 4294967295 4294967264 
2147483647
0 1048576 134217728 0 0 
4294967289 4294180735 4294967295 4294967295 4294967264 
2147483647
0 786432 0 0 0 
4294967289 4294967295 4294967295 4294967295 4294967264 
2147483647
0 524416 0 0 0 
4294967289 4294705151 4294967295 4294967295 4294967264 
2147483647
0 524288 134217728 0 0 
4294967289 4294705023 4294967295 4294967295 4294967264 
2147483647
0 262144 134217728 0 0 
4294967295 4294967167 4294967295 4294967295 4294967264 
2147483647
0 16 2048 0 0 
4294967295 4294967295 4227858431 4294967295 4294967264 
2147483647
0 0 16777216 1073741824 0 
4294967295 4294967295 4294967039 4294967295 4294967264 
2147483647
0 0 20480 0 0 
4294967295 4294967295 4294959103 4294967295 4294967264 
2147483647
0 0 2048 4194304 0 
4294967295 4294967295 4294967294 4294967295 4294967264 
2147483647
0 0 16 67108864 0 
4294967295 4294967295 4294967295 4294967295 4294967264 
2147483647
0 0 0 1073741856 0 
4294967295 4294967295 4294967295 4293394367 4294967264 
2147483647
0 0 0 1073741840 0 
4294967295 4294967295 4294967295 4293394335 4294967264 
2147483647
0 0 0 1073741832 0 
4294967295 4294967295 4294967295 4293394319 4294967264 
2147483647
0 0 0 524320 0 
4294967295 4294967295 4294967295 4293918655 4294967264 
2147483647
0 0 0 524304 0 
4294967295 4294967295 4294967295 4293918623 4294967264 
2147483647
0 0 0 524296 0 
4294967295 4294967295 4294967295 4293918607 4294967264 
2147483647
0 0 0 16384 2147483648 
4294967295 4294967295 4294967295 4294959103 3221225440 
2147483647
0 0 0 40 0 
4294967295 4294967295 4294967295 4294967279 4294967264 
2147483647
0 0 0 0 268468224 
0 0 0 0 234944512 
2147483647
0 0 0 0 268451840 
0 0 0 0 234911744 
2147483647
0 0 0 0 268443648 
0 0 0 0 234895360 
2147483647
0 0 0 0 98304 
0 0 0 0 234944512 
2147483647
0 0 0 0 81920 
0 0 0 0 234911744 
2147483647
0 0 0 0 73728 
0 0 0 0 234895360 
2147483647
0 0 0 0 65664 
0 0 0 0 235010176 
2147483647
0 0 0 0 40960 
4294967295 4294967295 4294967295 4294967295 4060055520 
2147483647
0 0 0 0 40960 
0 0 0 0 234895360 
2147483647
0 0 0 0 36864 
4294967295 4294967295 4294967295 4294967295 4060055520 
2147483647
0 0 0 0 32896 
4294967295 4294967295 4294967295 4294967295 4060055520 
2147483647
0 0 0 0 32896 
0 0 0 0 234944512 
2147483647
0 0 0 0 20480 
4294967295 4294967295 4294967295 4294967295 4060071904 
2147483647
0 0 0 0 16512 
4294967295 4294967295 4294967295 4294967295 4060071904 
2147483647
0 0 0 0 16512 
0 0 0 0 234911744 
2147483647
0 0 0 0 8320 
4294967295 4294967295 4294967295 4294967295 4060080096 
2147483647
0 0 0 0 8320 
0 0 0 0 234895360 
2147483647
0 0 0 0 4224 
4294967295 4294967295 4294967295 4294967295 4294967264 
2147483647
0 0 0 0 384 
4294967295 4294967295 4294967295 4294967295 4294967168 
2147483647
1048576 0 0 0 512 
1967095 4227850231 4261411327 2145386367 3724671968 
12
2097152 0 0 0 512 
4064247 4227850231 4261411327 2145386367 3724671968 
10
4194304 0 0 0 512 
8258551 4227850231 4261411327 2145386367 3724671968 
8
0 0 0 0 268435712 
4294967295 4294967295 4294967295 4294967295 4059956992 
8
0 0 0 0 65792 
4294967295 4294967295 4294967295 4294967295 4060022528 
8
8388608 16 0 0 0 
16647153 4160995440 0 0 0 
6
8388608 0 32768 0 0 
16647153 4160995440 67172359 62922496 0 
6
8388608 0 0 0 512 
16647159 4227850231 4261411327 2145386367 3724671968 
6
4194304 16 0 0 0 
8258545 4160995440 0 0 0 
6
4194304 0 32768 0 0 
8258545 4160995440 67172359 62922496 0 
6
2097152 16 0 0 0 
4064241 4160995440 0 0 0 
6
2097152 0 32768 0 0 
4064241 4160995440 67172359 62922496 0 
6
1048576 0 32768 0 0 
1967089 4160995440 67172359 62922496 0 
6
0 16 0 0 512 
4294967289 4228112504 33555968 2149580928 570295808 
6
0 16 0 0 256 
4294967289 4228112504 33555968 2149580928 570296064 
6
0 0 32768 0 512 
4294967289 4228112504 100728327 2212503424 570295808 
6
0 0 32768 0 256 
4294967289 4228112504 100728327 2212503424 570296064 
6
16777216 16 0 0 0 
33424369 4160995440 0 0 0 
4
16777216 0 67108864 0 0 
33424369 4160995440 67108864 0 0 
4
16777216 0 65536 0 0 
33424369 4160995440 67237895 62922496 0 
4
16777216 0 32768 0 0 
33424369 4160995440 67172359 62922496 0 
4
16777216 0 0 0 268435456 
33424375 4227850231 4261411327 2145386367 3489660928 
4
16777216 0 0 0 512 
33424375 4227850231 4261411327 2145386367 3724671968 
4
8388608 0 67108864 0 0 
16647153 4160995440 67108864 0 0 
4
8388608 0 65536 0 0 
16647153 4160995440 67237895 62922496 0 
4
8388608 0 0 0 268435456 
16647159 4227850231 4261411327 2145386367 3489660928 
4
4194304 0 67108864 0 0 
8258545 4160995440 67108864 0 0 
4
4194304 0 65536 0 0 
8258545 4160995440 67237895 62922496 0 
4
4194304 0 0 0 268435456 
8258551 4227850231 4261411327 2145386367 3489660928 
4
2097152 0 67108864 0 0 
4064241 4160995440 67108864 0 0 
4
2097152 0 65536 0 0 
4064241 4160995440 67237895 62922496 0 
4
2097152 0 0 0 268435456 
4064247 4227850231 4261411327 2145386367 3489660928 
4
1048576 0 67108864 0 0 
1967089 4160995440 67108864 0 0 
4
1048576 0 65536 0 0 
1967089 4160995440 67237895 62922496 0 
4
1048576 0 0 0 268435456 
1967095 4227850231 4261411327 2145386367 3489660928 
4
0 0 67108864 0 512 
4294967289 4228112504 100664832 2149580928 570295808 
4
0 0 67108864 0 256 
4294967289 4228112504 100664832 2149580928 570296064 
4
0 0 65536 0 512 
4294967289 4228112504 100793863 2212503424 570295808 
4
0 0 65536 0 256 
4294967289 4228112504 100793863 2212503424 570296064 
4
0 0 0 0 268435968 
4294967295 4294967295 4294967295 4294967295 4059956736 
4
33554432 16 0 0 0 
66978801 4160995440 0 0 0 
2
33554432 0 67108864 0 0 
66978801 4160995440 67108864 0 0 
2
33554432 0 131072 0 0 
66978801 4160995440 67368967 62922496 0 
2
33554432 0 65536 0 0 
66978801 4160995440 67237895 62922496 0 
2
33554432 0 32768 0 0 
66978801 4160995440 67172359 62922496 0 
2
33554432 0 2048 0 0 
66978801 4160995440 67110912 0 0 
2
33554432 0 0 0 2147483648 
66978807 4227850231 4261411327 2145386367 3221225472 
2
33554432 0 0 0 268435456 
66978807 4227850231 4261411327 2145386367 3489660928 
2
33554432 0 0 0 65536 
66978807 4227850231 4261411327 2145386367 3489726464 
2
33554432 0 0 0 512 
66978807 4227850231 4261411327 2145386367 3724671968 
2
16777216 0 131072 0 0 
33424369 4160995440 67368967 62922496 0 
2
16777216 0 2048 0 0 
33424369 4160995440 67110912 0 0 
2
16777216 0 0 0 2147483648 
33424375 4227850231 4261411327 2145386367 3221225472 
2
16777216 0 0 0 65536 
33424375 4227850231 4261411327 2145386367 3489726464 
2
8388608 0 131072 0 0 
16647153 4160995440 67368967 62922496 0 
2
8388608 0 2048 0 0 
16647153 4160995440 67110912 0 0 
2
8388608 0 0 0 2147483648 
16647159 4227850231 4261411327 2145386367 3221225472 
2
8388608 0 0 0 65536 
16647159 4227850231 4261411327 2145386367 3489726464 
2
4194304 0 131072 0 0 
8258545 4160995440 67368967 62922496 0 
2
4194304 0 2048 0 0 
8258545 4160995440 67110912 0 0 
2
4194304 0 0 0 2147483648 
8258551 4227850231 4261411327 2145386367 3221225472 
2
4194304 0 0 0 65536 
8258551 4227850231 4261411327 2145386367 3489726464 
2
2097152 0 131072 0 0 
4064241 4160995440 67368967 62922496 0 
2
2097152 0 2048 0 0 
4064241 4160995440 67110912 0 0 
2
2097152 0 0 0 2147483648 
4064247 4227850231 4261411327 2145386367 3221225472 
2
2097152 0 0 0 65536 
4064247 4227850231 4261411327 2145386367 3489726464 
2
1048576 0 131072 0 0 
1967089 4160995440 67368967 62922496 0 
2
1048576 0 2048 0 0 
1967089 4160995440 67110912 0 0 
2
1048576 0 0 0 2147483648 
1967095 4227850231 4261411327 2145386367 3221225472 
2
1048576 0 0 0 65536 
1967095 4227850231 4261411327 2145386367 3489726464 
2
0 0 12582912 0 0 
4294967295 4294967295 4294967295 4294967295 4294967264 
2
0 0 6291456 0 0 
4294967295 4294967295 4294967295 4294967295 4294967264 
2
0 0 3145728 0 0 
4294967295 4294967295 4294967295 4294967295 4294967264 
2
0 0 1572864 0 0 
4294967295 4294967295 4294967295 4294967295 4294967264 
2
0 0 786432 0 0 
4294967295 4294967295 4294967295 4294967295 4294967264 
2
0 0 393216 0 0 
4294967295 4294967295 4294967295 4294967295 4294967264 
2
0 0 196608 0 0 
4294967295 4294967295 4294967295 4294967295 4294967264 
2
0 0 163840 0 0 
4294967295 4294967295 4294901759 4294967295 4294967264 
2
0 0 131072 0 512 
4294967289 4228112504 100924935 2212503424 570295808 
2
0 0 131072 0 256 
4294967289 4228112504 100924935 2212503424 570296064 
2
0 0 18432 0 0 
0 0 30720 0 0 
2
0 0 2048 0 512 
4294967289 4228112504 100666880 2149580928 570295808 
2
0 0 2048 0 256 
4294967289 4228112504 100666880 2149580928 570296064 
2
0 0 16 16384 0 
4294967295 4294967295 4294967295 4227858431 4294967264 
2
0 0 2 16777216 0 
4294967295 4294967295 4294967295 4294967295 4294967264 
2
0 0 0 67125248 0 
4294967295 4294967295 4294967295 4294967295 4294967264 
2
0 0 0 16384 2147483648 
0 0 0 24576 3221225472 
2
0 0 0 0 2415919104 
4294967295 4294967295 4294967295 4294967295 4294967264 
2
0 0 0 0 2147549184 
4294967295 4294967295 4294967295 4294967295 4026531808 
2
0 0 0 0 2147516416 
0 0 0 0 234944512 
2
0 0 0 0 2147500032 
0 0 0 0 234911744 
2
0 0 0 0 2147491840 
0 0 0 0 234895360 
2
0 0 0 0 2147484160 
4294967295 4294967295 4294967295 4294967295 3791521280 
2
0 0 0 0 2147483904 
4294967295 4294967295 4294967295 4294967295 3791521536 
2
0 0 0 0 66048 
4294967295 4294967295 4294967295 4294967295 4060022272 
2
0 0 0 0 65792 
0 0 0 0 235010528 
2
0 0 0 0 33024 
0 0 0 0 234944512 
2
0 0 0 0 16640 
0 0 0 0 234911744 
2
0 0 0 0 8448 
0 0 0 0 234895360 
2
