95
0 2147483647 2147483647 2147483647 2147483647 2147483647 2147483647 2147483647 2147483647 2147483647 2147483647 2147483647 2147483647 2147483647 2147483647 2147483647 2147483647 2147483647 2147483647 2147483647 2147483647 2147483647 2147483647 2147483647 2147483647 2147483647 2147483647 2147483647 2147483647 2147483647 2147483647 2147483647 2147483647 2147483647 2147483647 2147483647 2147483647 2147483647 2147483647 2147483647 2147483647 2147483647 2147483647 2147483647 2147483647 2147483647 2147483647 2147483647 2147483647 2147483647 2147483647 2147483647 2147483647 2147483647 2147483647 2147483647 2147483647 2147483647 2147483647 2147483647 2147483647 2147483647 2147483647 2147483647 2147483647 2147483647 2147483647 2147483647 2147483647 2147483647 2147483647 2147483647 2147483647 2147483647 2147483647 2147483647 2147483647 2147483647 2147483647 2147483647 2147483647 2147483647 2147483647 2147483647 2147483647 2147483647 2147483647 2147483647 2147483647 2147483647 2147483647 2147483647 2147483647 2147483647 2147483647 
1 0 1 2147483647 2147483647 2147483647 2147483647 2147483647 2147483647 2147483647 2147483647 2147483647 2147483647 2147483647 2147483647 2147483647 2147483647 2147483647 2147483647 2147483647 2147483647 2147483647 2147483647 2147483647 2147483647 2147483647 2147483647 2147483647 2147483647 2147483647 2147483647 2147483647 2147483647 2147483647 2147483647 2147483647 2147483647 2147483647 2147483647 2147483647 2147483647 2147483647 2147483647 2147483647 2147483647 2147483647 2147483647 2147483647 2147483647 2147483647 2147483647 2147483647 2147483647 2147483647 2147483647 2147483647 2147483647 2147483647 2147483647 2147483647 2147483647 2147483647 2147483647 2147483647 2147483647 2147483647 2147483647 2147483647 2147483647 2147483647 2147483647 2147483647 2147483647 2147483647 2147483647 2147483647 2147483647 2147483647 2147483647 2147483647 2147483647 2147483647 2147483647 2147483647 2147483647 2147483647 2147483647 2147483647 2147483647 2147483647 2147483647 2147483647 2147483647 2147483647 2147483647 
2147483647 2147483647 0 2147483647 2147483647 2147483647 2147483647 2147483647 2147483647 2147483647 2147483647 2147483647 2147483647 2147483647 2147483647 2147483647 2147483647 2147483647 2147483647 2147483647 2147483647 2147483647 2147483647 2147483647 2147483647 2147483647 2147483647 2147483647 2147483647 2147483647 2147483647 2147483647 2147483647 2147483647 2147483647 2147483647 2147483647 2147483647 2147483647 2147483647 2147483647 2147483647 2147483647 2147483647 2147483647 2147483647 2147483647 2147483647 2147483647 2147483647 2147483647 2147483647 2147483647 2147483647 2147483647 2147483647 2147483647 2147483647 2147483647 2147483647 2147483647 2147483647 2147483647 2147483647 2147483647 2147483647 2147483647 2147483647 2147483647 2147483647 2147483647 2147483647 2147483647 2147483647 2147483647 2147483647 2147483647 2147483647 2147483647 2147483647 2147483647 2147483647 2147483647 2147483647 2147483647 2147483647 2147483647 2147483647 2147483647 2147483647 2147483647 2147483647 2147483647 2147483647 2147483647 
1 2147483647 2147483647 0 2147483647 1 2147483647 2147483647 2147483647 2147483647 2147483647 19 20 2 2147483647 2147483647 2147483647 18 24 23 24 3 24 17 18 19 20 21 22 23 4 16 2147483647 27 23 24 5 8 15 26 25 24 25 26 27 28 7 6 7 13 12 13 14 15 27 26 33 8 7 8 9 10 11 12 13 14 28 28 27 28 32 12 13 29 30 29 28 29 30 31 30 30 29 30 32 31 31 33 32 35 34 33 32 33 34 
5 2147483647 1 4 0 3 2 1 2 3 4 5 6 4 2147483647 2 2147483647 20 26 25 26 5 26 19 20 21 22 23 24 25 6 18 2147483647 29 25 26 7 10 17 28 27 26 27 28 29 30 9 8 9 15 14 15 16 17 29 28 35 10 9 10 11 12 13 14 15 16 30 30 29 30 34 14 15 31 32 31 30 31 32 33 32 32 31 32 34 33 33 35 34 37 36 35 34 35 36 
2 2147483647 2147483647 1 2147483647 0 2147483647 2147483647 2147483647 2147483647 2147483647 18 19 1 2147483647 2147483647 2147483647 17 23 22 23 2 23 16 17 18 19 20 21 22 3 15 2147483647 26 22 23 4 7 14 25 24 23 24 25 26 27 6 5 6 12 11 12 13 14 26 25 32 7 6 7 8 9 10 11 12 13 27 27 26 27 31 11 12 28 29 28 27 28 29 30 29 29 28 29 31 30 30 32 31 34 33 32 31 32 33 
3 2147483647 3 2 2 1 0 1 2 3 4 5 6 2 2147483647 2 2147483647 18 24 23 24 3 24 17 18 19 20 21 22 23 4 16 2147483647 27 23 24 5 8 15 26 25 24 25 26 27 28 7 6 7 13 12 13 14 15 27 26 33 8 7 8 9 10 11 12 13 14 28 28 27 28 32 12 13 29 30 29 28 29 30 31 30 30 29 30 32 31 31 33 32 35 34 33 32 33 34 
4 2147483647 2 3 1 2 1 0 1 2 3 4 5 3 2147483647 1 2147483647 19 25 24 25 4 25 18 19 20 21 22 23 24 5 17 2147483647 28 24 25 6 9 16 27 26 25 26 27 28 29 8 7 8 14 13 14 15 16 28 27 34 9 8 9 10 11 12 13 14 15 29 29 28 29 33 13 14 30 31 30 29 30 31 32 31 31 30 31 33 32 32 34 33 36 35 34 33 34 35 
5 2147483647 3 4 2 3 2 1 0 1 2 3 4 4 2147483647 2 2147483647 20 26 25 26 5 26 19 20 21 22 23 24 25 6 18 2147483647 29 25 26 7 10 17 28 27 26 27 28 29 30 9 8 9 15 14 15 16 17 29 28 35 10 9 10 11 12 13 14 15 16 30 30 29 30 34 14 15 31 32 31 30 31 32 33 32 32 31 32 34 33 33 35 34 37 36 35 34 35 36 
6 2147483647 4 5 3 4 3 2 1 0 1 2 3 5 2147483647 3 2147483647 21 27 26 27 6 27 20 21 22 23 24 25 26 7 19 2147483647 30 26 27 8 11 18 29 28 27 28 29 30 31 10 9 10 16 15 16 17 18 30 29 36 11 10 11 12 13 14 15 16 17 31 31 30 31 35 15 16 32 33 32 31 32 33 34 33 33 32 33 35 34 34 36 35 38 37 36 35 36 37 
7 2147483647 5 6 4 5 4 3 2 1 0 1 2 6 2147483647 4 2147483647 22 28 27 28 7 28 21 22 23 24 25 26 27 8 20 2147483647 31 27 28 9 12 19 30 29 28 29 30 31 32 11 10 11 17 16 17 18 19 31 30 37 12 11 12 13 14 15 16 17 18 32 32 31 32 36 16 17 33 34 33 32 33 34 35 34 34 33 34 36 35 35 37 36 39 38 37 36 37 38 
8 2147483647 6 7 5 6 5 4 3 2 1 0 1 7 2147483647 5 2147483647 23 29 28 29 8 29 22 23 24 25 26 27 28 9 21 2147483647 32 28 29 10 13 20 31 30 29 30 31 32 33 12 11 12 18 17 18 19 20 32 31 38 13 12 13 14 15 16 17 18 19 33 33 32 33 37 17 18 34 35 34 33 34 35 36 35 35 34 35 37 36 36 38 37 40 39 38 37 38 39 
2147483647 2147483647 2147483647 2147483647 2147483647 2147483647 2147483647 2147483647 2147483647 2147483647 2147483647 2147483647 0 2147483647 2147483647 2147483647 2147483647 2147483647 2147483647 2147483647 2147483647 2147483647 2147483647 2147483647 2147483647 2147483647 2147483647 2147483647 2147483647 2147483647 2147483647 2147483647 2147483647 2147483647 2147483647 2147483647 2147483647 2147483647 2147483647 2147483647 2147483647 2147483647 2147483647 2147483647 2147483647 2147483647 2147483647 2147483647 2147483647 2147483647 2147483647 2147483647 2147483647 2147483647 2147483647 2147483647 2147483647 2147483647 2147483647 2147483647 2147483647 2147483647 2147483647 2147483647 2147483647 2147483647 2147483647 2147483647 2147483647 2147483647 2147483647 2147483647 2147483647 2147483647 2147483647 2147483647 2147483647 2147483647 2147483647 2147483647 2147483647 2147483647 2147483647 2147483647 2147483647 2147483647 2147483647 2147483647 2147483647 2147483647 2147483647 2147483647 2147483647 2147483647 2147483647 
3 2147483647 2147483647 2 2147483647 1 2147483647 2147483647 2147483647 2147483647 2147483647 17 18 0 2147483647 2147483647 2147483647 16 22 21 22 1 22 15 16 17 18 19 20 21 2 14 2147483647 25 21 22 3 6 13 24 23 22 23 24 25 26 5 4 5 11 10 11 12 13 25 24 31 6 5 6 7 8 9 10 11 12 26 26 25 26 30 10 11 27 28 27 26 27 28 29 28 28 27 28 30 29 29 31 30 33 32 31 30 31 32 
4 2147483647 2147483647 3 2147483647 2 2147483647 2147483647 2147483647 2147483647 2147483647 18 19 1 0 1 2147483647 17 23 22 23 2 23 16 17 18 19 20 21 22 3 15 2147483647 26 22 23 4 7 14 25 24 23 24 25 26 27 6 5 6 12 11 12 13 14 26 25 32 7 6 7 8 9 10 11 12 13 27 27 26 27 31 11 12 28 29 28 27 28 29 30 29 29 28 29 31 30 30 32 31 34 33 32 31 32 33 
2147483647 2147483647 2147483647 2147483647 2147483647 2147483647 2147483647 2147483647 2147483647 2147483647 2147483647 2147483647 2147483647 2147483647 2147483647 0 2147483647 2147483647 2147483647 2147483647 2147483647 2147483647 2147483647 2147483647 2147483647 2147483647 2147483647 2147483647 2147483647 2147483647 2147483647 2147483647 2147483647 2147483647 2147483647 2147483647 2147483647 2147483647 2147483647 2147483647 2147483647 2147483647 2147483647 2147483647 2147483647 2147483647 2147483647 2147483647 2147483647 2147483647 2147483647 2147483647 2147483647 2147483647 2147483647 2147483647 2147483647 2147483647 2147483647 2147483647 2147483647 2147483647 2147483647 2147483647 2147483647 2147483647 2147483647 2147483647 2147483647 2147483647 2147483647 2147483647 2147483647 2147483647 2147483647 2147483647 2147483647 2147483647 2147483647 2147483647 2147483647 2147483647 2147483647 2147483647 2147483647 2147483647 2147483647 2147483647 2147483647 2147483647 2147483647 2147483647 2147483647 2147483647 2147483647 
8 2147483647 6 7 5 6 5 4 3 2 1 2 3 7 2147483647 5 0 23 29 28 29 8 1 22 23 24 25 26 27 28 9 21 2147483647 32 28 29 10 13 20 31 30 29 30 31 32 33 12 11 12 18 17 18 19 20 32 31 38 13 12 13 14 15 16 17 18 19 33 33 32 33 37 17 18 34 35 34 33 34 35 36 35 35 34 35 37 36 36 38 37 40 39 38 37 38 39 
2147483647 2147483647 2147483647 2147483647 2147483647 2147483647 2147483647 2147483647 2147483647 2147483647 2147483647 1 2 2147483647 2147483647 2147483647 2147483647 0 8 7 8 2147483647 8 1 2 3 4 5 6 7 2147483647 2 2147483647 11 7 8 2147483647 2147483647 3 10 9 8 9 10 11 12 2147483647 2147483647 2147483647 7 6 5 4 5 11 10 17 12 11 10 9 8 7 6 5 6 12 12 11 12 16 8 7 13 14 13 12 13 14 15 14 14 13 14 16 15 15 17 16 19 18 17 16 17 18 
2147483647 2147483647 2147483647 2147483647 2147483647 2147483647 2147483647 2147483647 2147483647 2147483647 2147483647 2147483647 2147483647 2147483647 2147483647 2147483647 2147483647 2147483647 0 2147483647 2147483647 2147483647 2147483647 2147483647 2147483647 2147483647 2147483647 2147483647 2147483647 2147483647 2147483647 2147483647 2147483647 2147483647 2147483647 2147483647 2147483647 2147483647 2147483647 2147483647 2147483647 2147483647 2147483647 2147483647 2147483647 2147483647 2147483647 2147483647 2147483647 2147483647 2147483647 2147483647 2147483647 2147483647 2147483647 2147483647 2147483647 2147483647 2147483647 2147483647 2147483647 2147483647 2147483647 2147483647 2147483647 2147483647 2147483647 2147483647 2147483647 2147483647 2147483647 2147483647 2147483647 2147483647 2147483647 2147483647 2147483647 2147483647 2147483647 2147483647 2147483647 2147483647 2147483647 2147483647 2147483647 2147483647 2147483647 2147483647 2147483647 2147483647 2147483647 2147483647 2147483647 2147483647 2147483647 
2147483647 2147483647 2147483647 2147483647 2147483647 2147483647 2147483647 2147483647 2147483647 2147483647 2147483647 2147483647 2147483647 2147483647 2147483647 2147483647 2147483647 2147483647 1 0 1 2147483647 2147483647 2147483647 2147483647 2147483647 2147483647 2147483647 2147483647 2147483647 2147483647 2147483647 2147483647 2147483647 2147483647 2147483647 2147483647 2147483647 2147483647 2147483647 2147483647 2147483647 2147483647 2147483647 2147483647 2147483647 2147483647 2147483647 2147483647 2147483647 2147483647 2147483647 2147483647 2147483647 2147483647 2147483647 2147483647 2147483647 2147483647 2147483647 2147483647 2147483647 2147483647 2147483647 2147483647 2147483647 2147483647 2147483647 2147483647 2147483647 2147483647 2147483647 2147483647 2147483647 2147483647 2147483647 2147483647 2147483647 2147483647 2147483647 2147483647 2147483647 2147483647 2147483647 2147483647 2147483647 2147483647 2147483647 2147483647 2147483647 2147483647 2147483647 2147483647 2147483647 2147483647 
2147483647 2147483647 2147483647 2147483647 2147483647 2147483647 2147483647 2147483647 2147483647 2147483647 2147483647 2147483647 2147483647 2147483647 2147483647 2147483647 2147483647 2147483647 2147483647 2147483647 0 2147483647 2147483647 2147483647 2147483647 2147483647 2147483647 2147483647 2147483647 2147483647 2147483647 2147483647 2147483647 2147483647 2147483647 2147483647 2147483647 2147483647 2147483647 2147483647 2147483647 2147483647 2147483647 2147483647 2147483647 2147483647 2147483647 2147483647 2147483647 2147483647 2147483647 2147483647 2147483647 2147483647 2147483647 2147483647 2147483647 2147483647 2147483647 2147483647 2147483647 2147483647 2147483647 2147483647 2147483647 2147483647 2147483647 2147483647 2147483647 2147483647 2147483647 2147483647 2147483647 2147483647 2147483647 2147483647 2147483647 2147483647 2147483647 2147483647 2147483647 2147483647 2147483647 2147483647 2147483647 2147483647 2147483647 2147483647 2147483647 2147483647 2147483647 2147483647 2147483647 2147483647 2147483647 
4 2147483647 2147483647 3 2147483647 2 2147483647 2147483647 2147483647 2147483647 2147483647 16 17 1 2147483647 2147483647 2147483647 15 21 20 21 0 21 14 15 16 17 18 19 20 1 13 2147483647 24 20 21 2 5 12 23 22 21 22 23 24 25 4 3 4 10 9 10 11 12 24 23 30 5 4 5 6 7 8 9 10 11 25 25 24 25 29 9 10 26 27 26 25 26 27 28 27 27 26 27 29 28 28 30 29 32 31 30 29 30 31 
2147483647 2147483647 2147483647 2147483647 2147483647 2147483647 2147483647 2147483647 2147483647 2147483647 2147483647 2147483647 2147483647 2147483647 2147483647 2147483647 2147483647 2147483647 2147483647 2147483647 2147483647 2147483647 0 2147483647 2147483647 2147483647 2147483647 2147483647 2147483647 2147483647 2147483647 2147483647 2147483647 2147483647 2147483647 2147483647 2147483647 2147483647 2147483647 2147483647 2147483647 2147483647 2147483647 2147483647 2147483647 2147483647 2147483647 2147483647 2147483647 2147483647 2147483647 2147483647 2147483647 2147483647 2147483647 2147483647 2147483647 2147483647 2147483647 2147483647 2147483647 2147483647 2147483647 2147483647 2147483647 2147483647 2147483647 2147483647 2147483647 2147483647 2147483647 2147483647 2147483647 2147483647 2147483647 2147483647 2147483647 2147483647 2147483647 2147483647 2147483647 2147483647 2147483647 2147483647 2147483647 2147483647 2147483647 2147483647 2147483647 2147483647 2147483647 2147483647 2147483647 2147483647 2147483647 
2147483647 2147483647 2147483647 2147483647 2147483647 2147483647 2147483647 2147483647 2147483647 2147483647 2147483647 2 3 2147483647 2147483647 2147483647 2147483647 1 7 6 7 2147483647 1 0 1 2 3 4 5 6 2147483647 1 2147483647 10 6 7 2147483647 2147483647 2 9 8 7 8 9 10 11 2147483647 2147483647 2147483647 6 5 4 3 4 10 9 16 11 10 9 8 7 6 5 4 5 11 11 10 11 15 7 6 12 13 12 11 12 13 14 13 13 12 13 15 14 14 16 15 18 17 16 15 16 17 
2147483647 2147483647 2147483647 2147483647 2147483647 2147483647 2147483647 2147483647 2147483647 2147483647 2147483647 2147483647 2147483647 2147483647 2147483647 2147483647 2147483647 2147483647 6 5 6 2147483647 2 1 0 1 2 3 4 5 2147483647 2147483647 2147483647 9 5 6 2147483647 2147483647 2147483647 8 7 6 7 8 9 10 2147483647 2147483647 2147483647 2147483647 2147483647 2147483647 2147483647 2147483647 9 8 15 2147483647 2147483647 2147483647 2147483647 2147483647 2147483647 2147483647 2147483647 2147483647 10 10 9 10 14 2147483647 2147483647 11 12 11 10 11 12 13 12 12 11 12 14 13 13 15 14 17 16 15 14 15 16 
2147483647 2147483647 2147483647 2147483647 2147483647 2147483647 2147483647 2147483647 2147483647 2147483647 2147483647 2147483647 2147483647 2147483647 2147483647 2147483647 2147483647 2147483647 5 4 5 2147483647 3 2 1 0 1 2 3 4 2147483647 2147483647 2147483647 8 4 5 2147483647 2147483647 2147483647 7 6 5 6 7 8 9 2147483647 2147483647 2147483647 2147483647 2147483647 2147483647 2147483647 2147483647 8 7 14 2147483647 2147483647 2147483647 2147483647 2147483647 2147483647 2147483647 2147483647 2147483647 9 9 8 9 13 2147483647 2147483647 10 11 10 9 10 11 12 11 11 10 11 13 12 12 14 13 16 15 14 13 14 15 
2147483647 2147483647 2147483647 2147483647 2147483647 2147483647 2147483647 2147483647 2147483647 2147483647 2147483647 2147483647 2147483647 2147483647 2147483647 2147483647 2147483647 2147483647 4 3 4 2147483647 4 3 2 1 0 1 2 3 2147483647 2147483647 2147483647 7 3 4 2147483647 2147483647 2147483647 6 5 4 5 6 7 8 2147483647 2147483647 2147483647 2147483647 2147483647 2147483647 2147483647 2147483647 7 6 13 2147483647 2147483647 2147483647 2147483647 2147483647 2147483647 2147483647 2147483647 2147483647 8 8 7 8 12 2147483647 2147483647 9 10 9 8 9 10 11 10 10 9 10 12 11 11 13 12 15 14 13 12 13 14 
2147483647 2147483647 2147483647 2147483647 2147483647 2147483647 2147483647 2147483647 2147483647 2147483647 2147483647 2147483647 2147483647 2147483647 2147483647 2147483647 2147483647 2147483647 3 2 3 2147483647 5 4 3 2 1 0 1 2 2147483647 2147483647 2147483647 6 2 3 2147483647 2147483647 2147483647 5 4 3 4 5 6 7 2147483647 2147483647 2147483647 2147483647 2147483647 2147483647 2147483647 2147483647 6 5 12 2147483647 2147483647 2147483647 2147483647 2147483647 2147483647 2147483647 2147483647 2147483647 7 7 6 7 11 2147483647 2147483647 8 9 8 7 8 9 10 9 9 8 9 11 10 10 12 11 14 13 12 11 12 13 
2147483647 2147483647 2147483647 2147483647 2147483647 2147483647 2147483647 2147483647 2147483647 2147483647 2147483647 2147483647 2147483647 2147483647 2147483647 2147483647 2147483647 2147483647 2 1 2 2147483647 6 5 4 3 2 1 0 1 2147483647 2147483647 2147483647 5 1 2 2147483647 2147483647 2147483647 4 3 2 3 4 5 6 2147483647 2147483647 2147483647 2147483647 2147483647 2147483647 2147483647 2147483647 5 4 11 2147483647 2147483647 2147483647 2147483647 2147483647 2147483647 2147483647 2147483647 2147483647 6 6 5 6 10 2147483647 2147483647 7 8 7 6 7 8 9 8 8 7 8 10 9 9 11 10 13 12 11 10 11 12 
2147483647 2147483647 2147483647 2147483647 2147483647 2147483647 2147483647 2147483647 2147483647 2147483647 2147483647 2147483647 2147483647 2147483647 2147483647 2147483647 2147483647 2147483647 11 10 1 2147483647 11 10 9 8 7 8 9 0 2147483647 2147483647 2147483647 6 10 1 2147483647 2147483647 2147483647 5 4 3 2 3 4 5 2147483647 2147483647 2147483647 2147483647 2147483647 2147483647 2147483647 2147483647 6 3 10 2147483647 2147483647 2147483647 2147483647 2147483647 2147483647 2147483647 2147483647 2147483647 7 5 4 5 9 2147483647 2147483647 8 7 6 5 6 7 8 9 7 6 7 9 10 8 10 11 12 11 10 9 10 11 
5 2147483647 2147483647 4 2147483647 3 2147483647 2147483647 2147483647 2147483647 2147483647 15 16 2 2147483647 2147483647 2147483647 14 20 19 20 1 20 13 14 15 16 17 18 19 0 12 2147483647 23 19 20 1 4 11 22 21 20 21 22 23 24 3 2 3 9 8 9 10 11 23 22 29 4 3 4 5 6 7 8 9 10 24 24 23 24 28 8 9 25 26 25 24 25 26 27 26 26 25 26 28 27 27 29 28 31 30 29 28 29 30 
2147483647 2147483647 2147483647 2147483647 2147483647 2147483647 2147483647 2147483647 2147483647 2147483647 2147483647 3 4 2147483647 2147483647 2147483647 2147483647 2 8 7 8 2147483647 8 1 2 3 4 5 6 7 2147483647 0 2147483647 11 7 8 2147483647 2147483647 1 10 9 8 9 10 11 12 2147483647 2147483647 2147483647 5 4 3 2 3 11 10 17 10 9 8 7 6 5 4 3 4 12 12 11 12 16 6 5 13 14 13 12 13 14 15 14 14 13 14 16 15 15 17 16 19 18 17 16 17 18 
2147483647 2147483647 2147483647 2147483647 2147483647 2147483647 2147483647 2147483647 2147483647 2147483647 2147483647 2147483647 2147483647 2147483647 2147483647 2147483647 2147483647 2147483647 2147483647 2147483647 2147483647 2147483647 2147483647 2147483647 2147483647 2147483647 2147483647 2147483647 2147483647 2147483647 2147483647 2147483647 0 2147483647 2147483647 2147483647 2147483647 2147483647 2147483647 2147483647 2147483647 2147483647 2147483647 2147483647 2147483647 2147483647 2147483647 2147483647 2147483647 2147483647 2147483647 2147483647 2147483647 2147483647 2147483647 2147483647 2147483647 2147483647 2147483647 2147483647 2147483647 2147483647 2147483647 2147483647 2147483647 2147483647 2147483647 2147483647 2147483647 2147483647 2147483647 2147483647 2147483647 2147483647 2147483647 2147483647 2147483647 2147483647 2147483647 2147483647 2147483647 2147483647 2147483647 2147483647 2147483647 2147483647 2147483647 2147483647 2147483647 2147483647 2147483647 2147483647 2147483647 2147483647 2147483647 
2147483647 2147483647 2147483647 2147483647 2147483647 2147483647 2147483647 2147483647 2147483647 2147483647 2147483647 2147483647 2147483647 2147483647 2147483647 2147483647 2147483647 2147483647 5 4 5 2147483647 5 4 3 2 1 2 3 4 2147483647 2147483647 2147483647 0 4 5 2147483647 2147483647 2147483647 1 6 5 6 7 8 9 2147483647 2147483647 2147483647 2147483647 2147483647 2147483647 2147483647 2147483647 2 7 14 2147483647 2147483647 2147483647 2147483647 2147483647 2147483647 2147483647 2147483647 2147483647 3 9 8 9 13 2147483647 2147483647 4 11 10 9 10 11 12 5 11 10 11 13 6 12 14 7 16 15 14 13 14 15 
2147483647 2147483647 2147483647 2147483647 2147483647 2147483647 2147483647 2147483647 2147483647 2147483647 2147483647 2147483647 2147483647 2147483647 2147483647 2147483647 2147483647 2147483647 3 2 3 2147483647 7 6 5 4 3 2 1 2 2147483647 2147483647 2147483647 4 0 3 2147483647 2147483647 2147483647 3 2 1 2 3 4 5 2147483647 2147483647 2147483647 2147483647 2147483647 2147483647 2147483647 2147483647 4 3 10 2147483647 2147483647 2147483647 2147483647 2147483647 2147483647 2147483647 2147483647 2147483647 5 5 4 5 9 2147483647 2147483647 6 7 6 5 6 7 8 7 7 6 7 9 8 8 10 9 12 11 10 9 10 11 
2147483647 2147483647 2147483647 2147483647 2147483647 2147483647 2147483647 2147483647 2147483647 2147483647 2147483647 2147483647 2147483647 2147483647 2147483647 2147483647 2147483647 2147483647 10 9 2 2147483647 10 9 8 7 6 7 8 1 2147483647 2147483647 2147483647 5 9 0 2147483647 2147483647 2147483647 4 3 2 1 2 3 4 2147483647 2147483647 2147483647 2147483647 2147483647 2147483647 2147483647 2147483647 5 2 9 2147483647 2147483647 2147483647 2147483647 2147483647 2147483647 2147483647 2147483647 2147483647 6 4 3 4 8 2147483647 2147483647 7 6 5 4 5 6 7 8 6 5 6 8 9 7 9 10 11 10 9 8 9 10 
6 2147483647 2147483647 5 2147483647 4 2147483647 2147483647 2147483647 2147483647 2147483647 14 15 3 2147483647 2147483647 2147483647 13 19 18 19 2 19 12 13 14 15 16 17 18 1 11 2147483647 22 18 19 0 3 10 21 20 19 20 21 22 23 2 1 2 8 7 8 9 10 22 21 28 3 2 3 4 5 6 7 8 9 23 23 22 23 27 7 8 24 25 24 23 24 25 26 25 25 24 25 27 26 26 28 27 30 29 28 27 28 29 
2147483647 2147483647 2147483647 2147483647 2147483647 2147483647 2147483647 2147483647 2147483647 2147483647 2147483647 2147483647 2147483647 2147483647 2147483647 2147483647 2147483647 2147483647 2147483647 2147483647 2147483647 2147483647 2147483647 2147483647 2147483647 2147483647 2147483647 2147483647 2147483647 2147483647 2147483647 2147483647 2147483647 2147483647 2147483647 2147483647 2147483647 0 2147483647 2147483647 2147483647 2147483647 2147483647 2147483647 2147483647 2147483647 2147483647 2147483647 2147483647 2147483647 2147483647 2147483647 2147483647 2147483647 2147483647 2147483647 2147483647 2147483647 2147483647 2147483647 2147483647 2147483647 2147483647 2147483647 2147483647 2147483647 2147483647 2147483647 2147483647 2147483647 2147483647 2147483647 2147483647 2147483647 2147483647 2147483647 2147483647 2147483647 2147483647 2147483647 2147483647 2147483647 2147483647 2147483647 2147483647 2147483647 2147483647 2147483647 2147483647 2147483647 2147483647 2147483647 2147483647 2147483647 2147483647 
2147483647 2147483647 2147483647 2147483647 2147483647 2147483647 2147483647 2147483647 2147483647 2147483647 2147483647 4 5 2147483647 2147483647 2147483647 2147483647 3 9 8 9 2147483647 9 2 3 4 5 6 7 8 2147483647 1 2147483647 12 8 9 2147483647 2147483647 0 11 10 9 10 11 12 13 2147483647 2147483647 2147483647 4 3 2 1 2 12 11 18 9 8 7 6 5 4 3 2 3 13 13 12 13 17 5 4 14 15 14 13 14 15 16 15 15 14 15 17 16 16 18 17 20 19 18 17 18 19 
2147483647 2147483647 2147483647 2147483647 2147483647 2147483647 2147483647 2147483647 2147483647 2147483647 2147483647 2147483647 2147483647 2147483647 2147483647 2147483647 2147483647 2147483647 6 5 6 2147483647 6 5 4 3 2 3 4 5 2147483647 2147483647 2147483647 1 5 6 2147483647 2147483647 2147483647 0 7 6 7 8 9 10 2147483647 2147483647 2147483647 2147483647 2147483647 2147483647 2147483647 2147483647 1 8 15 2147483647 2147483647 2147483647 2147483647 2147483647 2147483647 2147483647 2147483647 2147483647 2 10 9 10 14 2147483647 2147483647 3 12 11 10 11 12 13 4 12 11 12 14 5 13 15 6 17 16 15 14 15 16 
2147483647 2147483647 2147483647 2147483647 2147483647 2147483647 2147483647 2147483647 2147483647 2147483647 2147483647 2147483647 2147483647 2147483647 2147483647 2147483647 2147483647 2147483647 7 6 5 2147483647 7 6 5 4 3 4 5 4 2147483647 2147483647 2147483647 2 6 3 2147483647 2147483647 2147483647 1 0 1 2 3 4 5 2147483647 2147483647 2147483647 2147483647 2147483647 2147483647 2147483647 2147483647 2 3 10 2147483647 2147483647 2147483647 2147483647 2147483647 2147483647 2147483647 2147483647 2147483647 3 5 4 5 9 2147483647 2147483647 4 7 6 5 6 7 8 5 7 6 7 9 6 8 10 7 12 11 10 9 10 11 
2147483647 2147483647 2147483647 2147483647 2147483647 2147483647 2147483647 2147483647 2147483647 2147483647 2147483647 2147483647 2147483647 2147483647 2147483647 2147483647 2147483647 2147483647 8 7 4 2147483647 8 7 6 5 4 5 6 3 2147483647 2147483647 2147483647 3 7 2 2147483647 2147483647 2147483647 2 1 0 1 2 3 4 2147483647 2147483647 2147483647 2147483647 2147483647 2147483647 2147483647 2147483647 3 2 9 2147483647 2147483647 2147483647 2147483647 2147483647 2147483647 2147483647 2147483647 2147483647 4 4 3 4 8 2147483647 2147483647 5 6 5 4 5 6 7 6 6 5 6 8 7 7 9 8 11 10 9 8 9 10 
2147483647 2147483647 2147483647 2147483647 2147483647 2147483647 2147483647 2147483647 2147483647 2147483647 2147483647 2147483647 2147483647 2147483647 2147483647 2147483647 2147483647 2147483647 9 8 3 2147483647 9 8 7 6 5 6 7 2 2147483647 2147483647 2147483647 4 8 1 2147483647 2147483647 2147483647 3 2 1 0 1 2 3 2147483647 2147483647 2147483647 2147483647 2147483647 2147483647 2147483647 2147483647 4 1 8 2147483647 2147483647 2147483647 2147483647 2147483647 2147483647 2147483647 2147483647 2147483647 5 3 2 3 7 2147483647 2147483647 6 5 4 3 4 5 6 7 5 4 5 7 8 6 8 9 10 9 8 7 8 9 
2147483647 2147483647 2147483647 2147483647 2147483647 2147483647 2147483647 2147483647 2147483647 2147483647 2147483647 2147483647 2147483647 2147483647 2147483647 2147483647 2147483647 2147483647 10 9 4 2147483647 10 9 8 7 6 7 8 3 2147483647 2147483647 2147483647 5 9 2 2147483647 2147483647 2147483647 4 3 2 1 0 1 2 2147483647 2147483647 2147483647 2147483647 2147483647 2147483647 2147483647 2147483647 5 2 9 2147483647 2147483647 2147483647 2147483647 2147483647 2147483647 2147483647 2147483647 2147483647 6 4 3 4 8 2147483647 2147483647 7 6 5 4 5 6 7 8 6 5 6 8 9 7 9 10 11 10 9 8 9 10 
2147483647 2147483647 2147483647 2147483647 2147483647 2147483647 2147483647 2147483647 2147483647 2147483647 2147483647 2147483647 2147483647 2147483647 2147483647 2147483647 2147483647 2147483647 11 10 5 2147483647 11 10 9 8 7 8 9 4 2147483647 2147483647 2147483647 6 10 3 2147483647 2147483647 2147483647 5 4 3 2 1 0 1 2147483647 2147483647 2147483647 2147483647 2147483647 2147483647 2147483647 2147483647 6 3 10 2147483647 2147483647 2147483647 2147483647 2147483647 2147483647 2147483647 2147483647 2147483647 7 5 4 5 9 2147483647 2147483647 8 7 6 5 6 7 8 9 7 6 7 9 10 8 10 11 12 11 10 9 10 11 
2147483647 2147483647 2147483647 2147483647 2147483647 2147483647 2147483647 2147483647 2147483647 2147483647 2147483647 2147483647 2147483647 2147483647 2147483647 2147483647 2147483647 2147483647 2147483647 2147483647 2147483647 2147483647 2147483647 2147483647 2147483647 2147483647 2147483647 2147483647 2147483647 2147483647 2147483647 2147483647 2147483647 2147483647 2147483647 2147483647 2147483647 2147483647 2147483647 2147483647 2147483647 2147483647 2147483647 2147483647 2147483647 0 2147483647 2147483647 2147483647 2147483647 2147483647 2147483647 2147483647 2147483647 2147483647 2147483647 2147483647 2147483647 2147483647 2147483647 2147483647 2147483647 2147483647 2147483647 2147483647 2147483647 2147483647 2147483647 2147483647 2147483647 2147483647 2147483647 2147483647 2147483647 2147483647 2147483647 2147483647 2147483647 2147483647 2147483647 2147483647 2147483647 2147483647 2147483647 2147483647 2147483647 2147483647 2147483647 2147483647 2147483647 2147483647 2147483647 2147483647 2147483647 2147483647 
2147483647 2147483647 2147483647 2147483647 2147483647 2147483647 2147483647 2147483647 2147483647 2147483647 2147483647 2147483647 2147483647 2147483647 2147483647 2147483647 2147483647 2147483647 2147483647 2147483647 2147483647 2147483647 2147483647 2147483647 2147483647 2147483647 2147483647 2147483647 2147483647 2147483647 2147483647 2147483647 2147483647 2147483647 2147483647 2147483647 2147483647 2147483647 2147483647 2147483647 2147483647 2147483647 2147483647 2147483647 2147483647 2147483647 0 2147483647 2147483647 2147483647 2147483647 2147483647 2147483647 2147483647 2147483647 2147483647 2147483647 2147483647 2147483647 2147483647 2147483647 2147483647 2147483647 2147483647 2147483647 2147483647 2147483647 2147483647 2147483647 2147483647 2147483647 2147483647 2147483647 2147483647 2147483647 2147483647 2147483647 2147483647 2147483647 2147483647 2147483647 2147483647 2147483647 2147483647 2147483647 2147483647 2147483647 2147483647 2147483647 2147483647 2147483647 2147483647 2147483647 2147483647 2147483647 
7 2147483647 2147483647 6 2147483647 5 2147483647 2147483647 2147483647 2147483647 2147483647 13 14 4 2147483647 2147483647 2147483647 12 18 17 18 3 18 11 12 13 14 15 16 17 2 10 2147483647 21 17 18 1 2 9 20 19 18 19 20 21 22 1 0 1 7 6 7 8 9 21 20 27 2 1 2 3 4 5 6 7 8 22 22 21 22 26 6 7 23 24 23 22 23 24 25 24 24 23 24 26 25 25 27 26 29 28 27 26 27 28 
2147483647 2147483647 2147483647 2147483647 2147483647 2147483647 2147483647 2147483647 2147483647 2147483647 2147483647 12 13 2147483647 2147483647 2147483647 2147483647 11 17 16 17 2147483647 17 10 11 12 13 14 15 16 2147483647 9 2147483647 20 16 17 2147483647 1 8 19 18 17 18 19 20 21 2147483647 2147483647 0 6 5 6 7 8 20 19 26 3 2 1 2 3 4 5 6 7 21 21 20 21 25 5 6 22 23 22 21 22 23 24 23 23 22 23 25 24 24 26 25 28 27 26 25 26 27 
2147483647 2147483647 2147483647 2147483647 2147483647 2147483647 2147483647 2147483647 2147483647 2147483647 2147483647 2147483647 2147483647 2147483647 2147483647 2147483647 2147483647 2147483647 2147483647 2147483647 2147483647 2147483647 2147483647 2147483647 2147483647 2147483647 2147483647 2147483647 2147483647 2147483647 2147483647 2147483647 2147483647 2147483647 2147483647 2147483647 2147483647 2147483647 2147483647 2147483647 2147483647 2147483647 2147483647 2147483647 2147483647 2147483647 2147483647 2147483647 2147483647 0 2147483647 2147483647 2147483647 2147483647 2147483647 2147483647 2147483647 2147483647 2147483647 2147483647 2147483647 2147483647 2147483647 2147483647 2147483647 2147483647 2147483647 2147483647 2147483647 2147483647 2147483647 2147483647 2147483647 2147483647 2147483647 2147483647 2147483647 2147483647 2147483647 2147483647 2147483647 2147483647 2147483647 2147483647 2147483647 2147483647 2147483647 2147483647 2147483647 2147483647 2147483647 2147483647 2147483647 2147483647 2147483647 
2147483647 2147483647 2147483647 2147483647 2147483647 2147483647 2147483647 2147483647 2147483647 2147483647 2147483647 7 8 2147483647 2147483647 2147483647 2147483647 6 12 11 12 2147483647 12 5 6 7 8 9 10 11 2147483647 4 2147483647 15 11 12 2147483647 2147483647 3 14 13 12 13 14 15 16 2147483647 2147483647 2147483647 1 0 1 2 3 15 14 21 10 9 8 7 6 5 4 3 4 16 16 15 16 20 6 5 17 18 17 16 17 18 19 18 18 17 18 20 19 19 21 20 23 22 21 20 21 22 
2147483647 2147483647 2147483647 2147483647 2147483647 2147483647 2147483647 2147483647 2147483647 2147483647 2147483647 6 7 2147483647 2147483647 2147483647 2147483647 5 11 10 11 2147483647 11 4 5 6 7 8 9 10 2147483647 3 2147483647 14 10 11 2147483647 2147483647 2 13 12 11 12 13 14 15 2147483647 2147483647 2147483647 2 1 0 1 2 14 13 20 9 8 7 6 5 4 3 2 3 15 15 14 15 19 5 4 16 17 16 15 16 17 18 17 17 16 17 19 18 18 20 19 22 21 20 19 20 21 
2147483647 2147483647 2147483647 2147483647 2147483647 2147483647 2147483647 2147483647 2147483647 2147483647 2147483647 5 6 2147483647 2147483647 2147483647 2147483647 4 10 9 10 2147483647 10 3 4 5 6 7 8 9 2147483647 2 2147483647 13 9 10 2147483647 2147483647 1 12 11 10 11 12 13 14 2147483647 2147483647 2147483647 3 2 1 0 1 13 12 19 8 7 6 5 4 3 2 1 2 14 14 13 14 18 4 3 15 16 15 14 15 16 17 16 16 15 16 18 17 17 19 18 21 20 19 18 19 20 
2147483647 2147483647 2147483647 2147483647 2147483647 2147483647 2147483647 2147483647 2147483647 2147483647 2147483647 2147483647 2147483647 2147483647 2147483647 2147483647 2147483647 2147483647 2147483647 2147483647 2147483647 2147483647 2147483647 2147483647 2147483647 2147483647 2147483647 2147483647 2147483647 2147483647 2147483647 2147483647 2147483647 2147483647 2147483647 2147483647 2147483647 2147483647 2147483647 2147483647 2147483647 2147483647 2147483647 2147483647 2147483647 2147483647 2147483647 2147483647 2147483647 2147483647 2147483647 2147483647 2147483647 0 2147483647 2147483647 2147483647 2147483647 2147483647 2147483647 2147483647 2147483647 2147483647 2147483647 2147483647 2147483647 2147483647 2147483647 2147483647 2147483647 2147483647 2147483647 2147483647 2147483647 2147483647 2147483647 2147483647 2147483647 2147483647 2147483647 2147483647 2147483647 2147483647 2147483647 2147483647 2147483647 2147483647 2147483647 2147483647 2147483647 2147483647 2147483647 2147483647 2147483647 2147483647 
2147483647 2147483647 2147483647 2147483647 2147483647 2147483647 2147483647 2147483647 2147483647 2147483647 2147483647 2147483647 2147483647 2147483647 2147483647 2147483647 2147483647 2147483647 7 6 7 2147483647 7 6 5 4 3 4 5 6 2147483647 2147483647 2147483647 2 6 7 2147483647 2147483647 2147483647 1 8 7 8 9 10 11 2147483647 2147483647 2147483647 2147483647 2147483647 2147483647 2147483647 2147483647 0 9 16 2147483647 2147483647 2147483647 2147483647 2147483647 2147483647 2147483647 2147483647 2147483647 1 11 10 11 15 2147483647 2147483647 2 13 12 11 12 13 14 3 13 12 13 15 4 14 16 5 18 17 16 15 16 17 
2147483647 2147483647 2147483647 2147483647 2147483647 2147483647 2147483647 2147483647 2147483647 2147483647 2147483647 2147483647 2147483647 2147483647 2147483647 2147483647 2147483647 2147483647 10 9 4 2147483647 10 9 8 7 6 7 8 3 2147483647 2147483647 2147483647 5 9 2 2147483647 2147483647 2147483647 4 3 2 1 2 3 4 2147483647 2147483647 2147483647 2147483647 2147483647 2147483647 2147483647 2147483647 5 0 7 2147483647 2147483647 2147483647 2147483647 2147483647 2147483647 2147483647 2147483647 2147483647 6 2 1 2 6 2147483647 2147483647 5 4 3 2 3 4 5 6 4 3 4 6 7 5 7 8 9 8 7 6 7 8 
2147483647 2147483647 2147483647 2147483647 2147483647 2147483647 2147483647 2147483647 2147483647 2147483647 2147483647 2147483647 2147483647 2147483647 2147483647 2147483647 2147483647 2147483647 2147483647 2147483647 2147483647 2147483647 2147483647 2147483647 2147483647 2147483647 2147483647 2147483647 2147483647 2147483647 2147483647 2147483647 2147483647 2147483647 2147483647 2147483647 2147483647 2147483647 2147483647 2147483647 2147483647 2147483647 2147483647 2147483647 2147483647 1 2147483647 2147483647 2147483647 2147483647 2147483647 2147483647 2147483647 2147483647 2147483647 2147483647 0 2147483647 2147483647 2147483647 2147483647 2147483647 2147483647 2147483647 2147483647 2147483647 2147483647 2147483647 2147483647 2147483647 1 2147483647 2147483647 2147483647 2147483647 2147483647 2147483647 2147483647 2147483647 2 2147483647 2147483647 2147483647 2147483647 3 2147483647 2147483647 4 2147483647 2147483647 2147483647 2147483647 2147483647 2147483647 5 
2147483647 2147483647 2147483647 2147483647 2147483647 2147483647 2147483647 2147483647 2147483647 2147483647 2147483647 2147483647 2147483647 2147483647 2147483647 2147483647 2147483647 2147483647 2147483647 2147483647 2147483647 2147483647 2147483647 2147483647 2147483647 2147483647 2147483647 2147483647 2147483647 2147483647 2147483647 2147483647 2147483647 2147483647 2147483647 2147483647 2147483647 2147483647 2147483647 2147483647 2147483647 2147483647 2147483647 2147483647 2147483647 2147483647 2147483647 2147483647 2147483647 2147483647 2147483647 2147483647 2147483647 2147483647 2147483647 2147483647 2147483647 0 2147483647 2147483647 2147483647 2147483647 2147483647 2147483647 2147483647 2147483647 2147483647 2147483647 2147483647 2147483647 2147483647 2147483647 2147483647 2147483647 2147483647 2147483647 2147483647 2147483647 2147483647 2147483647 2147483647 2147483647 2147483647 2147483647 2147483647 2147483647 2147483647 2147483647 2147483647 2147483647 2147483647 2147483647 2147483647 2147483647 2147483647 
2147483647 2147483647 2147483647 2147483647 2147483647 2147483647 2147483647 2147483647 2147483647 2147483647 2147483647 12 13 2147483647 2147483647 2147483647 2147483647 11 17 16 17 2147483647 17 10 11 12 13 14 15 16 2147483647 9 2147483647 20 16 17 2147483647 2147483647 8 19 18 17 18 19 20 21 2147483647 2147483647 2147483647 6 5 6 7 8 20 19 26 1 0 1 2 3 4 5 6 7 21 21 20 21 25 5 6 22 23 22 21 22 23 24 23 23 22 23 25 24 24 26 25 28 27 26 25 26 27 
2147483647 2147483647 2147483647 2147483647 2147483647 2147483647 2147483647 2147483647 2147483647 2147483647 2147483647 11 12 2147483647 2147483647 2147483647 2147483647 10 16 15 16 2147483647 16 9 10 11 12 13 14 15 2147483647 8 2147483647 19 15 16 2147483647 2147483647 7 18 17 16 17 18 19 20 2147483647 2147483647 2147483647 5 4 5 6 7 19 18 25 2 1 0 1 2 3 4 5 6 20 20 19 20 24 4 5 21 22 21 20 21 22 23 22 22 21 22 24 23 23 25 24 27 26 25 24 25 26 
2147483647 2147483647 2147483647 2147483647 2147483647 2147483647 2147483647 2147483647 2147483647 2147483647 2147483647 10 11 2147483647 2147483647 2147483647 2147483647 9 15 14 15 2147483647 15 8 9 10 11 12 13 14 2147483647 7 2147483647 18 14 15 2147483647 2147483647 6 17 16 15 16 17 18 19 2147483647 2147483647 2147483647 4 3 4 5 6 18 17 24 3 2 1 0 1 2 3 4 5 19 19 18 19 23 3 4 20 21 20 19 20 21 22 21 21 20 21 23 22 22 24 23 26 25 24 23 24 25 
2147483647 2147483647 2147483647 2147483647 2147483647 2147483647 2147483647 2147483647 2147483647 2147483647 2147483647 9 10 2147483647 2147483647 2147483647 2147483647 8 14 13 14 2147483647 14 7 8 9 10 11 12 13 2147483647 6 2147483647 17 13 14 2147483647 2147483647 5 16 15 14 15 16 17 18 2147483647 2147483647 2147483647 3 2 3 4 5 17 16 23 4 3 2 1 0 1 2 3 4 18 18 17 18 22 2 3 19 20 19 18 19 20 21 20 20 19 20 22 21 21 23 22 25 24 23 22 23 24 
2147483647 2147483647 2147483647 2147483647 2147483647 2147483647 2147483647 2147483647 2147483647 2147483647 2147483647 8 9 2147483647 2147483647 2147483647 2147483647 7 13 12 13 2147483647 13 6 7 8 9 10 11 12 2147483647 5 2147483647 16 12 13 2147483647 2147483647 4 15 14 13 14 15 16 17 2147483647 2147483647 2147483647 2 1 2 3 4 16 15 22 5 4 3 2 1 0 1 2 3 17 17 16 17 21 1 2 18 19 18 17 18 19 20 19 19 18 19 21 20 20 22 21 24 23 22 21 22 23 
2147483647 2147483647 2147483647 2147483647 2147483647 2147483647 2147483647 2147483647 2147483647 2147483647 2147483647 7 8 2147483647 2147483647 2147483647 2147483647 6 12 11 12 2147483647 12 5 6 7 8 9 10 11 2147483647 4 2147483647 15 11 12 2147483647 2147483647 3 14 13 12 13 14 15 16 2147483647 2147483647 2147483647 3 2 1 2 3 15 14 21 6 5 4 3 2 1 0 1 2 16 16 15 16 20 2 1 17 18 17 16 17 18 19 18 18 17 18 20 19 19 21 20 23 22 21 20 21 22 
2147483647 2147483647 2147483647 2147483647 2147483647 2147483647 2147483647 2147483647 2147483647 2147483647 2147483647 8 9 2147483647 2147483647 2147483647 2147483647 7 13 12 13 2147483647 13 6 7 8 9 10 11 12 2147483647 5 2147483647 16 12 13 2147483647 2147483647 4 15 14 13 14 15 16 17 2147483647 2147483647 2147483647 4 3 2 3 4 16 15 22 7 6 5 4 3 2 1 0 1 17 17 16 17 21 3 2 18 19 18 17 18 19 20 19 19 18 19 21 20 20 22 21 24 23 22 21 22 23 
2147483647 2147483647 2147483647 2147483647 2147483647 2147483647 2147483647 2147483647 2147483647 2147483647 2147483647 2147483647 2147483647 2147483647 2147483647 2147483647 2147483647 2147483647 2147483647 2147483647 2147483647 2147483647 2147483647 2147483647 2147483647 2147483647 2147483647 2147483647 2147483647 2147483647 2147483647 2147483647 2147483647 2147483647 2147483647 2147483647 2147483647 2147483647 2147483647 2147483647 2147483647 2147483647 2147483647 2147483647 2147483647 2147483647 2147483647 2147483647 2147483647 2147483647 2147483647 2147483647 2147483647 2147483647 2147483647 2147483647 2147483647 2147483647 2147483647 2147483647 2147483647 2147483647 2147483647 2147483647 2147483647 0 2147483647 2147483647 2147483647 2147483647 2147483647 2147483647 2147483647 2147483647 2147483647 2147483647 2147483647 2147483647 2147483647 2147483647 2147483647 2147483647 2147483647 2147483647 2147483647 2147483647 2147483647 2147483647 2147483647 2147483647 2147483647 2147483647 2147483647 2147483647 2147483647 
2147483647 2147483647 2147483647 2147483647 2147483647 2147483647 2147483647 2147483647 2147483647 2147483647 2147483647 2147483647 2147483647 2147483647 2147483647 2147483647 2147483647 2147483647 8 7 8 2147483647 8 7 6 5 4 5 6 7 2147483647 2147483647 2147483647 3 7 8 2147483647 2147483647 2147483647 2 9 8 9 10 11 12 2147483647 2147483647 2147483647 2147483647 2147483647 2147483647 2147483647 2147483647 1 10 17 2147483647 2147483647 2147483647 2147483647 2147483647 2147483647 2147483647 2147483647 2147483647 0 12 11 12 16 2147483647 2147483647 1 14 13 12 13 14 15 2 14 13 14 16 3 15 17 4 19 18 17 16 17 18 
2147483647 2147483647 2147483647 2147483647 2147483647 2147483647 2147483647 2147483647 2147483647 2147483647 2147483647 2147483647 2147483647 2147483647 2147483647 2147483647 2147483647 2147483647 2147483647 2147483647 2147483647 2147483647 2147483647 2147483647 2147483647 2147483647 2147483647 2147483647 2147483647 2147483647 2147483647 2147483647 2147483647 2147483647 2147483647 2147483647 2147483647 2147483647 2147483647 2147483647 2147483647 2147483647 2147483647 2147483647 2147483647 2147483647 2147483647 2147483647 2147483647 2147483647 2147483647 2147483647 2147483647 2147483647 2147483647 2147483647 2147483647 2147483647 2147483647 2147483647 2147483647 2147483647 2147483647 2147483647 2147483647 2147483647 2147483647 0 2147483647 2147483647 2147483647 2147483647 2147483647 2147483647 2147483647 2147483647 2147483647 2147483647 2147483647 2147483647 2147483647 2147483647 2147483647 2147483647 2147483647 2147483647 2147483647 2147483647 2147483647 2147483647 2147483647 2147483647 2147483647 2147483647 2147483647 
2147483647 2147483647 2147483647 2147483647 2147483647 2147483647 2147483647 2147483647 2147483647 2147483647 2147483647 2147483647 2147483647 2147483647 2147483647 2147483647 2147483647 2147483647 11 10 5 2147483647 11 10 9 8 7 8 9 4 2147483647 2147483647 2147483647 6 10 3 2147483647 2147483647 2147483647 5 4 3 2 3 4 5 2147483647 2147483647 2147483647 2147483647 2147483647 2147483647 2147483647 2147483647 6 1 6 2147483647 2147483647 2147483647 2147483647 2147483647 2147483647 2147483647 2147483647 2147483647 5 1 0 1 5 2147483647 2147483647 4 3 2 1 2 3 4 5 3 2 3 5 6 4 6 7 8 7 6 5 6 7 
2147483647 2147483647 2147483647 2147483647 2147483647 2147483647 2147483647 2147483647 2147483647 2147483647 2147483647 2147483647 2147483647 2147483647 2147483647 2147483647 2147483647 2147483647 2147483647 2147483647 2147483647 2147483647 2147483647 2147483647 2147483647 2147483647 2147483647 2147483647 2147483647 2147483647 2147483647 2147483647 2147483647 2147483647 2147483647 2147483647 2147483647 2147483647 2147483647 2147483647 2147483647 2147483647 2147483647 2147483647 2147483647 2147483647 2147483647 2147483647 2147483647 2147483647 2147483647 2147483647 2147483647 2147483647 2147483647 2147483647 2147483647 2147483647 2147483647 2147483647 2147483647 2147483647 2147483647 2147483647 2147483647 2147483647 2147483647 2147483647 2147483647 0 2147483647 2147483647 2147483647 2147483647 2147483647 2147483647 2147483647 2147483647 2147483647 2147483647 2147483647 2147483647 2147483647 2147483647 2147483647 2147483647 2147483647 2147483647 2147483647 2147483647 2147483647 2147483647 2147483647 2147483647 2147483647 
2147483647 2147483647 2147483647 2147483647 2147483647 2147483647 2147483647 2147483647 2147483647 2147483647 2147483647 2147483647 2147483647 2147483647 2147483647 2147483647 2147483647 2147483647 2147483647 2147483647 2147483647 2147483647 2147483647 2147483647 2147483647 2147483647 2147483647 2147483647 2147483647 2147483647 2147483647 2147483647 2147483647 2147483647 2147483647 2147483647 2147483647 2147483647 2147483647 2147483647 2147483647 2147483647 2147483647 2147483647 2147483647 2 2147483647 2147483647 2147483647 2147483647 2147483647 2147483647 2147483647 2147483647 2147483647 2147483647 1 2147483647 2147483647 2147483647 2147483647 2147483647 2147483647 2147483647 2147483647 2147483647 2147483647 2147483647 2147483647 2147483647 0 2147483647 2147483647 2147483647 2147483647 2147483647 2147483647 2147483647 2147483647 1 2147483647 2147483647 2147483647 2147483647 2 2147483647 2147483647 3 2147483647 2147483647 2147483647 2147483647 2147483647 2147483647 4 
2147483647 2147483647 2147483647 2147483647 2147483647 2147483647 2147483647 2147483647 2147483647 2147483647 2147483647 2147483647 2147483647 2147483647 2147483647 2147483647 2147483647 2147483647 2147483647 2147483647 2147483647 2147483647 2147483647 2147483647 2147483647 2147483647 2147483647 2147483647 2147483647 2147483647 2147483647 2147483647 2147483647 2147483647 2147483647 2147483647 2147483647 2147483647 2147483647 2147483647 2147483647 2147483647 2147483647 2147483647 2147483647 2147483647 2147483647 2147483647 2147483647 2147483647 2147483647 2147483647 2147483647 2147483647 2147483647 2147483647 2147483647 2147483647 2147483647 2147483647 2147483647 2147483647 2147483647 2147483647 2147483647 2147483647 2147483647 2147483647 2147483647 2147483647 2147483647 0 2147483647 2147483647 2147483647 2147483647 2147483647 2147483647 2147483647 2147483647 2147483647 2147483647 2147483647 2147483647 2147483647 2147483647 2147483647 2147483647 2147483647 2147483647 2147483647 2147483647 2147483647 2147483647 2147483647 
2147483647 2147483647 2147483647 2147483647 2147483647 2147483647 2147483647 2147483647 2147483647 2147483647 2147483647 2147483647 2147483647 2147483647 2147483647 2147483647 2147483647 2147483647 2147483647 2147483647 2147483647 2147483647 2147483647 2147483647 2147483647 2147483647 2147483647 2147483647 2147483647 2147483647 2147483647 2147483647 2147483647 2147483647 2147483647 2147483647 2147483647 2147483647 2147483647 2147483647 2147483647 2147483647 2147483647 2147483647 2147483647 2147483647 2147483647 2147483647 2147483647 2147483647 2147483647 2147483647 2147483647 2147483647 2147483647 2147483647 2147483647 2147483647 2147483647 2147483647 2147483647 2147483647 2147483647 2147483647 2147483647 2147483647 2147483647 2147483647 2147483647 2147483647 2147483647 2147483647 0 2147483647 2147483647 2147483647 2147483647 2147483647 2147483647 2147483647 2147483647 2147483647 2147483647 2147483647 2147483647 2147483647 2147483647 2147483647 2147483647 2147483647 2147483647 2147483647 2147483647 2147483647 2147483647 
2147483647 2147483647 2147483647 2147483647 2147483647 2147483647 2147483647 2147483647 2147483647 2147483647 2147483647 2147483647 2147483647 2147483647 2147483647 2147483647 2147483647 2147483647 9 8 9 2147483647 9 8 7 6 5 6 7 8 2147483647 2147483647 2147483647 4 8 9 2147483647 2147483647 2147483647 3 10 9 10 11 12 13 2147483647 2147483647 2147483647 2147483647 2147483647 2147483647 2147483647 2147483647 2 11 18 2147483647 2147483647 2147483647 2147483647 2147483647 2147483647 2147483647 2147483647 2147483647 1 13 12 13 17 2147483647 2147483647 0 15 14 13 14 15 16 1 15 14 15 17 2 16 18 3 20 19 18 17 18 19 
2147483647 2147483647 2147483647 2147483647 2147483647 2147483647 2147483647 2147483647 2147483647 2147483647 2147483647 2147483647 2147483647 2147483647 2147483647 2147483647 2147483647 2147483647 10 9 8 2147483647 10 9 8 7 6 7 8 7 2147483647 2147483647 2147483647 5 9 6 2147483647 2147483647 2147483647 4 7 6 5 6 7 8 2147483647 2147483647 2147483647 2147483647 2147483647 2147483647 2147483647 2147483647 3 4 7 2147483647 2147483647 2147483647 2147483647 2147483647 2147483647 2147483647 2147483647 2147483647 2 2 3 4 6 2147483647 2147483647 1 0 1 2 3 4 5 2 2 3 4 6 3 5 7 4 9 8 7 6 7 8 
2147483647 2147483647 2147483647 2147483647 2147483647 2147483647 2147483647 2147483647 2147483647 2147483647 2147483647 2147483647 2147483647 2147483647 2147483647 2147483647 2147483647 2147483647 11 10 7 2147483647 11 10 9 8 7 8 9 6 2147483647 2147483647 2147483647 6 10 5 2147483647 2147483647 2147483647 5 6 5 4 5 6 7 2147483647 2147483647 2147483647 2147483647 2147483647 2147483647 2147483647 2147483647 4 3 6 2147483647 2147483647 2147483647 2147483647 2147483647 2147483647 2147483647 2147483647 2147483647 3 1 2 3 5 2147483647 2147483647 2 1 0 1 2 3 4 3 1 2 3 5 4 4 6 5 8 7 6 5 6 7 
2147483647 2147483647 2147483647 2147483647 2147483647 2147483647 2147483647 2147483647 2147483647 2147483647 2147483647 2147483647 2147483647 2147483647 2147483647 2147483647 2147483647 2147483647 12 11 6 2147483647 12 11 10 9 8 9 10 5 2147483647 2147483647 2147483647 7 11 4 2147483647 2147483647 2147483647 6 5 4 3 4 5 6 2147483647 2147483647 2147483647 2147483647 2147483647 2147483647 2147483647 2147483647 5 2 5 2147483647 2147483647 2147483647 2147483647 2147483647 2147483647 2147483647 2147483647 2147483647 4 2 1 2 4 2147483647 2147483647 3 2 1 0 1 2 3 4 2 1 2 4 5 3 5 6 7 6 5 4 5 6 
2147483647 2147483647 2147483647 2147483647 2147483647 2147483647 2147483647 2147483647 2147483647 2147483647 2147483647 2147483647 2147483647 2147483647 2147483647 2147483647 2147483647 2147483647 13 12 7 2147483647 13 12 11 10 9 10 11 6 2147483647 2147483647 2147483647 8 12 5 2147483647 2147483647 2147483647 7 6 5 4 5 6 5 2147483647 2147483647 2147483647 2147483647 2147483647 2147483647 2147483647 2147483647 6 3 4 2147483647 2147483647 2147483647 2147483647 2147483647 2147483647 2147483647 2147483647 2147483647 5 3 2 1 3 2147483647 2147483647 4 3 2 1 0 1 2 5 3 2 1 3 6 2 4 7 6 5 4 3 4 5 
2147483647 2147483647 2147483647 2147483647 2147483647 2147483647 2147483647 2147483647 2147483647 2147483647 2147483647 2147483647 2147483647 2147483647 2147483647 2147483647 2147483647 2147483647 14 13 8 2147483647 14 13 12 11 10 11 12 7 2147483647 2147483647 2147483647 9 13 6 2147483647 2147483647 2147483647 8 7 6 5 6 7 4 2147483647 2147483647 2147483647 2147483647 2147483647 2147483647 2147483647 2147483647 7 4 3 2147483647 2147483647 2147483647 2147483647 2147483647 2147483647 2147483647 2147483647 2147483647 6 4 3 2 2 2147483647 2147483647 5 4 3 2 1 0 1 6 4 3 2 2 7 3 3 8 7 6 5 4 5 4 
2147483647 2147483647 2147483647 2147483647 2147483647 2147483647 2147483647 2147483647 2147483647 2147483647 2147483647 2147483647 2147483647 2147483647 2147483647 2147483647 2147483647 2147483647 2147483647 2147483647 2147483647 2147483647 2147483647 2147483647 2147483647 2147483647 2147483647 2147483647 2147483647 2147483647 2147483647 2147483647 2147483647 2147483647 2147483647 2147483647 2147483647 2147483647 2147483647 2147483647 2147483647 2147483647 2147483647 2147483647 2147483647 3 2147483647 2147483647 2147483647 2147483647 2147483647 2147483647 2147483647 2147483647 2147483647 2147483647 2 2147483647 2147483647 2147483647 2147483647 2147483647 2147483647 2147483647 2147483647 2147483647 2147483647 2147483647 2147483647 2147483647 1 2147483647 2147483647 2147483647 2147483647 2147483647 2147483647 2147483647 2147483647 0 2147483647 2147483647 2147483647 2147483647 1 2147483647 2147483647 2 2147483647 2147483647 2147483647 2147483647 2147483647 2147483647 3 
2147483647 2147483647 2147483647 2147483647 2147483647 2147483647 2147483647 2147483647 2147483647 2147483647 2147483647 2147483647 2147483647 2147483647 2147483647 2147483647 2147483647 2147483647 10 9 10 2147483647 10 9 8 7 6 7 8 9 2147483647 2147483647 2147483647 5 9 10 2147483647 2147483647 2147483647 4 11 10 11 12 13 14 2147483647 2147483647 2147483647 2147483647 2147483647 2147483647 2147483647 2147483647 3 12 19 2147483647 2147483647 2147483647 2147483647 2147483647 2147483647 2147483647 2147483647 2147483647 2 14 13 14 18 2147483647 2147483647 1 16 15 14 15 16 17 0 16 15 16 18 1 17 19 2 21 20 19 18 19 20 
2147483647 2147483647 2147483647 2147483647 2147483647 2147483647 2147483647 2147483647 2147483647 2147483647 2147483647 2147483647 2147483647 2147483647 2147483647 2147483647 2147483647 2147483647 2147483647 2147483647 2147483647 2147483647 2147483647 2147483647 2147483647 2147483647 2147483647 2147483647 2147483647 2147483647 2147483647 2147483647 2147483647 2147483647 2147483647 2147483647 2147483647 2147483647 2147483647 2147483647 2147483647 2147483647 2147483647 2147483647 2147483647 2147483647 2147483647 2147483647 2147483647 2147483647 2147483647 2147483647 2147483647 2147483647 2147483647 2147483647 2147483647 2147483647 2147483647 2147483647 2147483647 2147483647 2147483647 2147483647 2147483647 2147483647 2147483647 2147483647 2147483647 2147483647 2147483647 2147483647 2147483647 2147483647 2147483647 2147483647 2147483647 2147483647 2147483647 2147483647 2147483647 0 2147483647 2147483647 2147483647 2147483647 2147483647 2147483647 2147483647 2147483647 2147483647 2147483647 2147483647 2147483647 2147483647 
2147483647 2147483647 2147483647 2147483647 2147483647 2147483647 2147483647 2147483647 2147483647 2147483647 2147483647 2147483647 2147483647 2147483647 2147483647 2147483647 2147483647 2147483647 15 14 9 2147483647 15 14 13 12 11 12 13 8 2147483647 2147483647 2147483647 10 14 7 2147483647 2147483647 2147483647 9 8 7 6 7 8 7 2147483647 2147483647 2147483647 2147483647 2147483647 2147483647 2147483647 2147483647 8 5 6 2147483647 2147483647 2147483647 2147483647 2147483647 2147483647 2147483647 2147483647 2147483647 7 5 4 3 5 2147483647 2147483647 6 5 4 3 2 3 4 7 1 0 1 5 8 2 6 7 6 5 4 3 4 5 
2147483647 2147483647 2147483647 2147483647 2147483647 2147483647 2147483647 2147483647 2147483647 2147483647 2147483647 2147483647 2147483647 2147483647 2147483647 2147483647 2147483647 2147483647 14 13 8 2147483647 14 13 12 11 10 11 12 7 2147483647 2147483647 2147483647 9 13 6 2147483647 2147483647 2147483647 8 7 6 5 6 7 6 2147483647 2147483647 2147483647 2147483647 2147483647 2147483647 2147483647 2147483647 7 4 5 2147483647 2147483647 2147483647 2147483647 2147483647 2147483647 2147483647 2147483647 2147483647 6 4 3 2 4 2147483647 2147483647 5 4 3 2 1 2 3 6 4 3 0 4 7 1 5 6 5 4 3 2 3 4 
2147483647 2147483647 2147483647 2147483647 2147483647 2147483647 2147483647 2147483647 2147483647 2147483647 2147483647 2147483647 2147483647 2147483647 2147483647 2147483647 2147483647 2147483647 2147483647 2147483647 2147483647 2147483647 2147483647 2147483647 2147483647 2147483647 2147483647 2147483647 2147483647 2147483647 2147483647 2147483647 2147483647 2147483647 2147483647 2147483647 2147483647 2147483647 2147483647 2147483647 2147483647 2147483647 2147483647 2147483647 2147483647 4 2147483647 2147483647 2147483647 2147483647 2147483647 2147483647 2147483647 2147483647 2147483647 2147483647 3 2147483647 2147483647 2147483647 2147483647 2147483647 2147483647 2147483647 2147483647 2147483647 2147483647 2147483647 2147483647 2147483647 2 2147483647 2147483647 2147483647 2147483647 2147483647 2147483647 2147483647 2147483647 1 2147483647 2147483647 2147483647 2147483647 0 2147483647 2147483647 1 2147483647 2147483647 2147483647 2147483647 2147483647 2147483647 2 
2147483647 2147483647 2147483647 2147483647 2147483647 2147483647 2147483647 2147483647 2147483647 2147483647 2147483647 2147483647 2147483647 2147483647 2147483647 2147483647 2147483647 2147483647 11 10 11 2147483647 11 10 9 8 7 8 9 10 2147483647 2147483647 2147483647 6 10 11 2147483647 2147483647 2147483647 5 12 11 12 13 14 15 2147483647 2147483647 2147483647 2147483647 2147483647 2147483647 2147483647 2147483647 4 13 20 2147483647 2147483647 2147483647 2147483647 2147483647 2147483647 2147483647 2147483647 2147483647 3 15 14 15 19 2147483647 2147483647 2 17 16 15 16 17 18 1 17 16 17 19 0 18 20 1 22 21 20 19 20 21 
2147483647 2147483647 2147483647 2147483647 2147483647 2147483647 2147483647 2147483647 2147483647 2147483647 2147483647 2147483647 2147483647 2147483647 2147483647 2147483647 2147483647 2147483647 15 14 9 2147483647 15 14 13 12 11 12 13 8 2147483647 2147483647 2147483647 10 14 7 2147483647 2147483647 2147483647 9 8 7 6 7 8 7 2147483647 2147483647 2147483647 2147483647 2147483647 2147483647 2147483647 2147483647 8 5 6 2147483647 2147483647 2147483647 2147483647 2147483647 2147483647 2147483647 2147483647 2147483647 7 5 4 3 5 2147483647 2147483647 6 5 4 3 2 3 4 7 5 4 1 5 8 0 6 5 4 3 2 1 2 3 
2147483647 2147483647 2147483647 2147483647 2147483647 2147483647 2147483647 2147483647 2147483647 2147483647 2147483647 2147483647 2147483647 2147483647 2147483647 2147483647 2147483647 2147483647 2147483647 2147483647 2147483647 2147483647 2147483647 2147483647 2147483647 2147483647 2147483647 2147483647 2147483647 2147483647 2147483647 2147483647 2147483647 2147483647 2147483647 2147483647 2147483647 2147483647 2147483647 2147483647 2147483647 2147483647 2147483647 2147483647 2147483647 5 2147483647 2147483647 2147483647 2147483647 2147483647 2147483647 2147483647 2147483647 2147483647 2147483647 4 2147483647 2147483647 2147483647 2147483647 2147483647 2147483647 2147483647 2147483647 2147483647 2147483647 2147483647 2147483647 2147483647 3 2147483647 2147483647 2147483647 2147483647 2147483647 2147483647 2147483647 2147483647 2 2147483647 2147483647 2147483647 2147483647 1 2147483647 2147483647 0 2147483647 2147483647 2147483647 2147483647 2147483647 2147483647 1 
2147483647 2147483647 2147483647 2147483647 2147483647 2147483647 2147483647 2147483647 2147483647 2147483647 2147483647 2147483647 2147483647 2147483647 2147483647 2147483647 2147483647 2147483647 2147483647 2147483647 2147483647 2147483647 2147483647 2147483647 2147483647 2147483647 2147483647 2147483647 2147483647 2147483647 2147483647 2147483647 2147483647 2147483647 2147483647 2147483647 2147483647 2147483647 2147483647 2147483647 2147483647 2147483647 2147483647 2147483647 2147483647 2147483647 2147483647 2147483647 2147483647 2147483647 2147483647 2147483647 2147483647 2147483647 2147483647 2147483647 2147483647 2147483647 2147483647 2147483647 2147483647 2147483647 2147483647 2147483647 2147483647 2147483647 2147483647 2147483647 2147483647 2147483647 2147483647 2147483647 2147483647 2147483647 2147483647 2147483647 2147483647 2147483647 2147483647 2147483647 2147483647 2147483647 2147483647 2147483647 2147483647 2147483647 2147483647 2147483647 0 2147483647 2147483647 2147483647 2147483647 2147483647 2147483647 
2147483647 2147483647 2147483647 2147483647 2147483647 2147483647 2147483647 2147483647 2147483647 2147483647 2147483647 2147483647 2147483647 2147483647 2147483647 2147483647 2147483647 2147483647 2147483647 2147483647 2147483647 2147483647 2147483647 2147483647 2147483647 2147483647 2147483647 2147483647 2147483647 2147483647 2147483647 2147483647 2147483647 2147483647 2147483647 2147483647 2147483647 2147483647 2147483647 2147483647 2147483647 2147483647 2147483647 2147483647 2147483647 2147483647 2147483647 2147483647 2147483647 2147483647 2147483647 2147483647 2147483647 2147483647 2147483647 2147483647 2147483647 2147483647 2147483647 2147483647 2147483647 2147483647 2147483647 2147483647 2147483647 2147483647 2147483647 2147483647 2147483647 2147483647 2147483647 2147483647 2147483647 2147483647 2147483647 2147483647 2147483647 2147483647 2147483647 2147483647 2147483647 2147483647 2147483647 2147483647 2147483647 2147483647 2147483647 2147483647 1 0 1 2 3 4 5 
2147483647 2147483647 2147483647 2147483647 2147483647 2147483647 2147483647 2147483647 2147483647 2147483647 2147483647 2147483647 2147483647 2147483647 2147483647 2147483647 2147483647 2147483647 2147483647 2147483647 2147483647 2147483647 2147483647 2147483647 2147483647 2147483647 2147483647 2147483647 2147483647 2147483647 2147483647 2147483647 2147483647 2147483647 2147483647 2147483647 2147483647 2147483647 2147483647 2147483647 2147483647 2147483647 2147483647 2147483647 2147483647 2147483647 2147483647 2147483647 2147483647 2147483647 2147483647 2147483647 2147483647 2147483647 2147483647 2147483647 2147483647 2147483647 2147483647 2147483647 2147483647 2147483647 2147483647 2147483647 2147483647 2147483647 2147483647 2147483647 2147483647 2147483647 2147483647 2147483647 2147483647 2147483647 2147483647 2147483647 2147483647 2147483647 2147483647 2147483647 2147483647 2147483647 2147483647 2147483647 2147483647 2147483647 2147483647 2147483647 2 1 0 1 2 3 4 
2147483647 2147483647 2147483647 2147483647 2147483647 2147483647 2147483647 2147483647 2147483647 2147483647 2147483647 2147483647 2147483647 2147483647 2147483647 2147483647 2147483647 2147483647 2147483647 2147483647 2147483647 2147483647 2147483647 2147483647 2147483647 2147483647 2147483647 2147483647 2147483647 2147483647 2147483647 2147483647 2147483647 2147483647 2147483647 2147483647 2147483647 2147483647 2147483647 2147483647 2147483647 2147483647 2147483647 2147483647 2147483647 2147483647 2147483647 2147483647 2147483647 2147483647 2147483647 2147483647 2147483647 2147483647 2147483647 2147483647 2147483647 2147483647 2147483647 2147483647 2147483647 2147483647 2147483647 2147483647 2147483647 2147483647 2147483647 2147483647 2147483647 2147483647 2147483647 2147483647 2147483647 2147483647 2147483647 2147483647 2147483647 2147483647 2147483647 2147483647 2147483647 2147483647 2147483647 2147483647 2147483647 2147483647 2147483647 2147483647 3 2 1 0 1 2 3 
2147483647 2147483647 2147483647 2147483647 2147483647 2147483647 2147483647 2147483647 2147483647 2147483647 2147483647 2147483647 2147483647 2147483647 2147483647 2147483647 2147483647 2147483647 2147483647 2147483647 2147483647 2147483647 2147483647 2147483647 2147483647 2147483647 2147483647 2147483647 2147483647 2147483647 2147483647 2147483647 2147483647 2147483647 2147483647 2147483647 2147483647 2147483647 2147483647 2147483647 2147483647 2147483647 2147483647 2147483647 2147483647 2147483647 2147483647 2147483647 2147483647 2147483647 2147483647 2147483647 2147483647 2147483647 2147483647 2147483647 2147483647 2147483647 2147483647 2147483647 2147483647 2147483647 2147483647 2147483647 2147483647 2147483647 2147483647 2147483647 2147483647 2147483647 2147483647 2147483647 2147483647 2147483647 2147483647 2147483647 2147483647 2147483647 2147483647 2147483647 2147483647 2147483647 2147483647 2147483647 2147483647 2147483647 2147483647 2147483647 4 3 2 1 0 1 2 
2147483647 2147483647 2147483647 2147483647 2147483647 2147483647 2147483647 2147483647 2147483647 2147483647 2147483647 2147483647 2147483647 2147483647 2147483647 2147483647 2147483647 2147483647 2147483647 2147483647 2147483647 2147483647 2147483647 2147483647 2147483647 2147483647 2147483647 2147483647 2147483647 2147483647 2147483647 2147483647 2147483647 2147483647 2147483647 2147483647 2147483647 2147483647 2147483647 2147483647 2147483647 2147483647 2147483647 2147483647 2147483647 2147483647 2147483647 2147483647 2147483647 2147483647 2147483647 2147483647 2147483647 2147483647 2147483647 2147483647 2147483647 2147483647 2147483647 2147483647 2147483647 2147483647 2147483647 2147483647 2147483647 2147483647 2147483647 2147483647 2147483647 2147483647 2147483647 2147483647 2147483647 2147483647 2147483647 2147483647 2147483647 2147483647 2147483647 2147483647 2147483647 2147483647 2147483647 2147483647 2147483647 2147483647 2147483647 2147483647 5 4 3 2 1 0 1 
2147483647 2147483647 2147483647 2147483647 2147483647 2147483647 2147483647 2147483647 2147483647 2147483647 2147483647 2147483647 2147483647 2147483647 2147483647 2147483647 2147483647 2147483647 2147483647 2147483647 2147483647 2147483647 2147483647 2147483647 2147483647 2147483647 2147483647 2147483647 2147483647 2147483647 2147483647 2147483647 2147483647 2147483647 2147483647 2147483647 2147483647 2147483647 2147483647 2147483647 2147483647 2147483647 2147483647 2147483647 2147483647 2147483647 2147483647 2147483647 2147483647 2147483647 2147483647 2147483647 2147483647 2147483647 2147483647 2147483647 2147483647 2147483647 2147483647 2147483647 2147483647 2147483647 2147483647 2147483647 2147483647 2147483647 2147483647 2147483647 2147483647 2147483647 2147483647 2147483647 2147483647 2147483647 2147483647 2147483647 2147483647 2147483647 2147483647 2147483647 2147483647 2147483647 2147483647 2147483647 2147483647 2147483647 2147483647 2147483647 2147483647 2147483647 2147483647 2147483647 2147483647 2147483647 0 
