4
0 1 2 3 
826
1048576 0 0 
4294443007 4294967295 4294967294 
2147483647
256 0 0 
14844 4059825024 1048575998 
2147483647
128 0 0 
14588 4059825024 1048575998 
2147483647
64 0 0 
14460 4059825024 1048575998 
2147483647
402653184 0 0 
536870911 4294967295 4294967294 
2147483647
201326592 0 0 
268435455 4294967295 4294967294 
2147483647
167772160 0 0 
4294967295 4294967295 4294967294 
2147483647
150994944 0 0 
4294967295 4294967295 4294967294 
2147483647
142606336 0 0 
4294967295 4294967295 4294967294 
2147483647
138412032 0 0 
4294967295 4294967295 4294967294 
2147483647
136314880 0 0 
4294967295 4294967295 4294967294 
2147483647
50331648 0 0 
4294967295 4294967295 4294967294 
2147483647
25165824 0 0 
4294967295 4294967295 4294967294 
2147483647
20971520 0 0 
4286578687 4294967295 4294967294 
2147483647
18874368 0 0 
4282384383 4294967295 4294967294 
2147483647
10485760 0 0 
4290772991 4294967295 4294967294 
2147483647
2113536 0 0 
4293394431 4294967295 4294967294 
2147483647
2097408 0 0 
4293330179 235142271 3246391296 
2147483647
2097153 0 0 
4293329923 235142271 3246391296 
2147483647
2097152 33554432 0 
4293329922 235142271 3246391296 
2147483647
262146 0 0 
4294966271 4294967295 4294967294 
2147483647
262144 134217728 0 
4294966269 4294967295 4294967294 
2147483647
1024 134217728 0 
4294967293 4294967295 4294967294 
2147483647
160 0 0 
4294952835 235142271 3246391296 
2147483647
144 0 0 
4294952835 235142271 3246391296 
2147483647
80 0 0 
4294952899 235142271 3246391296 
2147483647
32 1073741824 0 
14396 1912341376 1048575998 
2147483647
32 16777216 0 
14396 838599552 1048575998 
2147483647
16 1073741824 0 
14364 1912341376 1048575998 
2147483647
16 16777216 0 
14364 838599552 1048575998 
2147483647
0 16777216 536870912 
4294967295 4294966783 4294967294 
2147483647
0 16777216 4194304 
4294967295 4294966783 3758096382 
2147483647
0 65568 0 
4294967295 4294836159 4294967294 
2147483647
0 65552 0 
4294967295 4294836127 4294967294 
2147483647
0 2048 2147483648 
4294967295 4294966271 3221225470 
2147483647
0 512 4194304 
4294967295 4294967295 3758096382 
2147483647
0 20 0 
4294967295 4294967287 4294967294 
2147483647
0 3 0 
4294967295 4294967295 4269801470 
2147483647
0 0 4195328 
4294967295 4294967295 4294934526 
2147483647
16777472 0 0 
4278650115 235142271 3246391296 
2
16777217 0 0 
4278649859 235142271 3246391296 
2
16777216 33554432 0 
4278649858 235142271 3246391296 
2
16777216 2048 0 
4278649858 201587839 3246391296 
2
8388864 0 0 
4287038723 235142271 3246391296 
2
8388609 0 0 
4287038467 235142271 3246391296 
2
8388608 33554432 0 
4287038466 235142271 3246391296 
2
8388608 2048 0 
4287038466 201587839 3246391296 
2
4194560 0 0 
4291233027 235142271 3246391296 
2
4194305 0 0 
4291232771 235142271 3246391296 
2
4194304 33554432 0 
4291232770 235142271 3246391296 
2
4194304 2048 0 
4291232770 201587839 3246391296 
2
2097152 2048 0 
4293329922 201587839 3246391296 
2
262400 0 0 
263427 235142271 3246391296 
2
262145 0 0 
263171 235142271 3246391296 
2
262144 33554432 0 
263170 235142271 3246391296 
2
262144 2048 0 
263170 201587839 3246391296 
2
262144 16 0 
4294966269 4093411231 4294967294 
2
49152 0 0 
4294967295 4294967295 4294967294 
2
33024 0 0 
4294952195 235142271 3246391296 
2
1280 0 0 
1283 235142271 3246391296 
2
1025 0 0 
1027 235142271 3246391296 
2
1024 33554432 0 
1026 235142271 3246391296 
2
1024 2048 0 
1026 201587839 3246391296 
2
1024 16 0 
4294967293 4093411231 4294967294 
2
384 0 0 
4294952707 235142271 3246391296 
2
320 0 0 
4294952707 235142271 3246391296 
2
288 0 0 
4294952707 235142271 3246391296 
2
272 0 0 
4294952707 235142271 3246391296 
2
258 0 0 
259 235142271 3246391296 
2
256 134217728 0 
257 235142271 3246391296 
2
256 2048 0 
257 33556480 0 
2
256 16 0 
257 33586207 3246391296 
2
256 8 0 
257 33586191 3246391296 
2
256 4 0 
257 33586183 3246391296 
2
3 0 0 
3 235142271 3246391296 
2
2 33554432 0 
2 235142271 3246391296 
2
2 2048 0 
2 201587839 3246391296 
2
2 16 0 
4294967295 4093411231 4294967294 
2
1 134217728 0 
1 235142271 3246391296 
2
1 2048 0 
4294967295 4261412863 4294967294 
2
1 16 0 
1 33586207 3246391296 
2
1 8 0 
1 33586191 3246391296 
2
1 4 0 
1 33586183 3246391296 
2
0 270532608 0 
4294967295 4294967295 4294967294 
2
0 167772160 0 
0 235142271 3246391296 
2
0 134219776 0 
0 201587839 3246391296 
2
0 134217744 0 
4294967295 4227628959 4294967294 
2
0 33556480 0 
4294967295 4294967295 4294967294 
2
0 33554448 0 
0 33586207 3246391296 
2
0 33554440 0 
0 33586191 3246391296 
2
0 33554436 0 
0 33586183 3246391296 
2
0 2097408 0 
4294967295 4294967295 4294967294 
2
0 2064 0 
0 31775 3246391296 
2
0 2056 0 
0 31759 3246391296 
2
0 2052 0 
0 31751 3246391296 
2
402915328 0 0 
4160749568 0 0 
2147483647
402654208 0 0 
4160749568 0 0 
2147483647
402653186 0 0 
4160749568 0 0 
2147483647
402653184 134217728 0 
4160749568 0 0 
2147483647
302252032 0 0 
4227858431 4294967295 4294967294 
2147483647
285474816 0 0 
4177526784 0 0 
2147483647
285474816 0 0 
33357823 4294967295 4294967294 
2147483647
285213696 0 0 
4177526784 0 0 
2147483647
285212674 0 0 
4177526784 0 0 
2147483647
285212672 134217728 0 
4177526784 0 0 
2147483647
277086208 0 0 
16580607 4294967295 4294967294 
2147483647
272891904 0 0 
8191999 4294967295 4294967294 
2147483647
270794752 0 0 
3997695 4294967295 4294967294 
2147483647
201327616 0 0 
4227858432 0 0 
2147483647
201326594 0 0 
4227858432 0 0 
2147483647
201326592 134217728 0 
4227858432 0 0 
2147483647
83887104 0 0 
4244635648 0 0 
2147483647
83886082 0 0 
4244635648 0 0 
2147483647
83886080 134217728 0 
4244635648 0 0 
2147483647
67240960 0 0 
4294705151 4294967295 4294967294 
2147483647
67239938 0 0 
4294704127 4294967295 4294967294 
2147483647
67239936 134217728 0 
4294704125 4294967295 4294967294 
2147483647
8650752 65536 0 
4287037440 0 0 
2147483647
8650752 32 0 
4287037440 0 0 
2147483647
8650752 16 0 
4287037440 0 0 
2147483647
8437760 0 0 
4287102975 4294967295 4294967294 
2147483647
8421632 0 0 
4287038723 235142271 3246391296 
2147483647
8421377 0 0 
4287038467 235142271 3246391296 
2147483647
8421376 33554432 0 
4287038466 235142271 3246391296 
2147483647
8405248 0 0 
4287038723 235142271 3246391296 
2147483647
8404993 0 0 
4287038467 235142271 3246391296 
2147483647
8404992 33554432 0 
4287038466 235142271 3246391296 
2147483647
8389632 65536 0 
4287038464 0 0 
2147483647
8389632 32 0 
4287038464 0 0 
2147483647
8389632 16 0 
4287038464 0 0 
2147483647
8388865 0 0 
4287038467 235142271 3246391296 
2147483647
8388864 33554432 0 
4287038466 235142271 3246391296 
2147483647
8388610 65536 0 
4287038466 0 0 
2147483647
8388610 32 0 
4287038466 0 0 
2147483647
8388610 16 0 
4287038466 0 0 
2147483647
8388608 134283264 0 
4287038466 134217728 0 
2147483647
8388608 134217760 0 
4287038466 134217728 0 
2147483647
8388608 134217744 0 
4287038466 134217728 0 
2147483647
8388608 4096 2147483648 
4287038466 201584767 2172649472 
2147483647
8388608 18 0 
4287038466 201556080 0 
2147483647
8388608 17 0 
4287038466 201556080 0 
2147483647
8388608 10 0 
4287038466 201556088 0 
2147483647
8388608 9 0 
4287038466 201556088 0 
2147483647
8388608 6 0 
4287038466 201556092 0 
2147483647
8388608 5 0 
4287038466 201556092 0 
2147483647
4456448 65536 0 
4291231744 0 0 
2147483647
4456448 32 0 
4291231744 0 0 
2147483647
4456448 16 0 
4291231744 0 0 
2147483647
4243456 0 0 
4291297279 4294967295 4294967294 
2147483647
4227328 0 0 
4291233027 235142271 3246391296 
2147483647
4227073 0 0 
4291232771 235142271 3246391296 
2147483647
4227072 33554432 0 
4291232770 235142271 3246391296 
2147483647
4210944 0 0 
4291233027 235142271 3246391296 
2147483647
4210689 0 0 
4291232771 235142271 3246391296 
2147483647
4210688 33554432 0 
4291232770 235142271 3246391296 
2147483647
4195328 65536 0 
4291232768 0 0 
2147483647
4195328 32 0 
4291232768 0 0 
2147483647
4195328 16 0 
4291232768 0 0 
2147483647
4194561 0 0 
4291232771 235142271 3246391296 
2147483647
4194560 33554432 0 
4291232770 235142271 3246391296 
2147483647
4194306 65536 0 
4291232770 0 0 
2147483647
4194306 32 0 
4291232770 0 0 
2147483647
4194306 16 0 
4291232770 0 0 
2147483647
4194304 134283264 0 
4291232770 134217728 0 
2147483647
4194304 134217760 0 
4291232770 134217728 0 
2147483647
4194304 134217744 0 
4291232770 134217728 0 
2147483647
4194304 4096 2147483648 
4291232770 201584767 2172649472 
2147483647
4194304 18 0 
4291232770 201556080 0 
2147483647
4194304 17 0 
4291232770 201556080 0 
2147483647
4194304 10 0 
4291232770 201556088 0 
2147483647
4194304 9 0 
4291232770 201556088 0 
2147483647
4194304 6 0 
4291232770 201556092 0 
2147483647
4194304 5 0 
4291232770 201556092 0 
2147483647
2359296 65536 0 
4293328896 0 0 
2147483647
2359296 32 0 
4293328896 0 0 
2147483647
2359296 16 0 
4293328896 0 0 
2147483647
2098176 65536 0 
4293329920 0 0 
2147483647
2098176 32 0 
4293329920 0 0 
2147483647
2098176 16 0 
4293329920 0 0 
2147483647
2097154 65536 0 
4293329922 0 0 
2147483647
2097154 32 0 
4293329922 0 0 
2147483647
2097154 16 0 
4293329922 0 0 
2147483647
2097152 134283264 0 
4293329922 134217728 0 
2147483647
2097152 134217760 0 
4293329922 134217728 0 
2147483647
2097152 134217744 0 
4293329922 134217728 0 
2147483647
2097152 10240 0 
4293329922 201587839 3246391296 
2147483647
2097152 6144 0 
4293329922 201587839 3246391296 
2147483647
2097152 4097 0 
4293329922 201584767 25165824 
2147483647
2097152 4096 2147483648 
4293329922 201584767 2172649472 
2147483647
2097152 2049 0 
4293329922 201586815 25165824 
2147483647
2097152 18 0 
4293329922 201556080 0 
2147483647
2097152 17 0 
4293329922 201556080 0 
2147483647
2097152 10 0 
4293329922 201556088 0 
2147483647
2097152 9 0 
4293329922 201556088 0 
2147483647
2097152 6 0 
4293329922 201556092 0 
2147483647
2097152 5 0 
4293329922 201556092 0 
2147483647
262144 98304 0 
4294966269 4093640703 4294967294 
2147483647
262144 65544 0 
4294966269 4093411215 4294967294 
2147483647
262144 65540 0 
4294966269 4093411207 4294967294 
2147483647
262144 32800 0 
4294966269 4093444031 4294967294 
2147483647
262144 32784 0 
4294966269 4093411231 4294967294 
2147483647
262144 32776 0 
4294966269 4093411215 4294967294 
2147483647
262144 32772 0 
4294966269 4093411207 4294967294 
2147483647
262144 40 0 
4294966269 4093411215 4294967294 
2147483647
262144 36 0 
4294966269 4093411207 4294967294 
2147483647
49408 0 0 
4294952195 235142271 3246391296 
2147483647
49153 0 0 
4294951939 235142271 3246391296 
2147483647
49152 33554432 0 
4294951938 235142271 3246391296 
2147483647
33025 0 0 
4294952195 235142271 3246391296 
2147483647
33024 33554432 0 
4294952194 235142271 3246391296 
2147483647
16704 0 0 
4294952707 235142271 3246391296 
2147483647
16672 0 0 
4294952707 235142271 3246391296 
2147483647
16656 0 0 
4294952707 235142271 3246391296 
2147483647
1024 98304 0 
4294967293 4093640703 4294967294 
2147483647
1024 65544 0 
4294967293 4093411215 4294967294 
2147483647
1024 65540 0 
4294967293 4093411207 4294967294 
2147483647
1024 32800 0 
4294967293 4093444031 4294967294 
2147483647
1024 32784 0 
4294967293 4093411231 4294967294 
2147483647
1024 32776 0 
4294967293 4093411215 4294967294 
2147483647
1024 32772 0 
4294967293 4093411207 4294967294 
2147483647
1024 40 0 
4294967293 4093411215 4294967294 
2147483647
1024 36 0 
4294967293 4093411207 4294967294 
2147483647
384 33554432 0 
4294952706 235142271 3246391296 
2147483647
321 0 0 
4294952707 235142271 3246391296 
2147483647
320 33554432 0 
4294952706 235142271 3246391296 
2147483647
289 0 0 
4294952707 235142271 3246391296 
2147483647
288 33554432 0 
4294952706 235142271 3246391296 
2147483647
273 0 0 
4294952707 235142271 3246391296 
2147483647
272 33554432 0 
4294952706 235142271 3246391296 
2147483647
140 0 0 
4294952835 235142271 3246391296 
2147483647
136 268435456 0 
4294952835 235142271 3246391296 
2147483647
76 0 0 
4294952899 235142271 3246391296 
2147483647
72 268435456 0 
4294952899 235142271 3246391296 
2147483647
44 0 0 
4294952943 4294967295 4294967294 
2147483647
40 268435456 0 
4294952939 4294967295 4294967294 
2147483647
32 8389120 0 
14396 821822336 1048575998 
2147483647
32 8388608 536870912 
14396 821821824 1048575998 
2147483647
32 8388608 4194304 
14396 821821824 511705086 
2147483647
32 4194816 0 
14396 813433728 1048575998 
2147483647
32 4194304 536870912 
14396 813433216 1048575998 
2147483647
32 4194304 4194304 
14396 813433216 511705086 
2147483647
28 0 0 
4294952959 4294967295 4294967294 
2147483647
24 268435456 0 
4294952955 4294967295 4294967294 
2147483647
16 8389120 0 
14364 821822336 1048575998 
2147483647
16 8388608 536870912 
14364 821821824 1048575998 
2147483647
16 8388608 4194304 
14364 821821824 511705086 
2147483647
16 4194816 0 
14364 813433728 1048575998 
2147483647
16 4194304 536870912 
14364 813433216 1048575998 
2147483647
16 4194304 4194304 
14364 813433216 511705086 
2147483647
12 1073741824 0 
12 1912341376 1048575998 
2147483647
12 16777216 0 
12 838599552 1048575998 
2147483647
8 1342177280 0 
8 1912341376 1048575998 
2147483647
8 285212672 0 
8 838599552 1048575998 
2147483647
2 98304 0 
4294967295 4093640703 4294967294 
2147483647
2 65544 0 
4294967295 4093411215 4294967294 
2147483647
2 65540 0 
4294967295 4093411207 4294967294 
2147483647
2 32800 0 
4294967295 4093444031 4294967294 
2147483647
2 32784 0 
4294967295 4093411231 4294967294 
2147483647
2 32776 0 
4294967295 4093411215 4294967294 
2147483647
2 32772 0 
4294967295 4093411207 4294967294 
2147483647
2 40 0 
4294967295 4093411215 4294967294 
2147483647
2 36 0 
4294967295 4093411207 4294967294 
2147483647
1 10240 0 
4294967295 4261412863 4294967294 
2147483647
1 6144 0 
4294967295 4261412863 4294967294 
2147483647
1 4097 0 
4294967295 4261409791 1073741822 
2147483647
1 4096 2147483648 
4294967295 4261409791 3221225470 
2147483647
1 2049 0 
4294967295 4261411839 1073741822 
2147483647
0 1082130944 0 
4294967295 4278190079 4294967294 
2147483647
0 1082130432 536870912 
4294967295 4278189567 4294967294 
2147483647
0 1082130432 4194304 
4294967295 4278189567 3758096382 
2147483647
0 1077936640 0 
4294967295 4269801471 4294967294 
2147483647
0 1077936128 536870912 
4294967295 4269800959 4294967294 
2147483647
0 1077936128 4194304 
4294967295 4269800959 3758096382 
2147483647
0 274726912 0 
4294967295 4294967295 4294967294 
2147483647
0 271056896 0 
4294967295 4293918719 4294967294 
2147483647
0 134316032 0 
4294967295 4227858431 4294967294 
2147483647
0 134283272 0 
4294967295 4227628943 4294967294 
2147483647
0 134283268 0 
4294967295 4227628935 4294967294 
2147483647
0 134250528 0 
4294967295 4227661759 4294967294 
2147483647
0 134250512 0 
4294967295 4227628959 4294967294 
2147483647
0 134250504 0 
4294967295 4227628943 4294967294 
2147483647
0 134250500 0 
4294967295 4227628935 4294967294 
2147483647
0 134217768 0 
4294967295 4227628943 4294967294 
2147483647
0 134217764 0 
4294967295 4227628935 4294967294 
2147483647
0 33564672 0 
4294967295 4294967295 4294967294 
2147483647
0 33558529 0 
4294967295 4294964223 1073741822 
2147483647
0 33558528 2147483648 
4294967295 4294964223 3221225470 
2147483647
0 33556481 0 
4294967295 4294966271 1073741822 
2147483647
0 16777216 2129920 
4294967295 4294966783 3753902078 
2147483647
0 16777216 2098176 
4294967295 4294966783 3753869310 
2147483647
0 2621696 0 
4294967295 4293918719 4294967294 
2147483647
0 98312 0 
4294967295 4294836111 4294967294 
2147483647
0 98308 0 
4294967295 4294836103 4294967294 
2147483647
0 65576 0 
0 196704 0 
2147483647
0 65572 0 
0 196704 0 
2147483647
0 32808 0 
4294967295 4294967279 4294967294 
2147483647
0 32804 0 
4294967295 4294967271 4294967294 
2147483647
0 10241 0 
4294967295 4294962175 1073741822 
2147483647
0 8210 0 
4294967295 4294950899 4294967294 
2147483647
0 8209 0 
4294967295 4294950897 4269801470 
2147483647
0 8202 0 
4294967295 4294950907 4294967294 
2147483647
0 8201 0 
4294967295 4294950905 4269801470 
2147483647
0 8198 0 
4294967295 4294950911 4294967294 
2147483647
0 8197 0 
4294967295 4294950909 4269801470 
2147483647
0 8195 0 
0 3 25165824 
2147483647
0 8193 2147483648 
4294967295 4294967295 4294967294 
2147483647
0 6145 0 
4294967295 4294966271 1073741822 
2147483647
0 4114 0 
4294967295 4294942707 4294967294 
2147483647
0 4113 0 
4294967295 4294942705 4269801470 
2147483647
0 4106 0 
4294967295 4294942715 4294967294 
2147483647
0 4105 0 
4294967295 4294942713 4269801470 
2147483647
0 4102 0 
4294967295 4294942719 4294967294 
2147483647
0 4101 0 
4294967295 4294942717 4269801470 
2147483647
0 4099 0 
0 3 25165824 
2147483647
0 4097 2147483648 
4294967295 4294967295 4294967294 
2147483647
0 2049 2147483648 
0 3072 3221225472 
2147483647
0 512 2129920 
4294967295 4294967295 3753902078 
2147483647
0 512 2098176 
4294967295 4294967295 3753869310 
2147483647
0 0 539000832 
4294967295 4294967295 4290772990 
2147483647
0 0 538969088 
4294967295 4294967295 4290740222 
2147483647
1 6 0 
4294967295 4261381116 1048575998 
14
1 5 0 
4294967295 4261381116 1048575998 
14
0 6146 0 
4294967295 4294966270 1048575998 
14
1 10 0 
4294967295 4261381112 1048575998 
12
1 9 0 
4294967295 4261381112 1048575998 
12
0 33554438 0 
4294967295 4294935548 1048575998 
12
0 33554437 0 
4294967295 4294935548 1048575998 
12
0 10242 0 
4294967295 4294962174 1048575998 
12
0 6148 0 
4294967295 4294937596 1048575998 
12
0 2050 2147483648 
0 3072 3221225472 
12
16826368 0 0 
4278714367 4294967295 4294967294 
10
16810240 0 0 
4278650115 235142271 3246391296 
10
262145 16 0 
4294966269 4059825024 1048575998 
10
49153 0 0 
64509 4059825024 1048575998 
10
49152 134217728 0 
64509 4294967295 4294967294 
10
33024 134217728 0 
257 235142271 3246391296 
10
1025 16 0 
4294967293 4059825024 1048575998 
10
3 16 0 
4294967295 4059825024 1048575998 
10
1 134217744 0 
4294967295 4194042752 1048575998 
10
1 18 0 
4294967295 4261381104 1048575998 
10
1 17 0 
4294967295 4261381104 1048575998 
10
0 33554442 0 
4294967295 4294935544 1048575998 
10
0 33554441 0 
4294967295 4294935544 1048575998 
10
0 10244 0 
4294967295 4294937596 1048575998 
10
0 6152 0 
4294967295 4294937592 1048575998 
10
0 4098 2147483648 
4294967295 4294967294 4269801470 
10
0 2054 0 
4294967295 4294937596 1048575998 
10
0 2053 0 
4294967295 4294937596 1048575998 
10
134266880 0 0 
4294967295 4294967295 4294967294 
8
134250752 0 0 
4294952195 235142271 3246391296 
8
41943041 0 0 
16317437 4059825024 1048575998 
8
41943040 134217728 0 
16317437 4294967295 4294967294 
8
37748737 0 0 
7928829 4059825024 1048575998 
8
37748736 134217728 0 
7928829 4294967295 4294967294 
8
35651585 0 0 
3734525 4059825024 1048575998 
8
35651584 134217728 0 
3734525 4294967295 4294967294 
8
16809985 0 0 
4278649859 235142271 3246391296 
8
262145 65536 0 
4294966269 4059825024 1048575998 
8
262145 32 0 
4294966269 4059825024 1048575998 
8
262144 33554448 0 
4294966269 4093379456 1048575998 
8
49154 0 0 
64511 4294967295 4294967294 
8
49152 33554432 0 
64509 4093379456 1048575998 
8
49152 4 0 
64509 4093411207 4294967294 
8
33026 0 0 
259 235142271 3246391296 
8
33024 4 0 
257 33586183 3246391296 
8
32769 134217728 0 
1 235142271 3246391296 
8
32768 167772160 0 
0 235142271 3246391296 
8
16640 134217728 0 
257 235142271 3246391296 
8
16385 134217728 0 
1 235142271 3246391296 
8
16384 167772160 0 
0 235142271 3246391296 
8
1025 65536 0 
4294967293 4059825024 1048575998 
8
1025 32 0 
4294967293 4059825024 1048575998 
8
1024 33554448 0 
4294967293 4093379456 1048575998 
8
257 134217728 0 
1 235142271 3246391296 
8
256 167772160 0 
0 235142271 3246391296 
8
3 65536 0 
4294967295 4059825024 1048575998 
8
3 32 0 
4294967295 4059825024 1048575998 
8
2 33554448 0 
4294967295 4093379456 1048575998 
8
1 134283264 0 
4294967295 4194042752 1048575998 
8
1 134217760 0 
4294967295 4194042752 1048575998 
8
0 167772176 0 
4294967295 4227597184 1048575998 
8
0 134221824 2147483648 
0 201584767 2172649472 
8
0 134217746 0 
0 201556080 0 
8
0 134217745 0 
0 201556080 0 
8
0 134217738 0 
0 201556088 0 
8
0 134217737 0 
0 201556088 0 
8
0 134217734 0 
0 201556092 0 
8
0 134217733 0 
0 201556092 0 
8
0 33554450 0 
4294967295 4294935536 1048575998 
8
0 33554449 0 
4294967295 4294935536 1048575998 
8
0 10248 0 
4294967295 4294937592 1048575998 
8
0 8194 2147483648 
4294967295 4294967295 4294967294 
8
0 6160 0 
4294967295 4294937584 1048575998 
8
0 4100 2147483648 
4294967295 4294942716 4269801470 
8
0 4098 2147483648 
0 4099 2172649472 
8
0 2058 0 
4294967295 4294937592 1048575998 
8
0 2057 0 
4294967295 4294937592 1048575998 
8
0 3 2147483648 
0 3 25165824 
8
134250497 0 0 
4294967295 4294967295 4294967294 
6
41943042 0 0 
16317439 4294967295 4294967294 
6
41943040 33554432 0 
16317437 4093379456 1048575998 
6
41943040 4 0 
16317437 4093411207 4294967294 
6
37748738 0 0 
7928831 4294967295 4294967294 
6
37748736 33554432 0 
7928829 4093379456 1048575998 
6
37748736 4 0 
7928829 4093411207 4294967294 
6
35651586 0 0 
3734527 4294967295 4294967294 
6
35651584 33554432 0 
3734525 4093379456 1048575998 
6
35651584 4 0 
3734525 4093411207 4294967294 
6
16809984 33554432 0 
4278649858 235142271 3246391296 
6
262144 33619968 0 
4294966269 4093379456 1048575998 
6
262144 33554464 0 
4294966269 4093379456 1048575998 
6
262144 2064 0 
4294966269 4093381504 1048575998 
6
50176 0 0 
65535 4294967295 4294967294 
6
49152 2048 0 
64509 4093381504 1048575998 
6
49152 8 0 
64509 4093411215 4294967294 
6
34048 0 0 
1283 235142271 3246391296 
6
33024 2048 0 
257 33556480 0 
6
33024 8 0 
257 33586191 3246391296 
6
32771 0 0 
3 235142271 3246391296 
6
32770 33554432 0 
2 235142271 3246391296 
6
32769 4 0 
1 33586183 3246391296 
6
32768 33554436 0 
0 33586183 3246391296 
6
16642 0 0 
259 235142271 3246391296 
6
16640 4 0 
257 33586183 3246391296 
6
16387 0 0 
3 235142271 3246391296 
6
16386 33554432 0 
2 235142271 3246391296 
6
16385 4 0 
1 33586183 3246391296 
6
16384 33554436 0 
0 33586183 3246391296 
6
1024 33619968 0 
4294967293 4093379456 1048575998 
6
1024 33554464 0 
4294967293 4093379456 1048575998 
6
1024 2064 0 
4294967293 4093381504 1048575998 
6
259 0 0 
3 235142271 3246391296 
6
258 33554432 0 
2 235142271 3246391296 
6
257 4 0 
1 33586183 3246391296 
6
256 33554436 0 
0 33586183 3246391296 
6
2 33619968 0 
4294967295 4093379456 1048575998 
6
2 33554464 0 
4294967295 4093379456 1048575998 
6
2 4096 2147483648 
2 201584767 2172649472 
6
2 2064 0 
4294967295 4093381504 1048575998 
6
2 18 0 
2 201556080 0 
6
2 17 0 
2 201556080 0 
6
2 10 0 
2 201556088 0 
6
2 9 0 
2 201556088 0 
6
2 6 0 
2 201556092 0 
6
2 5 0 
2 201556092 0 
6
0 167837696 0 
4294967295 4227597184 1048575998 
6
0 167772192 0 
4294967295 4227597184 1048575998 
6
0 134219792 0 
4294967295 4227599232 1048575998 
6
0 10256 0 
4294967295 4294937584 1048575998 
6
0 8196 2147483648 
4294967295 4294950911 4294967294 
6
0 4104 2147483648 
4294967295 4294942712 4269801470 
6
0 4100 2147483648 
0 28679 2172649472 
6
0 2066 0 
4294967295 4294937584 1048575998 
6
0 2065 0 
4294967295 4294937584 1048575998 
6
0 6 2147483648 
4294967295 4294967295 4294967294 
6
0 5 2147483648 
4294967295 4294967295 4294967294 
6
285212672 16 0 
4177526784 0 0 
4
134250496 33554432 0 
4294967295 4294967295 4294967294 
4
83886080 16 0 
4244635648 0 0 
4
41944064 0 0 
16318463 4294967295 4294967294 
4
41943040 2048 0 
16317437 4093381504 1048575998 
4
41943040 8 0 
16317437 4093411215 4294967294 
4
37749760 0 0 
7929855 4294967295 4294967294 
4
37748736 2048 0 
7928829 4093381504 1048575998 
4
37748736 8 0 
7928829 4093411215 4294967294 
4
35652608 0 0 
3735551 4294967295 4294967294 
4
35651584 2048 0 
3734525 4093381504 1048575998 
4
35651584 8 0 
3734525 4093411215 4294967294 
4
17039360 16 0 
4278648832 0 0 
4
16778240 16 0 
4278649856 0 0 
4
16777218 16 0 
4278649858 0 0 
4
16777217 2048 0 
4278649858 201587839 3246391296 
4
16777216 134217744 0 
4278649858 134217728 0 
4
16777216 33556480 0 
4278649858 201587839 3246391296 
4
8388864 2048 0 
4287038466 201587839 3246391296 
4
8388609 2048 0 
4287038466 201587839 3246391296 
4
8388608 33556480 0 
4287038466 201587839 3246391296 
4
4194560 2048 0 
4291232770 201587839 3246391296 
4
4194305 2048 0 
4291232770 201587839 3246391296 
4
4194304 33556480 0 
4291232770 201587839 3246391296 
4
311296 0 0 
327679 4294967295 4294967294 
4
295168 0 0 
263427 235142271 3246391296 
4
262400 16 0 
257 33586207 3246391296 
4
262145 2048 0 
263170 201587839 3246391296 
4
262145 16 0 
1 33586207 3246391296 
4
262144 134217744 0 
263170 134217728 0 
4
262144 33556480 0 
263170 201587839 3246391296 
4
262144 33554448 0 
0 33586207 3246391296 
4
262144 67584 0 
4294966269 4093381504 1048575998 
4
262144 8208 0 
4294966269 4093411231 4294967294 
4
262144 4112 0 
4294966269 4093411231 4294967294 
4
262144 2080 0 
4294966269 4093381504 1048575998 
4
262144 2064 0 
0 31775 3246391296 
4
262144 18 0 
4294966269 4093411231 4294967294 
4
262144 17 0 
4294966269 4093411231 4294967294 
4
49152 2048 0 
4294951938 201587839 3246391296 
4
49152 16 0 
64509 4093411231 4294967294 
4
33793 0 0 
1027 235142271 3246391296 
4
33792 33554432 0 
1026 235142271 3246391296 
4
33024 2048 0 
4294952194 201587839 3246391296 
4
33024 16 0 
257 33586207 3246391296 
4
32769 8 0 
1 33586191 3246391296 
4
32768 33554440 0 
0 33586191 3246391296 
4
17664 0 0 
1283 235142271 3246391296 
4
17409 0 0 
1027 235142271 3246391296 
4
17408 33554432 0 
1026 235142271 3246391296 
4
16640 2048 0 
257 33556480 0 
4
16640 8 0 
257 33586191 3246391296 
4
16385 8 0 
1 33586191 3246391296 
4
16384 33554440 0 
0 33586191 3246391296 
4
1281 0 0 
1027 235142271 3246391296 
4
1280 33554432 0 
1026 235142271 3246391296 
4
1280 2048 0 
1026 201587839 3246391296 
4
1280 16 0 
257 33586207 3246391296 
4
1025 2048 0 
1026 201587839 3246391296 
4
1025 16 0 
1 33586207 3246391296 
4
1024 33556480 0 
1026 201587839 3246391296 
4
1024 33554448 0 
0 33586207 3246391296 
4
1024 67584 0 
4294967293 4093381504 1048575998 
4
1024 8208 0 
4294967293 4093411231 4294967294 
4
1024 4112 0 
4294967293 4093411231 4294967294 
4
1024 4096 2147483648 
1026 201584767 2172649472 
4
1024 2080 0 
4294967293 4093381504 1048575998 
4
1024 2064 0 
0 31775 3246391296 
4
1024 18 0 
4294967293 4093411231 4294967294 
4
1024 18 0 
1026 201556080 0 
4
1024 17 0 
4294967293 4093411231 4294967294 
4
1024 17 0 
1026 201556080 0 
4
1024 10 0 
1026 201556088 0 
4
1024 9 0 
1026 201556088 0 
4
1024 6 0 
1026 201556092 0 
4
1024 5 0 
1026 201556092 0 
4
384 2048 0 
4294952706 201587839 3246391296 
4
320 2048 0 
4294952706 201587839 3246391296 
4
288 2048 0 
4294952706 201587839 3246391296 
4
272 2048 0 
4294952706 201587839 3246391296 
4
258 2048 0 
2 201587839 3246391296 
4
258 16 0 
257 33586207 3246391296 
4
257 8 0 
1 33586191 3246391296 
4
256 134219776 0 
0 201587839 3246391296 
4
256 134217744 0 
257 33586207 3246391296 
4
256 33554440 0 
0 33586191 3246391296 
4
256 2056 0 
0 31759 3246391296 
4
256 2052 0 
0 31751 3246391296 
4
136 1073741824 0 
4294952835 235142271 3246391296 
4
72 1073741824 0 
4294952899 235142271 3246391296 
4
40 1073741824 0 
4294952931 3456367743 3246391296 
4
24 1073741824 0 
4294952947 3456367743 3246391296 
4
3 2048 0 
2 201587839 3246391296 
4
3 16 0 
1 33586207 3246391296 
4
2 33556480 0 
2 201587839 3246391296 
4
2 33554448 0 
0 33586207 3246391296 
4
2 67584 0 
4294967295 4093381504 1048575998 
4
2 8208 0 
4294967295 4093411231 4294967294 
4
2 4112 0 
4294967295 4093411231 4294967294 
4
2 2080 0 
4294967295 4093381504 1048575998 
4
2 2064 0 
0 31775 3246391296 
4
2 18 0 
4294967295 4093411231 4294967294 
4
2 17 0 
4294967295 4093411231 4294967294 
4
1 134219776 0 
0 201587839 3246391296 
4
1 134217744 0 
1 33586207 3246391296 
4
1 4112 0 
4294967295 4261381104 1048575998 
4
1 4104 0 
4294967295 4261381112 1048575998 
4
1 4100 0 
4294967295 4261381116 1048575998 
4
1 4098 0 
4294967295 4261409790 1048575998 
4
1 2064 0 
4294967295 4261381104 1048575998 
4
1 2064 0 
0 31775 3246391296 
4
1 2056 0 
4294967295 4261381112 1048575998 
4
1 2056 0 
0 31759 3246391296 
4
1 2052 0 
4294967295 4261381116 1048575998 
4
1 2052 0 
0 31751 3246391296 
4
1 2050 0 
4294967295 4261412863 4294967294 
4
1 2049 0 
0 3073 3221225472 
4
1 2048 2147483648 
0 3072 3221225472 
4
0 167774208 0 
0 201587839 3246391296 
4
0 167772176 0 
0 33586207 3246391296 
4
0 134285312 0 
4294967295 4227599232 1048575998 
4
0 134225936 0 
4294967295 4227628959 4294967294 
4
0 134221840 0 
4294967295 4227628959 4294967294 
4
0 134219808 0 
4294967295 4227599232 1048575998 
4
0 134219792 0 
0 31775 3246391296 
4
0 134217746 0 
4294967295 4227628959 4294967294 
4
0 134217745 0 
4294967295 4227628959 4294967294 
4
0 33558544 0 
4294967295 4294935536 1048575998 
4
0 33558536 0 
4294967295 4294935544 1048575998 
4
0 33558532 0 
4294967295 4294935548 1048575998 
4
0 33558530 0 
4294967295 4294964222 1048575998 
4
0 33556496 0 
4294967295 4294935536 1048575998 
4
0 33556496 0 
0 31775 3246391296 
4
0 33556488 0 
4294967295 4294935544 1048575998 
4
0 33556488 0 
0 31759 3246391296 
4
0 33556484 0 
4294967295 4294935548 1048575998 
4
0 33556484 0 
0 31751 3246391296 
4
0 33556482 0 
4294967295 4294967295 4294967294 
4
0 33556481 0 
0 3073 3221225472 
4
0 33556480 2147483648 
0 3072 3221225472 
4
0 2097152 402653184 
4294967295 4294967039 4294967294 
4
0 2097152 201326592 
4294967295 4294967039 4294967294 
4
0 8200 2147483648 
4294967295 4294967295 4294967294 
4
0 8197 0 
0 8199 25165824 
4
0 4112 2147483648 
4294967295 4294942704 4269801470 
4
0 4104 2147483648 
0 28687 2172649472 
4
0 10 2147483648 
4294967295 4294967295 4294967294 
4
0 9 2147483648 
4294967295 4294967295 4294967294 
4
0 7 0 
0 3 25165824 
4
402653184 16 0 
4160749568 0 0 
2
285212672 65536 0 
4177526784 0 0 
2
285212672 32 0 
4177526784 0 0 
2
201326592 16 0 
4227858432 0 0 
2
134250496 2048 0 
4294967295 4294967295 4294967294 
2
83886080 65536 0 
4244635648 0 0 
2
83886080 32 0 
4244635648 0 0 
2
67240192 0 0 
67503363 235142271 3246391296 
2
67239937 0 0 
67503107 235142271 3246391296 
2
67239936 33554432 0 
67503106 235142271 3246391296 
2
67239936 2048 0 
67503106 201587839 3246391296 
2
67239936 16 0 
4294704125 4093411231 4294967294 
2
42205184 0 0 
16580607 4294967295 4294967294 
2
41943040 16 0 
16317437 4093411231 4294967294 
2
38010880 0 0 
8191999 4294967295 4294967294 
2
37748736 16 0 
7928829 4093411231 4294967294 
2
35913728 0 0 
3997695 4294967295 4294967294 
2
35651584 16 0 
3734525 4093411231 4294967294 
2
17039360 65536 0 
4278648832 0 0 
2
17039360 32 0 
4278648832 0 0 
2
16778240 65536 0 
4278649856 0 0 
2
16778240 32 0 
4278649856 0 0 
2
16777218 65536 0 
4278649858 0 0 
2
16777218 32 0 
4278649858 0 0 
2
16777216 134283264 0 
4278649858 134217728 0 
2
16777216 134217760 0 
4278649858 134217728 0 
2
16777216 8208 0 
4278649858 201556080 0 
2
16777216 8200 0 
4278649858 201556088 0 
2
16777216 8196 0 
4278649858 201556092 0 
2
16777216 8194 0 
4278649858 201580670 0 
2
16777216 8193 0 
4278649858 201580671 25165824 
2
16777216 4112 0 
4278649858 201556080 0 
2
16777216 4104 0 
4278649858 201556088 0 
2
16777216 4100 0 
4278649858 201556092 0 
2
16777216 4098 0 
4278649858 201584766 0 
2
16777216 4097 0 
4278649858 201584767 25165824 
2
16777216 4096 2147483648 
4278649858 201584767 2172649472 
2
16777216 18 0 
4278649858 201556080 0 
2
16777216 17 0 
4278649858 201556080 0 
2
16777216 10 0 
4278649858 201556088 0 
2
16777216 9 0 
4278649858 201556088 0 
2
16777216 6 0 
4278649858 201556092 0 
2
16777216 5 0 
4278649858 201556092 0 
2
8388608 8208 0 
4287038466 201556080 0 
2
8388608 8200 0 
4287038466 201556088 0 
2
8388608 8196 0 
4287038466 201556092 0 
2
8388608 8194 0 
4287038466 201580670 0 
2
8388608 8193 0 
4287038466 201580671 25165824 
2
8388608 4112 0 
4287038466 201556080 0 
2
8388608 4104 0 
4287038466 201556088 0 
2
8388608 4100 0 
4287038466 201556092 0 
2
8388608 4098 0 
4287038466 201584766 0 
2
8388608 4097 0 
4287038466 201584767 25165824 
2
4194304 8208 0 
4291232770 201556080 0 
2
4194304 8200 0 
4291232770 201556088 0 
2
4194304 8196 0 
4291232770 201556092 0 
2
4194304 8194 0 
4291232770 201580670 0 
2
4194304 8193 0 
4291232770 201580671 25165824 
2
4194304 4112 0 
4291232770 201556080 0 
2
4194304 4104 0 
4291232770 201556088 0 
2
4194304 4100 0 
4291232770 201556092 0 
2
4194304 4098 0 
4291232770 201584766 0 
2
4194304 4097 0 
4291232770 201584767 25165824 
2
2097152 8208 0 
4293329922 201556080 0 
2
2097152 8200 0 
4293329922 201556088 0 
2
2097152 8196 0 
4293329922 201556092 0 
2
2097152 8194 0 
4293329922 201580670 0 
2
2097152 8193 0 
4293329922 201580671 25165824 
2
2097152 4112 0 
4293329922 201556080 0 
2
2097152 4104 0 
4293329922 201556088 0 
2
2097152 4100 0 
4293329922 201556092 0 
2
2097152 4098 0 
4293329922 201584766 0 
2
262144 134283264 0 
263170 134217728 0 
2
262144 134217760 0 
263170 134217728 0 
2
262144 8224 0 
4294967295 4294967295 4294967294 
2
262144 8208 0 
263170 201556080 0 
2
262144 8200 0 
263170 201556088 0 
2
262144 8196 0 
263170 201556092 0 
2
262144 8194 0 
263170 201580670 0 
2
262144 8193 0 
263170 201580671 25165824 
2
262144 4128 0 
4294967295 4294967295 4294967294 
2
262144 4112 0 
263170 201556080 0 
2
262144 4104 0 
263170 201556088 0 
2
262144 4100 0 
263170 201556092 0 
2
262144 4098 0 
263170 201584766 0 
2
262144 4097 0 
263170 201584767 25165824 
2
262144 4096 2147483648 
263170 201584767 2172649472 
2
262144 40 0 
263170 201556088 0 
2
262144 36 0 
263170 201556092 0 
2
262144 34 0 
4294967295 4294967295 4294967294 
2
262144 33 0 
4294967295 4294967295 4294967294 
2
262144 18 0 
263170 201556080 0 
2
262144 17 0 
263170 201556080 0 
2
262144 10 0 
263170 201556088 0 
2
262144 9 0 
263170 201556088 0 
2
262144 6 0 
263170 201556092 0 
2
262144 5 0 
263170 201556092 0 
2
1024 8224 0 
4294967295 4294967295 4294967294 
2
1024 8208 0 
1026 201556080 0 
2
1024 8200 0 
1026 201556088 0 
2
1024 8196 0 
1026 201556092 0 
2
1024 8194 0 
1026 201580670 0 
2
1024 8193 0 
1026 201580671 25165824 
2
1024 4128 0 
4294967295 4294967295 4294967294 
2
1024 4112 0 
1026 201556080 0 
2
1024 4104 0 
1026 201556088 0 
2
1024 4100 0 
1026 201556092 0 
2
1024 4098 0 
1026 201584766 0 
2
1024 4097 0 
1026 201584767 25165824 
2
1024 40 0 
1026 201556088 0 
2
1024 36 0 
1026 201556092 0 
2
1024 34 0 
4294967295 4294967295 4294967294 
2
1024 33 0 
4294967295 4294967295 4294967294 
2
268 0 0 
4294952707 235142271 3246391296 
2
264 1073741824 0 
4294952707 235142271 3246391296 
2
264 268435456 0 
4294952707 235142271 3246391296 
2
264 16777216 0 
4294952707 235142271 3246391296 
2
256 98304 0 
257 33815679 3246391296 
2
256 32800 0 
257 33619007 3246391296 
2
256 8194 0 
257 33569795 3246391296 
2
256 8193 0 
257 33569793 3221225472 
2
256 4098 0 
257 33561603 3246391296 
2
256 4097 0 
257 33561601 3221225472 
2
256 4096 2147483648 
257 33561600 3221225472 
2
136 16777216 0 
4294952835 235142271 3246391296 
2
72 16777216 0 
4294952899 235142271 3246391296 
2
40 16777216 0 
4294952931 3473144959 3246391296 
2
32 2097664 0 
0 3933056 1048575998 
2
32 2097152 536870912 
0 3932544 1048575998 
2
32 2097152 4194304 
0 3932544 511705086 
2
24 16777216 0 
4294952947 3473144959 3246391296 
2
16 2097664 0 
0 3933056 1048575998 
2
16 2097152 536870912 
0 3932544 1048575998 
2
16 2097152 4194304 
0 3932544 511705086 
2
2 8224 0 
4294967295 4294967295 4294967294 
2
2 8208 0 
2 201556080 0 
2
2 8200 0 
2 201556088 0 
2
2 8196 0 
2 201556092 0 
2
2 8194 0 
2 201580670 0 
2
2 8193 0 
2 201580671 25165824 
2
2 4128 0 
4294967295 4294967295 4294967294 
2
2 4112 0 
2 201556080 0 
2
2 4104 0 
2 201556088 0 
2
2 4100 0 
2 201556092 0 
2
2 4098 0 
2 201584766 0 
2
2 4097 0 
2 201584767 25165824 
2
2 40 0 
2 201556088 0 
2
2 36 0 
2 201556092 0 
2
2 34 0 
4294967295 4294967295 4294967294 
2
2 33 0 
4294967295 4294967295 4294967294 
2
1 98304 0 
1 33815679 3246391296 
2
1 32800 0 
1 33619007 3246391296 
2
1 8208 0 
4294967295 4261381104 1048575998 
2
1 8200 0 
4294967295 4261381112 1048575998 
2
1 8196 0 
4294967295 4261381116 1048575998 
2
1 8194 0 
4294967295 4261405694 1048575998 
2
1 8194 0 
1 33569795 3246391296 
2
1 8193 0 
4294967295 4261405695 1073741822 
2
1 8193 0 
1 33569793 3221225472 
2
1 4098 0 
1 33561603 3246391296 
2
1 4097 0 
1 33561601 3221225472 
2
1 4096 2147483648 
1 33561600 3221225472 
2
1 3 0 
0 3 25165824 
2
0 1075839488 0 
0 3933056 1048575998 
2
0 1075838976 536870912 
0 3932544 1048575998 
2
0 1075838976 4194304 
0 3932544 511705086 
2
0 555745280 0 
0 568328192 0 
2
0 134225952 0 
4294967295 4294967295 4294967294 
2
0 134225936 0 
0 201556080 0 
2
0 134225928 0 
0 201556088 0 
2
0 134225924 0 
0 201556092 0 
2
0 134225922 0 
0 201580670 0 
2
0 134225921 0 
0 201580671 25165824 
2
0 134221856 0 
4294967295 4294967295 4294967294 
2
0 134221840 0 
0 201556080 0 
2
0 134221832 0 
0 201556088 0 
2
0 134221828 0 
0 201556092 0 
2
0 134221826 0 
0 201584766 0 
2
0 134221825 0 
0 201584767 25165824 
2
0 134217768 0 
0 201556088 0 
2
0 134217764 0 
0 201556092 0 
2
0 134217762 0 
4294967295 4294967295 4294967294 
2
0 134217761 0 
4294967295 4294967295 4294967294 
2
0 33652736 0 
0 33815679 3246391296 
2
0 33587232 0 
0 33619007 3246391296 
2
0 33562640 0 
4294967295 4294935536 1048575998 
2
0 33562632 0 
4294967295 4294935544 1048575998 
2
0 33562628 0 
4294967295 4294935548 1048575998 
2
0 33562626 0 
4294967295 4294960126 1048575998 
2
0 33562626 0 
0 33569795 3246391296 
2
0 33562625 0 
4294967295 4294960127 1073741822 
2
0 33562625 0 
0 33569793 3221225472 
2
0 33558530 0 
0 33561603 3246391296 
2
0 33558529 0 
0 33561601 3221225472 
2
0 33558528 2147483648 
0 33561600 3221225472 
2
0 33554435 0 
0 3 25165824 
2
0 100352 0 
0 261247 3246391296 
2
0 34848 0 
0 64575 3246391296 
2
0 10242 0 
0 15363 3246391296 
2
0 10241 0 
0 3073 3221225472 
2
0 10240 2147483648 
0 3072 3221225472 
2
0 8210 0 
0 24606 0 
2
0 8209 0 
0 24607 25165824 
2
0 8208 2147483648 
4294967295 4294967295 4294967294 
2
0 8202 0 
0 24590 0 
2
0 8201 0 
0 24591 25165824 
2
0 6146 0 
0 7171 3246391296 
2
0 6145 0 
0 3073 3221225472 
2
0 6144 2147483648 
0 3072 3221225472 
2
0 4114 0 
0 28702 0 
2
0 4113 0 
0 28703 25165824 
2
0 4112 2147483648 
0 28703 2172649472 
2
0 4106 0 
0 28686 0 
2
0 4105 0 
0 28687 25165824 
2
0 4102 0 
0 28678 0 
2
0 4101 0 
0 28679 25165824 
2
0 2051 0 
0 3 25165824 
2
0 19 0 
0 3 25165824 
2
0 18 2147483648 
4294967295 4294967295 4294967294 
2
0 17 2147483648 
4294967295 4294967295 4294967294 
2
0 11 0 
0 3 25165824 
2
